Genome	A5-S03.filter Relative Abundance (%)	A5-S04.filter Relative Abundance (%)	KW1-S05.filter Relative Abundance (%)	KW1-S08.filter Relative Abundance (%)	KW1-S11.filter Relative Abundance (%)	KW1-S15.filter Relative Abundance (%)	KW1-S21.filter Relative Abundance (%)	average
A5-S03_100	0.57776	0.48017585	0.5033317	0.6040333	0.5783879	0.44134888	0.46090117	0.5208484
A5-S03_104	0.8694403	1.0984715	1.0797268	0.88023	0.93311554	0.92342144	0.96492136	0.964189563
A5-S03_121	0.2445711	0.21768486	0.23280251	0.28487763	0.31607476	0.24138373	0.25440985	0.255972063
A5-S03_147	0.42380244	0.27901724	0.3061664	0.30189672	0.30669034	0.3233694	0.2588819	0.314260634
A5-S03_156	0.387998	0.28749594	0.2770684	0.29395497	0.25562996	0.271481	0.2863046	0.294276124
A5-S03_163	1.110148	0.5879673	0.66629887	0.40452296	0.3531908	0.45127705	0.49449837	0.58112905
A5-S03_18	0.30134678	0.23754625	0.23315963	0.24898437	0.2820733	0.25866428	0.26200417	0.260539826
A5-S03_23	0.13451368	0.07925772	0.066838905	0.062838115	0.053977594	0.060564145	0.06023763	0.074032541
A5-S03_29	5.8827276	6.507234	5.7480974	5.8687954	5.3497076	5.818229	6.2155337	5.912903529
A5-S03_30	3.5329807	1.9546727	1.8055236	2.20104	1.8675936	2.4856732	2.3976064	2.320727171
A5-S03_33	0.44615948	0.15057637	0.26901254	0.17631894	0.1191727	0.13817644	0.18613438	0.21222155
A5-S03_47	1.2609799	0.7626375	0.8690723	1.3317374	0.9883705	1.1698723	0.9396022	1.046038871
A5-S03_4	0.545823	0.3021846	0.35679564	0.5054794	0.47538063	0.36179802	0.34631428	0.41339651
A5-S03_68	3.8319275	4.7352314	4.434351	4.458452	4.6638327	4.298455	4.6614795	4.440532729
A5-S03_6	0.31957462	0.3265196	0.336084	0.36774698	0.35977995	0.35921353	0.35901374	0.346847489
A5-S03_71	0.97671086	1.5576752	1.2944784	0.57927674	1.4148585	1.3759817	1.4606118	1.237084743
A5-S03_93	0.39903024	0.3823594	0.3323183	0.5176998	0.601563	0.4022085	0.45770422	0.441840494
A5-S04_105	0.37866622	0.16216426	0.25209174	0.16944051	0.109751135	0.12607127	0.1780552	0.196605762
A5-S04_112	0.17241485	0.28440264	0.13922201	0.1531514	0.16505645	0.18115963	0.21087088	0.186611123
A5-S04_114	0.6787048	0.56132835	0.58414125	0.6351398	0.5956551	0.8215296	0.6388216	0.645045786
A5-S04_119	0.7972721	1.1011086	1.0492328	0.85013473	0.89784944	0.88211584	0.9307362	0.92977853
A5-S04_125	0.86653864	1.0963846	1.0217347	1.0281383	0.8488029	0.6976825	0.8478488	0.915304349
A5-S04_131	0.21289857	0.25238279	0.24050651	0.29700068	0.33279344	0.25420657	0.2685901	0.265482666
A5-S04_136	0.33017576	0.2606726	0.3208962	0.30874574	0.16096759	0.41267803	0.32664216	0.302968297
A5-S04_155	0.51518816	0.4760609	0.47487855	0.56669605	0.53952086	0.41576737	0.43363076	0.488820379
A5-S04_187	0.2878117	0.32976764	0.34503376	0.30986056	0.2648239	0.3324952	0.31092936	0.311531731
A5-S04_18	0.18704723	0.1969852	0.107938625	0.2702241	0.27332163	0.20054625	0.16163662	0.199671379
A5-S04_200	1.0330553	0.73253274	0.76576716	1.2183487	0.9290571	1.0709229	0.8655369	0.945031543
A5-S04_220	0.257189	0.24968435	0.3039751	0.21701078	0.26240823	0.22449067	0.21424617	0.247000614
A5-S04_226	0.23653142	0.26104856	0.24884832	0.42090034	0.282139	0.21110412	0.24569039	0.272323164
A5-S04_22	0.48789605	0.32462722	0.35254905	0.5002936	0.46748883	0.35061806	0.33671477	0.40288394
A5-S04_30	0.82427806	0.5784579	1.0058987	0.74586153	0.72031575	0.97981226	0.8409013	0.8136465
A5-S04_33	0.33921912	0.3429275	0.28774244	0.34099457	0.29613382	0.28958824	0.31896564	0.31651019
A5-S04_70	0.17793983	0.23337135	0.1712865	0.12001209	0.113610245	0.108355425	0.11717075	0.148820884
A5-S04_75	0.34511808	0.28950855	0.29100323	0.28203854	0.2915653	0.30186197	0.2322137	0.290472767
A5-S04_77	0.088275306	0.11003731	0.068334155	0.062051997	0.053978536	0.06126754	0.061531357	0.072210886
A5-S04_79	0.29582983	0.41776657	0.33623314	0.23313773	0.30152103	0.3073918	0.3383753	0.318607914
A5-S04_85	0.18358801	0.265565	0.20219232	0.22849661	0.28237066	0.21123213	0.26163012	0.233582121
A5-S04_95	0.2340838	0.24021263	0.26750746	0.27306807	0.16372271	0.29672784	0.26721895	0.248934494
KW1-S05_108	0.36772263	0.31056675	0.5068632	0.115716316	0.2177014	0.16339839	0.26352948	0.277928309
KW1-S05_110	0.20252599	0.2292439	0.27192634	0.23005171	0.1490778	0.22951844	0.17873834	0.213011789
KW1-S05_112	0.3066065	0.29273102	0.35167006	0.28909084	0.27565518	0.3564737	0.30407125	0.310899793
KW1-S05_124	0.27860993	0.3423586	0.31750977	0.2466287	0.22480115	0.3325417	0.31734163	0.294255926
KW1-S05_126	0.27035508	0.27060717	0.30945656	0.33922568	0.37323734	0.29853588	0.3184323	0.311407144
KW1-S05_127	0.8124459	1.0518148	1.0579453	0.8499751	0.88563263	0.8819138	0.92457235	0.923471411
KW1-S05_12	0.46903202	0.4931097	0.5569242	0.5745706	0.4991991	0.4771124	0.4925607	0.508929817
KW1-S05_141	0.0926923	0.08356217	0.105790876	0.06638426	0.05700915	0.06515747	0.06576007	0.076622328
KW1-S05_148	0.51426715	0.30906895	0.3994516	0.5271721	0.49400994	0.37679306	0.3579624	0.425532171
KW1-S05_43	0.25173032	0.2819145	0.26882797	0.19153939	0.18690708	0.23205975	0.23381896	0.235256853
KW1-S05_45	5.095045	4.473072	4.4158983	5.7689133	7.863565	3.5732753	4.910557	5.157189414
KW1-S05_53	0.22666214	0.16350482	0.27657443	0.09737743	0.11167709	0.13399276	0.1261937	0.162283196
KW1-S05_58	0.33649775	0.22259308	0.26986077	0.19161393	0.1861803	0.2126223	0.19631109	0.230811317
KW1-S05_59	0.31144923	0.24013266	0.3029158	0.25996155	0.27019215	0.2750394	0.21088238	0.267224739
KW1-S05_77	0.38069046	0.14219314	0.28753787	0.1698665	0.11142258	0.12966844	0.17921205	0.200084434
KW1-S05_81	0.7670844	0.5459378	0.6389431	0.8009035	0.8198914	0.987818	0.9151974	0.782253657
KW1-S05_82	1.9558262	2.3219547	1.9339031	1.5896658	1.9599713	1.8801017	1.9411739	1.940370957
KW1-S05_85	0.3839833	0.3436141	0.35343856	0.36190075	0.3242102	0.32743445	0.3497734	0.349193537
KW1-S08_121	0.4449169	0.8256475	0.7964056	0.27137583	0.4281206	0.40455973	0.42090976	0.513133703
KW1-S08_122	1.2503035	1.538662	1.4003835	1.4932003	1.688434	1.4296178	1.4373789	1.462568571
KW1-S08_123	5.222778	7.746287	7.9740396	5.1235657	4.540858	6.5823064	6.2280426	6.2025539
KW1-S08_128	1.0846334	0.73052615	0.80560017	1.3266847	0.9904673	1.13293	0.91417235	0.997859153
KW1-S08_12	0.45934194	0.4397559	0.39775315	0.5229232	0.43915933	0.412763	0.45569173	0.44676975
KW1-S08_133	0.2695716	0.23599115	0.23852438	0.5520318	0.47294894	0.44837114	0.3727956	0.370033516
KW1-S08_134	0.2823356	0.1520934	0.23344313	0.2930955	0.27521414	0.27460536	0.2750176	0.255114961
KW1-S08_144	0.112279944	0.18397062	0.12371027	0.21598145	0.10675749	0.111624286	0.12378053	0.139729227
KW1-S08_155	6.069227	6.7567296	5.929433	6.1677475	5.5633297	6.04711	6.5158234	6.149914314
KW1-S08_174	0.09760656	0.08924852	0.10296707	0.10976452	0.08555585	0.08354991	0.075932525	0.092089279
KW1-S08_17	0.19310246	0.11404246	0.12774728	0.18969849	0.16634066	0.16539265	0.15782937	0.159164767
KW1-S08_186	0.6013543	0.56917936	0.56993514	0.7086735	0.6433767	0.54258734	0.55899316	0.599157071
KW1-S08_192	0.27555007	0.2388801	0.25764498	0.2891352	0.39959905	0.19654246	0.24338175	0.271533373
KW1-S08_198	0.39077318	0.39075753	0.34329906	0.42400184	0.40014014	0.35347012	0.41993442	0.388910899
KW1-S08_200	0.23972687	0.2515076	0.26397914	0.346281	0.36336774	0.28574693	0.2974705	0.292582826
KW1-S08_208	0.2415491	0.16614896	0.21345182	0.26883873	0.14248954	0.2774872	0.18128474	0.213035727
KW1-S08_213	0.22834416	0.2572886	0.24735914	0.30203402	0.20710921	0.24803703	0.20296177	0.241876276
KW1-S08_222	0.14407589	0.124923244	0.12434752	0.17326693	0.20055316	0.15308093	0.13328363	0.150504472
KW1-S08_226	0.4804963	0.2832254	0.34733897	0.53750944	0.47317928	0.35539612	0.340433	0.402511216
KW1-S08_227	0.44127753	0.37460184	0.43830192	0.7146412	0.43635792	0.34502816	0.30679527	0.436714834
KW1-S08_229	0.08387581	0.07410124	0.06298022	0.09418248	0.054241426	0.066106915	0.06238881	0.071125272
KW1-S08_233	0.10918186	0.0942494	0.108563736	0.13585503	0.0730459	0.10571879	0.10223512	0.104121405
KW1-S08_236	0.18342502	0.17496613	0.21127656	0.29410607	0.21358384	0.22276829	0.24332263	0.220492649
KW1-S08_237	0.1982396	0.17634538	0.16330193	0.25019422	0.1743039	0.22176342	0.23708737	0.203033689
KW1-S08_242	0.17671795	0.19621886	0.1717913	0.16081443	0.1205203	0.11022213	0.121436246	0.151103031
KW1-S08_24	0.13857538	0.11764461	0.11910918	0.21548557	0.20039184	0.12687814	0.13334608	0.1502044
KW1-S08_251	0.19203326	0.25367582	0.26311833	0.19824827	0.18861718	0.21238537	0.22417812	0.218893764
KW1-S08_268	0.7245771	1.0570936	1.0015868	0.88280666	0.8246662	1.0614111	0.9361432	0.926897809
KW1-S08_280	0.25120348	0.29946795	0.24598837	0.2250048	0.19049083	0.24082887	0.24399878	0.242426154
KW1-S08_28	0.18381815	0.13140261	0.1615615	0.2499065	0.21403597	0.14763904	0.16494904	0.179044687
KW1-S08_30	0.33759737	0.24002609	0.33092555	0.35721287	0.17231296	0.44191238	0.34852743	0.318359236
KW1-S08_46	0.14742285	0.11233246	0.13508996	0.16020612	0.13552585	0.12602544	0.1303862	0.135284126
KW1-S08_62	0.39879912	0.1520251	0.2735779	0.21596043	0.13158125	0.15443432	0.19868615	0.217866324
KW1-S08_89	0.34473354	0.1933796	0.25025326	0.26474136	0.22870265	0.24045639	0.2720528	0.256331371
KW1-S11_103	0.1970334	0.25015846	0.22990087	0.25128368	0.28638092	0.18676443	0.23942974	0.234421643
KW1-S11_109	0.49211127	0.28936768	0.35164568	0.51942843	0.52031296	0.36834922	0.34963685	0.41297887
KW1-S11_120	0.2766616	0.25762597	0.2521581	0.34673834	0.44229016	0.40572292	0.44247857	0.34623938
KW1-S11_124	0.34617233	0.12235012	0.22903502	0.1694985	0.14761946	0.13435064	0.17781287	0.18954842
KW1-S11_125	0.2901588	0.25406846	0.32906088	0.24877709	0.31911588	0.2604056	0.24833351	0.278560031
KW1-S11_145	0.13018058	0.112052016	0.113568254	0.18199219	0.3059988	0.18363778	0.17707272	0.172071763
KW1-S11_146	2.6509612	2.696246	2.7926278	2.4267924	2.8585665	2.737992	2.940885	2.729152986
KW1-S11_156	0.19935282	0.18114895	0.11463298	0.31508946	0.38173482	0.2352056	0.18537052	0.230362164
KW1-S11_157	0.24732628	0.16974442	0.22066902	0.24668412	0.18582064	0.28789404	0.19278483	0.221560479
KW1-S11_15	0.0870987	0.0790362	0.06870844	0.06982465	0.09291431	0.068455175	0.06693155	0.076138432
KW1-S11_163	0.2519558	0.2585683	0.2748183	0.3395444	0.41799572	0.2958178	0.3102003	0.306985803
KW1-S11_176	0.49943948	0.44169113	0.46453723	0.5747049	0.5754685	0.4344653	0.4419147	0.49031732
KW1-S11_179	0.27755842	0.2648611	0.28473473	0.49200705	0.37146237	0.26448357	0.29463822	0.321392209
KW1-S11_180	0.33481494	0.35606438	0.30533433	0.4979385	0.61899376	0.3928385	0.44295645	0.421277266
KW1-S11_18	3.6040578	4.382194	4.1209183	4.2255616	4.4940467	4.110628	4.4009843	4.191198671
KW1-S11_190	0.38678902	0.2850589	0.31394613	0.31113663	0.39449915	0.23121482	0.26539585	0.312577214
KW1-S11_24	0.28514856	0.3520631	0.28416657	0.25579965	0.285268	0.3471383	0.32990313	0.305641044
KW1-S11_42	0.37546673	0.28721675	0.3128892	0.3272894	0.36339563	0.35049975	0.27688143	0.327662699
KW1-S11_65	0.16217591	0.13966529	0.13901947	0.1428867	0.25861862	0.1528936	0.13782921	0.161869829
KW1-S11_81	0.464726	0.49726745	0.52094346	0.6019524	0.5484697	0.5031712	0.51436734	0.521556793
KW1-S11_87	0.2572582	0.26174235	0.23996615	0.34095645	0.53583807	0.36774263	0.34523532	0.335534167
KW1-S11_89	0.09501189	0.084229514	0.1004985	0.07745015	0.12925176	0.090278044	0.07804841	0.093538324
KW1-S11_99	0.17156774	0.099735565	0.11065801	0.13775533	0.19482313	0.155168	0.14171955	0.144489618
KW1-S15_112	0.20178336	0.16669856	0.1884018	0.18768711	0.23028366	0.22444013	0.16900532	0.19547142
KW1-S15_114	0.07720008	0.11035668	0.077788465	0.094912425	0.058379695	0.53847057	0.10356002	0.151523991
KW1-S15_115	0.14835902	0.19808526	0.17692305	0.1621556	0.17737626	0.24646148	0.20752288	0.188126221
KW1-S15_117	0.09044165	0.081964865	0.06970621	0.07328703	0.060105465	0.1022837	0.06883068	0.078088514
KW1-S15_126	0.70282507	0.93870646	0.9253783	0.77155507	0.8031322	0.83067167	0.8443872	0.830950853
KW1-S15_132	0.11418711	0.09660206	0.093856096	0.16811214	0.1475579	0.20421979	0.15199152	0.139503802
KW1-S15_135	0.36827174	0.24527174	0.27449435	0.16977444	0.12140171	0.2091839	0.18457355	0.224710204
KW1-S15_137	0.25352722	0.14657971	0.21120831	0.2259219	0.18724152	0.305557	0.19313587	0.217595933
KW1-S15_144	0.53245825	0.5246418	0.50910556	0.84834677	0.5542015	0.9653591	0.75915575	0.670466961
KW1-S15_149	0.17384842	0.13563742	0.1545558	0.15379544	0.15910056	0.18705085	0.1561133	0.160014541
KW1-S15_14	0.20321421	0.18244289	0.1690879	0.21948433	0.17787494	0.25788435	0.2427737	0.207537474
KW1-S15_162	0.3241382	0.25066498	0.28198546	0.28454986	0.29594934	0.3395136	0.23291402	0.287102209
KW1-S15_16	0.42032492	0.45973998	0.47483552	0.56228775	0.48494503	0.49887365	0.4837451	0.483535993
KW1-S15_183	0.09663269	0.086236686	0.10529993	0.088160336	0.10417797	0.14349283	0.09049455	0.102070713
KW1-S15_187	0.30495813	0.2975525	0.29276642	0.30947343	0.3490524	0.35860077	0.3299403	0.32033485
KW1-S15_188	0.65599644	0.9574729	0.90929174	0.74791557	0.7276001	1.0285641	0.8254584	0.83604275
KW1-S15_197	0.41948617	0.43909	0.45846814	0.48889005	0.47154427	0.499549	0.4756383	0.464666561
KW1-S15_200	0.1938511	0.13430838	0.16527939	0.18383233	0.2776684	0.24248196	0.19022518	0.198235249
KW1-S15_211	0.13933903	0.07337501	0.09013066	0.17875351	0.18243477	0.21974424	0.17922744	0.151857809
KW1-S15_215	0.1262726	0.10481379	0.12636653	0.118412785	0.09399148	0.17843263	0.12725976	0.125078511
KW1-S15_218	0.37449366	0.27881396	0.2936283	0.19157292	0.1602844	0.24893148	0.23113598	0.254122957
KW1-S15_227	0.22800398	0.15777272	0.20914516	0.23508705	0.14004637	0.3043285	0.17569406	0.207153977
KW1-S15_234	0.41549084	0.15651171	0.2855716	0.20267896	0.13824187	0.19071876	0.21350428	0.228959717
KW1-S15_23	0.15154803	0.13680704	0.17298977	0.18731236	0.13969302	0.42922008	0.10538726	0.188993937
KW1-S15_262	1.0353649	1.5260459	1.392922	1.0071567	1.3433207	1.2480806	1.4420952	1.284998
KW1-S15_266	0.5198912	0.30483156	0.37170967	0.5405942	0.5106628	0.42595583	0.3735694	0.43531638
KW1-S15_267	0.18615343	0.2169051	0.2147917	0.12694232	0.1498627	0.2128091	0.17506972	0.183219153
KW1-S15_279	0.20597526	0.24968213	0.27829275	0.23677085	0.2845767	0.3197828	0.2346067	0.258526741
KW1-S15_293	2.3253827	3.128922	3.0632224	2.033133	2.1727822	2.6217637	2.6005394	2.563677914
KW1-S15_2	0.21481758	0.17842112	0.25601903	0.33855182	0.2763833	0.2642481	0.28327847	0.25881706
KW1-S15_306	0.25412205	0.19991174	0.22775866	0.28619304	0.3686405	0.3063279	0.25993952	0.271841916
KW1-S15_31	0.2259572	0.23741122	0.25217116	0.31771368	0.35820404	0.300117	0.28966838	0.283034669
KW1-S15_41	0.21954311	0.26197314	0.21360193	0.17304093	0.16601476	0.23651493	0.21619478	0.21241194
KW1-S15_72	0.29973835	0.35648838	0.31234795	0.3408062	0.25376368	0.2545052	0.35103247	0.309811747
KW1-S15_75	0.2712048	0.23870866	0.3099124	0.24005112	0.2785456	0.28299314	0.2430136	0.266347046
KW1-S15_8	0.49749678	0.45121816	0.46854025	0.5682642	0.5521924	0.51579285	0.47342718	0.503847403
KW1-S15_96	0.1953013	0.23739615	0.21945196	0.15400976	0.1942898	0.29286534	0.19012372	0.211919719
KW1-S15_97	0.04042754	0.022630813	0.025498355	0.012555765	0.009694494	0.19985761	0.015201412	0.046552284
KW1-S15_98	0.33421156	0.297827	0.2793647	0.32212472	0.2869227	0.31825075	0.31415623	0.307551094
KW1-S21_104	0.19883707	0.17785054	0.16415536	0.21845798	0.17292443	0.22255307	0.27583057	0.204372717
KW1-S21_115	0.411416	0.3816186	0.3533505	0.4261208	0.3823413	0.38146198	0.4318595	0.395452669
KW1-S21_123	0.16585787	0.20901845	0.1297861	0.1414759	0.16935854	0.2159996	0.25420472	0.183671597
KW1-S21_138	0.53856736	0.49089044	0.5129528	0.60802966	0.5894841	0.5031783	0.52954715	0.538949973
KW1-S21_141	0.6218617	0.4669969	0.46551657	0.7453048	0.96121514	0.7310553	0.5938716	0.65511743
KW1-S21_144	0.08798149	0.08080286	0.069258474	0.069017835	0.058615573	0.069153085	0.09427575	0.075586438
KW1-S21_160	0.093004145	0.0838222	0.097228795	0.07323379	0.085979946	0.08481977	0.103892885	0.088854504
KW1-S21_168	0.22370717	0.13814907	0.19500199	0.18937115	0.20802152	0.20883374	0.22126865	0.197764756
KW1-S21_174	0.24787453	0.25544807	0.26989236	0.33645704	0.3719172	0.2906835	0.3290975	0.300195743
KW1-S21_189	0.17359546	0.09899131	0.14673796	0.16039516	0.124972045	0.18837799	0.16209725	0.150738168
KW1-S21_193	0.61123455	0.5713946	0.6368594	0.62745565	0.57258415	0.791146	0.60302967	0.630529146
KW1-S21_196	0.4233795	0.45075357	0.4681761	0.51091665	0.49360362	0.50080264	0.51692307	0.480650736
KW1-S21_197	0.35321832	0.33310884	0.35751632	0.33991826	0.33626902	0.4389383	0.38798845	0.363851073
KW1-S21_231	0.30615628	0.22881816	0.21430503	0.18927272	0.18986712	0.20639072	0.24049088	0.225042987
KW1-S21_238	0.4274211	0.4656164	0.48133558	0.5662518	0.48949862	0.47347912	0.50274956	0.48662174
KW1-S21_242	0.39528933	0.2569062	0.2916804	0.16842571	0.11531862	0.1745635	0.21965799	0.231691679
KW1-S21_260	0.45060873	0.17687185	0.31303945	0.20891535	0.14080998	0.1710166	0.24416444	0.243632343
KW1-S21_271	0.47421342	0.2830423	0.34113798	0.49886844	0.47135273	0.36472037	0.36703864	0.400053411
KW1-S21_27	0.15640786	0.12378298	0.14555658	0.13865119	0.14714122	0.1391586	0.1702947	0.145856161
KW1-S21_28	0.90203786	0.5756147	0.670801	0.3206727	0.23387034	0.3009797	0.39758614	0.485937491
KW1-S21_32	0.2890917	0.27305722	0.25509173	0.3754766	0.4851704	0.3875784	0.40011913	0.352226454
KW1-S21_52	0.18151261	0.19934408	0.17813818	0.13027093	0.121853314	0.11436753	0.1583545	0.154834449
KW1-S21_6	0.69261694	0.9061429	0.89974153	0.7467936	0.78943473	0.7782469	0.8397753	0.807535986
KW1-S21_73	0.118805654	0.09635411	0.11685843	0.103990585	0.07727241	0.11928154	0.14084296	0.110486527
KW1-S21_82	0.26315752	0.22051673	0.2947399	0.22172526	0.2606851	0.23302796	0.23915946	0.247573133
KW1-S21_85	0.36903515	0.49030343	0.44650653	0.50722873	0.54545754	0.41020605	0.53062886	0.471338041
