#                                                                            --- full sequence --- -------------- this domain -------------   hmm coord   ali coord   env coord
# target name        accession   tlen query name           accession   qlen   E-value  score  bias   #  of  c-Evalue  i-Evalue  score  bias  from    to  from    to  from    to  acc description of target
#------------------- ---------- ----- -------------------- ---------- ----- --------- ------ ----- --- --- --------- --------- ------ ----- ----- ----- ----- ----- ----- ----- ---- ---------------------
CE1.hmm              -            227 A5-S04_114_cg1_5     -            370   1.4e-34  115.1   0.0   1   1   3.2e-37     2e-34  114.6   0.0     7   208    33   350    30   362 0.86 -
GT51.hmm             -            177 A5-S04_114_cg3_28    -            936   2.7e-67  220.9   0.0   1   1   6.2e-70     4e-67  220.4   0.0     1   176    59   234    59   235 0.99 -
GH23.hmm             -            135 A5-S04_114_cg7_16    -            178   5.5e-21   70.8   0.0   1   1   1.4e-23   9.1e-21   70.1   0.0    11   120    71   169    61   176 0.90 -
AA7.hmm              -            458 A5-S04_114_cg12_13   -            251   6.7e-15   50.9   0.0   1   1   2.4e-15   1.5e-12   43.1   0.0   179   457     2   245     1   246 0.73 -
GT9.hmm              -            225 A5-S04_114_cg13_61   -            345   8.5e-53  174.8   0.0   1   1   1.7e-55   1.1e-52  174.5   0.0     2   221    74   318    73   322 0.87 -
GT9.hmm              -            225 A5-S04_114_cg13_63   -            361   2.5e-47  157.0   0.0   1   1     5e-50   3.2e-47  156.6   0.0     3   203    76   305    74   322 0.86 -
CBM50.hmm            -             40 A5-S04_114_cg13_66   -            724   5.8e-36  118.0   0.4   1   1   1.6e-15     5e-13   44.5   0.0     1    40   391   434   391   434 0.91 -
GH23.hmm             -            135 A5-S04_114_cg13_66   -            724   1.2e-17   60.0   0.0   1   1   1.1e-19   3.4e-17   58.5   0.0     9   122   157   269   150   290 0.80 -
CBM50.hmm            -             40 A5-S04_114_cg17_4    -            227   7.9e-15   50.3   0.3   1   1   7.1e-17   4.6e-14   47.9   0.1     1    39    32    74    32    75 0.92 -
GH3.hmm              -            216 A5-S04_114_cg17_30   -            343     4e-49  162.4   0.0   1   1   8.1e-52   5.2e-49  162.0   0.0     4   215    45   274    42   275 0.92 -
GT51.hmm             -            177 A5-S04_114_cg23_1    -            839   1.1e-66  218.9   0.0   1   1   2.5e-69   1.6e-66  218.4   0.0     1   176    54   229    54   230 0.99 -
AA6.hmm              -            195 A5-S04_114_cg24_4    -            202   1.8e-67  221.9   0.0   1   1   3.2e-70     2e-67  221.7   0.0     2   193     4   192     3   194 0.96 -
AA12.hmm             -            401 A5-S04_114_cg36_14   -            422   3.7e-24   80.3   0.0   1   1   1.2e-26     8e-24   79.2   0.0    10   399    23   415    16   417 0.79 -
GT9.hmm              -            225 A5-S04_114_cg50_5    -            323   4.2e-39  130.0   0.1   1   1   7.7e-42   4.9e-39  129.8   0.1     3   203    70   306    68   322 0.81 -
AA4.hmm              -            522 A5-S04_114_cg55_4    -            525   5.6e-34  112.9   0.0   1   1   5.8e-35   1.9e-32  107.9   0.0    14   248     6   238     2   249 0.86 -
AA7.hmm              -            458 A5-S04_114_cg55_4    -            525   3.1e-27   91.6   0.0   1   1   2.2e-28     7e-26   87.1   0.0    10   149    38   183    33   188 0.92 -
AA1.hmm              -            943 A5-S04_114_cg64_5    -            590   1.8e-78  260.0   7.8   1   2   1.2e-61   1.9e-59  197.1   1.7   453   677    81   348    53   377 0.87 -
AA1.hmm              -            943 A5-S04_114_cg64_5    -            590   1.8e-78  260.0   7.8   2   2   2.8e-22   4.5e-20   66.8   0.5   461   546   500   588   426   589 0.86 -
AA1_2.hmm            -            337 A5-S04_114_cg64_5    -            590   5.7e-56  185.2   1.5   1   1   1.4e-50   2.3e-48  160.2   0.1     4   229    80   345    77   367 0.90 -
AA1_3.hmm            -            312 A5-S04_114_cg64_5    -            590   2.8e-55  182.9   3.2   1   1   1.6e-51   2.6e-49  163.3   0.2     7   268    53   346    48   359 0.87 -
AA1_1.hmm            -            303 A5-S04_114_cg64_5    -            590   4.7e-38  126.3   0.7   1   1   7.3e-27   1.2e-24   82.3   0.1     4   165    74   222    71   262 0.87 -
AA4.hmm              -            522 A5-S04_114_cg65_29   -            478   1.6e-18   61.9   0.0   1   1   1.2e-17     8e-15   49.7   0.0    56   191    46   185    25   206 0.87 -
GT2_Glycos_transf_2.hmm PF00535.25   170 A5-S04_114_cg69_12   -            242   3.4e-28   93.9   0.0   1   1   6.9e-31   4.4e-28   93.5   0.0     1   130     4   131     4   162 0.87 Glycosyl transferase family 2
GH23.hmm             -            135 A5-S04_114_cg79_2    -            477   7.4e-25   83.3   0.9   1   1   5.1e-27   3.2e-24   81.3   0.3    15   124   302   450   287   458 0.93 -
GT2_Glyco_tranf_2_3.hmm PF13641.5    230 A5-S04_114_cg100_2   -            382   2.1e-24   82.0   0.1   1   1   9.1e-27   2.9e-24   81.5   0.1     3   226    49   272    48   276 0.83 Glycosyltransferase like family 2
GT2_Glycos_transf_2.hmm PF00535.25   170 A5-S04_114_cg100_2   -            382   3.1e-19   64.7   0.0   1   1   1.3e-21   4.1e-19   64.3   0.0     1   170    51   220    51   220 0.95 Glycosyl transferase family 2
CE3.hmm              -            194 A5-S04_114_cg102_3   -            223   1.3e-17   59.6   0.1   1   1   1.9e-19   1.2e-16   56.5   0.1     4   184    31   193    29   203 0.90 -
AA12.hmm             -            401 A5-S04_114_cg104_14  -            370   9.7e-18   59.2   0.0   1   1   7.7e-16   4.9e-13   43.7   0.0   185   399   182   360   174   362 0.74 -
CE4.hmm              -            130 A5-S04_114_cg108_3   -            347   3.2e-26   87.3   0.2   1   1   8.5e-29   5.4e-26   86.6   0.2     4   123    79   213    76   218 0.86 -
GH73.hmm             -            128 A5-S04_114_cg108_4   -            346   5.7e-17   57.7   0.0   1   1   1.6e-19     1e-16   56.8   0.0    12   127   168   293   162   294 0.80 -
CE1.hmm              -            227 A5-S04_114_cg114_1   -            159     2e-25   85.1   0.0   1   1   3.6e-28   2.3e-25   84.9   0.0   103   224     1   138     1   141 0.82 -
GT2_Glyco_tranf_2_3.hmm PF13641.5    230 A5-S04_114_cg133_4   -            343   2.5e-23   78.5   0.1   1   1   1.9e-25     4e-23   77.8   0.1     3   215    25   218    23   234 0.86 Glycosyltransferase like family 2
GT2_Glycos_transf_2.hmm PF00535.25   170 A5-S04_114_cg133_4   -            343     3e-19   64.7   0.0   1   1   3.5e-21   7.5e-19   63.5   0.0     1   129    27   144    27   179 0.84 Glycosyl transferase family 2
GT28.hmm             -            157 A5-S04_114_cg134_6   -            362   1.8e-50  166.0   1.1   1   1   2.9e-53   1.9e-50  166.0   0.2     2   157   186   346   185   346 0.97 -
GT2_Glycos_transf_2.hmm PF00535.25   170 A5-S04_114_cg144_2   -            230   7.5e-25   83.0   0.0   1   1   1.4e-27   9.1e-25   82.7   0.0     1   130     4   128     4   164 0.84 Glycosyl transferase family 2
CE1.hmm              -            227 A5-S04_114_cg145_2   -            317   3.5e-39  130.2   0.0   1   1   6.7e-42   4.3e-39  129.9   0.0     1   202    58   278    58   300 0.75 -
GH23.hmm             -            135 A5-S04_114_cg147_9   -            533   1.9e-24   82.0   2.1   1   1   4.8e-27   3.1e-24   81.3   2.1    15   125   368   507   359   517 0.93 -
CE10.hmm             -            341 A5-S04_114_cg156_2   -            379     1e-54  181.7   0.4   1   1   2.1e-57   1.3e-54  181.3   0.4    11   334    57   363    45   366 0.84 -
GH103.hmm            -            295 A5-S04_114_cg161_4   -            352   5.5e-92  303.3   0.0   1   1   1.1e-94     7e-92  302.9   0.0    10   291    44   326    36   329 0.94 -
AA7.hmm              -            458 A5-S04_114_cg165_5   -            502   3.2e-94  312.4   2.7   1   1   2.2e-89   1.4e-86  287.2   0.8     3   364    78   433    76   459 0.93 -
CE11.hmm             -            271 A5-S04_114_cg167_3   -            304  3.6e-116  382.5   0.0   1   1  6.3e-119  4.1e-116  382.3   0.0     1   270     4   275     4   276 0.99 -
CE4.hmm              -            130 A5-S04_114_cg177_5   -            229   4.7e-16   54.5   0.0   1   1   1.4e-18   9.3e-16   53.5   0.0    26   121     6   100     2   109 0.85 -
GT51.hmm             -            177 A5-S04_114_cg184_3   -            248   3.7e-52  171.7   0.0   1   1   7.4e-55   4.8e-52  171.3   0.0    13   175    71   232    64   234 0.98 -
GT19.hmm             -            354 A5-S04_114_cg185_22  -            393  1.4e-123  407.3   0.0   1   1  2.6e-126  1.6e-123  407.1   0.0     1   353     4   362     4   363 0.97 -
GT41.hmm             -            705 A5-S04_114_cg199_2   -            419   1.4e-33  111.6   5.4   1   2   1.8e-15   1.2e-12   42.5   0.0   124   191    98   165    96   167 0.92 -
GT41.hmm             -            705 A5-S04_114_cg199_2   -            419   1.4e-33  111.6   5.4   2   2   2.2e-15   1.4e-12   42.2   1.8   122   191   164   233   162   287 0.90 -
AA4.hmm              -            522 A5-S04_114_cg204_8   -            466   3.5e-19   64.1   0.2   1   1   3.7e-18   1.2e-15   52.4   0.1    16   245     4   223     1   260 0.84 -
AA7.hmm              -            458 A5-S04_114_cg204_8   -            466   1.8e-16   56.1   2.7   1   1   8.6e-18   2.7e-15   52.2   4.2    14   152    38   180    28   236 0.87 -
GT4.hmm              -            160 A5-S04_114_cg205_8   -            770   4.8e-63  206.9   0.0   1   2   2.9e-33   9.4e-31  102.0   0.0     9   159   228   374   222   375 0.94 -
GT4.hmm              -            160 A5-S04_114_cg205_8   -            770   4.8e-63  206.9   0.0   2   2   1.6e-33   5.2e-31  102.8   0.0     5   159   588   739   584   740 0.93 -
GT5.hmm              -            472 A5-S04_114_cg205_8   -            770   7.3e-39  128.9   0.0   1   2   1.8e-22   5.7e-20   66.6   0.0   290   471   226   398   163   399 0.84 -
GT5.hmm              -            472 A5-S04_114_cg205_8   -            770   7.3e-39  128.9   0.0   2   2   3.3e-20   1.1e-17   59.2   0.0   282   471   584   764   566   765 0.84 -
CE10.hmm             -            341 A5-S04_114_cg217_10  -            522   1.4e-42  141.8   0.2   1   1   3.2e-45   2.1e-42  141.2   0.2    76   193   103   239    92   282 0.90 -
AA1.hmm              -            943 A5-S04_114_cg223_4   -            348   7.5e-20   66.0   0.8   1   1   1.4e-22   8.7e-20   65.8   0.8   450   593    96   274    53   306 0.69 -
AA7.hmm              -            458 A5-S04_114_cg238_7   -            497  9.8e-107  353.7   3.8   1   1  1.5e-107  9.7e-105  347.1   3.8     3   458    78   492    76   492 0.86 -
AA4.hmm              -            522 A5-S04_114_cg244_1   -            375   4.2e-32  106.7   0.0   1   1   1.9e-34   6.1e-32  106.2   0.0    16   260    13   256     5   267 0.82 -
AA7.hmm              -            458 A5-S04_114_cg244_1   -            375   6.1e-22   74.1   1.7   1   1   3.2e-24     1e-21   73.4   1.7     9   148    43   187    38   192 0.90 -
CE10.hmm             -            341 A5-S04_114_cg251_1   -            294   4.4e-31  104.0   0.0   1   1     1e-33   6.5e-31  103.4   0.0    54   308    35   265     9   282 0.85 -
#
# Program:         hmmscan
# Version:         3.3.1 (Jul 2020)
# Pipeline mode:   SCAN
# Query file:      /beegfs/home/lxd/2_sea_metagenomics/6.metabat2/bins_redup_refinem_drep/derep_70_10/derepbins_prodigal/A5-S04_114.proteins.faa
# Target file:     /beegfs/home/lxd/4_salt_metagenomics/tools/CAZy/dbCAN-HMMdb-V8.txt
# Option settings: hmmscan --tblout A5-S04_114.tbl --domtblout A5-S04_114_dom.tbl --acc --noali --notextw -E 1e-14 --domE 1e-14 --cpu 30 /beegfs/home/lxd/4_salt_metagenomics/tools/CAZy/dbCAN-HMMdb-V8.txt /beegfs/home/lxd/2_sea_metagenomics/6.metabat2/bins_redup_refinem_drep/derep_70_10/derepbins_prodigal/A5-S04_114.proteins.faa 
# Current dir:     /beegfs/home/lxd/2_sea_metagenomics/6.metabat2/bins_redup_refinem_drep/derep_70_10/derepbins_cazy
# Date:            Thu Mar  4 09:51:58 2021
# [ok]
