#                                                                            --- full sequence --- -------------- this domain -------------   hmm coord   ali coord   env coord
# target name        accession   tlen query name           accession   qlen   E-value  score  bias   #  of  c-Evalue  i-Evalue  score  bias  from    to  from    to  from    to  acc description of target
#------------------- ---------- ----- -------------------- ---------- ----- --------- ------ ----- --- --- --------- --------- ------ ----- ----- ----- ----- ----- ----- ----- ---- ---------------------
GT2_Glyco_tranf_2_3.hmm PF13641.5    230 A5-S04_112_cg2_2     -            446   3.3e-43  143.5   0.0   1   1   3.1e-45     5e-43  142.9   0.0     1   230    84   308    84   308 0.93 Glycosyltransferase like family 2
GT2_Glycos_transf_2.hmm PF00535.25   170 A5-S04_112_cg2_2     -            446   5.1e-36  119.3   0.0   1   1   4.4e-38     7e-36  118.9   0.0     1   170    87   255    87   255 0.95 Glycosyl transferase family 2
GT2_Glyco_trans_2_3.hmm PF13632.5    197 A5-S04_112_cg2_2     -            446   1.7e-27   91.9   2.6   1   1   1.1e-29   1.7e-27   91.9   2.6     2   186   169   372   168   408 0.73 Glycosyl transferase family group 2
GT21.hmm                -            233 A5-S04_112_cg2_2     -            446   1.3e-22   75.8   0.0   1   1     1e-24   1.6e-22   75.4   0.0     1   231    84   307    84   309 0.96 -
GH23.hmm             -            135 A5-S04_112_cg3_10    -            509   2.7e-24   81.5   0.4   1   1   7.6e-27   4.8e-24   80.7   0.4    18   124   359   495   344   505 0.88 -
GT41.hmm             -            705 A5-S04_112_cg17_4    -            236   2.4e-28   94.3   4.7   1   2   1.6e-16     1e-13   46.0   0.3    83   191    33   131    23   132 0.88 -
GT41.hmm             -            705 A5-S04_112_cg17_4    -            236   2.4e-28   94.3   4.7   2   2   2.5e-17   1.6e-14   48.7   0.5    80   190   132   232   131   234 0.91 -
GT4.hmm              -            160 A5-S04_112_cg23_3    -            379   4.2e-37  122.6   0.0   1   1     2e-39   6.4e-37  122.0   0.0     6   159   196   346   192   347 0.97 -
GT5.hmm              -            472 A5-S04_112_cg23_3    -            379   3.9e-20   67.2   0.0   1   1   3.7e-21   1.2e-18   62.3   0.0   198   471   136   371    71   372 0.71 -
AA1.hmm              -            943 A5-S04_112_cg28_24   -            355   6.2e-29   96.1   4.8   1   1   1.9e-31   6.2e-29   96.1   4.8   450   550   105   208    46   250 0.80 -
AA1_3.hmm            -            312 A5-S04_112_cg28_24   -            355   6.4e-19   63.5   0.1   1   1   2.9e-21   9.3e-19   63.0   0.1    10   134    88   208    78   227 0.85 -
AA7.hmm              -            458 A5-S04_112_cg28_37   -            485     6e-17   57.7   9.7   1   1   1.1e-18   3.7e-16   55.1  10.6    13   194    58   243    53   318 0.88 -
GH57.hmm             -            383 A5-S04_112_cg29_1    -            642   1.2e-58  194.3   0.0   1   1   2.9e-61   1.9e-58  193.7   0.0     1   312     9   298     9   305 0.92 -
GH57.hmm             -            383 A5-S04_112_cg29_2    -            587   1.4e-51  171.1   0.0   1   1   2.9e-54   1.9e-51  170.7   0.0     5   300    13   308     8   342 0.86 -
GT5.hmm              -            472 A5-S04_112_cg29_3    -            509  7.6e-159  524.6   0.0   1   1  2.7e-161  8.6e-159  524.4   0.0     1   472    31   501    31   501 0.98 -
GT4.hmm              -            160 A5-S04_112_cg29_3    -            509   3.8e-18   61.0   0.0   1   1   1.9e-20   6.2e-18   60.3   0.0     6   148   324   463   320   470 0.88 -
GH13_9.hmm           -            301 A5-S04_112_cg29_4    -            642  2.7e-155  511.3   0.0   1   1  6.8e-157  3.4e-155  511.0   0.0     1   300   187   486   187   487 1.00 -
GH13_8.hmm           -            293 A5-S04_112_cg29_4    -            642     4e-50  165.9   0.0   1   1   1.1e-51   5.6e-50  165.4   0.0     1   201   210   407   210   436 0.92 -
GH13_10.hmm          -            313 A5-S04_112_cg29_4    -            642   2.2e-39  130.9   0.1   1   1   2.7e-40   1.3e-38  128.3   0.0    10   203   181   398   176   416 0.86 -
GH13_3.hmm           -            210 A5-S04_112_cg29_4    -            642   2.5e-37  123.7   0.4   1   1   9.3e-39   4.6e-37  122.8   0.4     3   208   184   405   182   407 0.94 -
GH13.hmm             -            299 A5-S04_112_cg29_4    -            642   2.7e-36  121.6   2.6   1   1   8.9e-38   4.4e-36  120.9   2.6    22   294   186   492   172   496 0.65 -
GH13_11.hmm          -            351 A5-S04_112_cg29_4    -            642   3.3e-23   77.7   0.0   1   1   1.1e-24   5.3e-23   77.1   0.0     4   170   178   323   177   361 0.90 -
GH13_14.hmm          -            289 A5-S04_112_cg29_4    -            642   2.1e-20   68.5   0.0   1   1   6.5e-22   3.2e-20   67.9   0.0     1   152   186   321   186   332 0.89 -
CBM48.hmm            -             76 A5-S04_112_cg29_4    -            642   2.2e-19   65.2   0.7   1   1   1.3e-20   6.6e-19   63.6   0.2     3    69    34   119    32   125 0.85 -
GH13_37.hmm          -            320 A5-S04_112_cg29_4    -            642   1.3e-17   59.0   0.1   1   1   5.1e-19   2.5e-17   58.0   0.1    53   155   188   320   164   336 0.82 -
GH13_13.hmm          -            361 A5-S04_112_cg29_4    -            642   3.5e-15   51.1   0.1   1   1   3.5e-15   1.7e-13   45.6   0.0    59   182   209   322   207   332 0.85 -
GH13_12.hmm          -            284 A5-S04_112_cg29_4    -            642   6.6e-15   50.8   0.0   1   1   2.5e-16   1.2e-14   49.9   0.0    10   154   186   321   180   329 0.81 -
GT35.hmm             -            674 A5-S04_112_cg29_5    -            724  2.1e-124  411.7   0.0   1   2   1.8e-17   5.7e-15   50.0   0.1    21    67   128   175   121   187 0.92 -
GT35.hmm             -            674 A5-S04_112_cg29_5    -            724  2.1e-124  411.7   0.0   2   2  2.9e-110  9.4e-108  356.7   0.0   208   568   273   650   237   673 0.93 -
GT5.hmm              -            472 A5-S04_112_cg29_5    -            724   6.9e-17   56.5   0.0   1   1   3.1e-19   9.8e-17   56.0   0.0    64   471   184   707   126   708 0.71 -
CE10.hmm             -            341 A5-S04_112_cg34_1    -            258   7.2e-30  100.0   0.1   1   1     3e-32   9.7e-30   99.6   0.1    84   322     6   236     3   242 0.86 -
CE1.hmm              -            227 A5-S04_112_cg34_1    -            258     2e-15   52.4   0.0   1   1   9.6e-18   3.1e-15   51.8   0.0    11   214     5   229     1   247 0.75 -
AA12.hmm             -            401 A5-S04_112_cg37_11   -            154   7.6e-16   52.9   0.0   1   1   1.6e-18   1.1e-15   52.5   0.0   288   399    29   142    10   144 0.82 -
CE10.hmm             -            341 A5-S04_112_cg43_4    -            712   1.3e-26   89.3   0.4   1   1   3.2e-29     2e-26   88.7   0.4    72   316   448   681   436   696 0.85 -
GT2_Glycos_transf_2.hmm PF00535.25   170 A5-S04_112_cg43_6    -            275   1.1e-16   56.3   0.0   1   1   2.4e-19   1.5e-16   55.9   0.0     2   131    11   141    10   181 0.80 Glycosyl transferase family 2
GT2_Glycos_transf_2.hmm PF00535.25   170 A5-S04_112_cg50_4    -            257     7e-21   70.1   0.0   1   1   1.6e-23     1e-20   69.6   0.0     2   163     4   166     3   173 0.92 Glycosyl transferase family 2
CE10.hmm             -            341 A5-S04_112_cg63_2    -            680   1.3e-25   86.0   0.0   1   1   6.9e-28   2.2e-25   85.3   0.0    66   319   383   631   330   638 0.77 -
CE1.hmm              -            227 A5-S04_112_cg63_2    -            680   3.2e-17   58.3   0.0   1   1   1.9e-19   5.9e-17   57.4   0.0     9   216   399   629   394   637 0.79 -
CE10.hmm             -            341 A5-S04_112_cg65_3    -            706   3.5e-22   74.8   0.1   1   1   2.5e-24   5.4e-22   74.1   0.1    60   315   439   687   396   699 0.83 -
CE1.hmm              -            227 A5-S04_112_cg65_3    -            706   2.9e-17   58.5   0.1   1   1   2.4e-19   5.1e-17   57.7   0.1     7   207   459   680   453   697 0.78 -
CE1.hmm              -            227 A5-S04_112_cg65_4    -            590   4.9e-15   51.2   0.2   1   1   1.5e-17   9.6e-15   50.2   0.2    10   212   218   547   212   558 0.75 -
GT28.hmm             -            157 A5-S04_112_cg72_15   -            377   3.1e-38  126.3   0.1   1   1   7.2e-41   4.6e-38  125.7   0.1     2   157   191   354   190   354 0.93 -
CE14.hmm             -            124 A5-S04_112_cg107_2   -            248   2.6e-25   84.9   0.2   1   1   6.8e-28   4.4e-25   84.2   0.2     1   124    13   118    13   118 0.97 -
AA3.hmm              -            618 A5-S04_112_cg115_4   -            509   4.5e-51  169.2   0.0   1   1   4.2e-53   5.4e-51  168.9   0.0    87   403     3   498     1   506 0.78 -
AA3_2.hmm            -            568 A5-S04_112_cg115_4   -            509   1.1e-30  102.1   0.8   1   2   2.4e-15     3e-13   44.6   0.2     2   285     5   260     4   262 0.74 -
AA3_2.hmm            -            568 A5-S04_112_cg115_4   -            509   1.1e-30  102.1   0.8   2   2   1.6e-17   2.1e-15   51.7   0.0   455   566   374   493   353   495 0.71 -
AA3_1.hmm            -            548 A5-S04_112_cg115_4   -            509   3.8e-27   90.3   0.5   1   1   8.7e-16   1.1e-13   45.9   0.7    14   280     3   259     1   265 0.77 -
CE4.hmm              -            130 A5-S04_112_cg119_1   -            246   1.1e-26   88.9   0.0   1   1   2.9e-29   1.9e-26   88.1   0.0     5   126    50   171    46   175 0.92 -
GT4.hmm              -            160 A5-S04_112_cg123_4   -            208   1.4e-41  137.2   0.0   1   1   2.4e-44   1.6e-41  137.0   0.0     7   159    27   180    21   181 0.97 -
GT4.hmm              -            160 A5-S04_112_cg130_1   -            752   1.4e-15   52.7   0.1   1   1   7.6e-18   4.8e-15   50.9   0.0     6   159   173   338   168   339 0.88 -
CE10.hmm             -            341 A5-S04_112_cg133_5   -            758   1.8e-16   55.9   0.2   1   1   4.6e-19     3e-16   55.3   0.2    93   311   507   727   377   746 0.78 -
CE10.hmm             -            341 A5-S04_112_cg161_2   -            675   6.3e-25   83.8   0.0   1   1   2.8e-27   1.8e-24   82.3   0.0    78   315   423   651   410   665 0.88 -
GT2_Glyco_tranf_2_3.hmm PF13641.5    230 A5-S04_112_cg163_13  -            553   4.9e-27   90.6   0.2   1   1   3.2e-29   6.8e-27   90.1   0.2     4   228    77   303    75   305 0.87 Glycosyltransferase like family 2
GT2_Glycos_transf_2.hmm PF00535.25   170 A5-S04_112_cg163_13  -            553   2.7e-23   77.9   0.0   1   1   1.8e-25   3.9e-23   77.4   0.0     3   163    80   244    78   250 0.89 Glycosyl transferase family 2
GT2_Glyco_trans_2_3.hmm PF13632.5    197 A5-S04_112_cg163_13  -            553   1.1e-21   72.9   3.7   1   1   9.7e-24   2.1e-21   72.0   3.7     2   174   165   353   164   387 0.75 Glycosyl transferase family group 2
GT2_Glycos_transf_2.hmm PF00535.25   170 A5-S04_112_cg163_15  -            240   6.7e-19   63.6   0.0   1   1   1.4e-21   8.9e-19   63.2   0.0     2   162     6   158     5   165 0.86 Glycosyl transferase family 2
AA12.hmm             -            401 A5-S04_112_cg171_4   -            325   8.3e-16   52.8   0.0   1   1   3.5e-18   2.2e-15   51.4   0.0    14   306    41   324    33   325 0.73 -
GH74.hmm             -            233 A5-S04_112_cg174_2   -           1087   5.1e-54  178.4  31.1   1   2   6.7e-15   2.1e-12   42.2   0.1    38   115   190   277   169   289 0.84 -
GH74.hmm             -            233 A5-S04_112_cg174_2   -           1087   5.1e-54  178.4  31.1   2   2   3.5e-19   1.1e-16   56.2   1.6    36   122   246   334   240   350 0.84 -
GT4.hmm              -            160 A5-S04_112_cg177_16  -            347   6.2e-37  122.0   0.0   1   1   3.1e-39     1e-36  121.4   0.0     7   159   160   312   157   313 0.98 -
GT5.hmm              -            472 A5-S04_112_cg177_16  -            347     3e-17   57.7   0.0   1   1   1.3e-19   4.1e-17   57.2   0.0   290   470   160   335   123   337 0.85 -
GH23.hmm             -            135 A5-S04_112_cg179_3   -            127   1.8e-17   59.4   0.0   1   1   3.3e-20   2.1e-17   59.2   0.0    38   122     1   106     1   116 0.91 -
PL22.hmm             -            265 A5-S04_112_cg188_1   -            817   1.3e-18   62.5   0.0   1   1   5.9e-17   3.8e-14   47.8   0.0   141   245   130   240   126   245 0.90 -
AA1.hmm              -            943 A5-S04_112_cg194_4   -            518   1.2e-64  214.3   7.4   1   2   4.8e-46   7.7e-44  145.4   0.8   452   660    63   277    27   294 0.85 -
AA1.hmm              -            943 A5-S04_112_cg194_4   -            518   1.2e-64  214.3   7.4   2   2   4.5e-24   7.3e-22   72.7   0.9   465   549   420   513   406   517 0.89 -
AA1_2.hmm            -            337 A5-S04_112_cg194_4   -            518   3.3e-37  123.5   0.0   1   1   3.6e-34   5.7e-32  106.3   0.0     5   227    64   286    60   384 0.79 -
AA1_3.hmm            -            312 A5-S04_112_cg194_4   -            518   4.2e-32  106.8   0.1   1   1   1.2e-30   1.9e-28   94.8   0.0    29   255    58   277    44   288 0.83 -
AA1_1.hmm            -            303 A5-S04_112_cg194_4   -            518   4.6e-20   67.2   0.0   1   1   5.3e-22   8.5e-20   66.3   0.0    11   232    64   277    57   296 0.87 -
GT2_Glycos_transf_2.hmm PF00535.25   170 A5-S04_112_cg219_20  -            242   6.8e-32  105.9   0.0   1   1   2.9e-34   9.2e-32  105.5   0.0     4   167     1   160     1   162 0.91 Glycosyl transferase family 2
GT81.hmm                -            293 A5-S04_112_cg219_20  -            242   7.3e-16   53.2   0.0   1   1   3.8e-18   1.2e-15   52.4   0.0    27   144     1   107     1   193 0.78 -
GH3.hmm              -            216 A5-S04_112_cg226_1   -            342   2.8e-48  159.6   0.0   1   1   6.1e-51   3.9e-48  159.2   0.0     7   215    61   291    56   292 0.91 -
GT51.hmm             -            177 A5-S04_112_cg227_1   -            241   1.4e-50  166.5   0.0   1   1   2.9e-53   1.9e-50  166.1   0.0    13   173    70   230    59   233 0.96 -
GT51.hmm             -            177 A5-S04_112_cg234_7   -            712   1.1e-57  189.7   0.0   1   1   2.4e-60   1.5e-57  189.2   0.0     1   176    63   241    63   242 0.95 -
GH23.hmm             -            135 A5-S04_112_cg238_9   -            235   1.7e-21   72.4   0.0   1   1   4.9e-24   3.1e-21   71.6   0.0    12   119   124   233   113   234 0.92 -
GT4.hmm              -            160 A5-S04_112_cg254_2   -            373   3.6e-31  103.3   0.0   1   1   1.6e-33   5.2e-31  102.8   0.0     6   159   193   340   190   341 0.96 -
GT5.hmm              -            472 A5-S04_112_cg254_2   -            373   3.4e-15   50.9   0.0   1   1   4.3e-16   1.4e-13   45.6   0.0   276   471   181   365   149   366 0.84 -
GT2_Glycos_transf_2.hmm PF00535.25   170 A5-S04_112_cg254_4   -             86   3.2e-27   90.7   0.0   1   1   5.4e-30   3.5e-27   90.6   0.0     1    88     4    86     4    86 0.98 Glycosyl transferase family 2
GT2_Glycos_transf_2.hmm PF00535.25   170 A5-S04_112_cg270_4   -            230   3.9e-23   77.4   0.0   1   1   1.1e-25   7.3e-23   76.5   0.0     1   122     7   116     7   147 0.87 Glycosyl transferase family 2
GT2_Glycos_transf_2.hmm PF00535.25   170 A5-S04_112_cg273_6   -            318   3.5e-32  106.8   0.0   1   1   2.7e-34   5.8e-32  106.1   0.0     1   124    17   143    17   178 0.92 Glycosyl transferase family 2
GT81.hmm                -            293 A5-S04_112_cg273_6   -            318     4e-18   60.6   0.0   1   1   2.4e-20   5.2e-18   60.2   0.0    19   146    12   133     2   175 0.84 -
GT2_Glyco_tranf_2_3.hmm PF13641.5    230 A5-S04_112_cg273_6   -            318     2e-16   55.9   0.1   1   1   2.1e-18   4.4e-16   54.7   0.1     3   176    15   178    13   200 0.83 Glycosyltransferase like family 2
GT4.hmm              -            160 A5-S04_112_cg273_8   -            406   1.8e-41  136.8   0.0   1   1   9.6e-44   3.1e-41  136.0   0.0    11   153   216   363   207   367 0.96 -
GT5.hmm              -            472 A5-S04_112_cg273_8   -            406   1.4e-21   71.9   0.0   1   1   9.3e-23     3e-20   67.6   0.0   295   471   217   394   199   395 0.85 -
GT2_Glycos_transf_2.hmm PF00535.25   170 A5-S04_112_cg273_12  -            213   5.4e-29   96.5   0.0   1   1   9.9e-32   6.3e-29   96.2   0.0     2   168    24   187    23   189 0.94 Glycosyl transferase family 2
#
# Program:         hmmscan
# Version:         3.3.1 (Jul 2020)
# Pipeline mode:   SCAN
# Query file:      /beegfs/home/lxd/2_sea_metagenomics/6.metabat2/bins_redup_refinem_drep/derep_70_10/derepbins_prodigal/A5-S04_112.proteins.faa
# Target file:     /beegfs/home/lxd/4_salt_metagenomics/tools/CAZy/dbCAN-HMMdb-V8.txt
# Option settings: hmmscan --tblout A5-S04_112.tbl --domtblout A5-S04_112_dom.tbl --acc --noali --notextw -E 1e-14 --domE 1e-14 --cpu 30 /beegfs/home/lxd/4_salt_metagenomics/tools/CAZy/dbCAN-HMMdb-V8.txt /beegfs/home/lxd/2_sea_metagenomics/6.metabat2/bins_redup_refinem_drep/derep_70_10/derepbins_prodigal/A5-S04_112.proteins.faa 
# Current dir:     /beegfs/home/lxd/2_sea_metagenomics/6.metabat2/bins_redup_refinem_drep/derep_70_10/derepbins_cazy
# Date:            Thu Mar  4 09:49:06 2021
# [ok]
