#                                                                            --- full sequence --- -------------- this domain -------------   hmm coord   ali coord   env coord
# target name        accession   tlen query name           accession   qlen   E-value  score  bias   #  of  c-Evalue  i-Evalue  score  bias  from    to  from    to  from    to  acc description of target
#------------------- ---------- ----- -------------------- ---------- ----- --------- ------ ----- --- --- --------- --------- ------ ----- ----- ----- ----- ----- ----- ----- ---- ---------------------
AA3_2.hmm            -            568 A5-S04_136_cg38_1    -            440     6e-96  317.6   0.0   1   1   3.6e-85   4.6e-83  275.1   0.0     2   325     2   305     1   340 0.88 -
AA3.hmm              -            618 A5-S04_136_cg38_1    -            440   4.7e-65  215.4   0.0   1   1   4.4e-67   5.6e-65  215.1   0.0    89   323     2   409     1   438 0.84 -
AA3_3.hmm            -            590 A5-S04_136_cg38_1    -            440   3.2e-46  153.1   0.0   1   1   7.3e-48   9.4e-46  151.6   0.0     2   317     2   301     1   319 0.86 -
AA3_1.hmm            -            548 A5-S04_136_cg38_1    -            440   5.8e-33  109.5   0.0   1   1   9.6e-35   1.2e-32  108.4   0.0    16   317     2   293     1   305 0.81 -
AA3_2.hmm            -            568 A5-S04_136_cg66_2    -            512  8.4e-129  426.1   0.0   1   2   1.3e-84   1.6e-82  273.3   0.0     2   323     2   303     1   324 0.91 -
AA3_2.hmm            -            568 A5-S04_136_cg66_2    -            512  8.4e-129  426.1   0.0   2   2   1.4e-47   1.8e-45  150.9   0.1   392   563   326   504   311   505 0.89 -
AA3.hmm              -            618 A5-S04_136_cg66_2    -            512   1.4e-87  289.7   0.2   1   1   1.4e-89   1.7e-87  289.5   0.2    89   396     2   505     1   510 0.86 -
AA3_3.hmm            -            590 A5-S04_136_cg66_2    -            512     3e-65  216.0   0.0   1   2   1.5e-44   1.9e-42  140.6   0.0     2   309     2   291     1   307 0.87 -
AA3_3.hmm            -            590 A5-S04_136_cg66_2    -            512     3e-65  216.0   0.0   2   2   3.4e-23   4.4e-21   70.1   0.1   510   583   430   504   417   508 0.94 -
AA3_1.hmm            -            548 A5-S04_136_cg66_2    -            512   2.6e-50  166.8   0.0   1   1   5.4e-51   6.9e-49  162.1   0.0    16   542     2   504     1   505 0.80 -
AA8.hmm              -            815 A5-S04_136_cg66_2    -            512   1.2e-35  118.0   1.1   1   1   1.3e-25   1.6e-23   77.8   0.7   245   550     2   295     1   309 0.81 -
GT4.hmm              -            160 A5-S04_136_cg109_5   -            373   3.3e-35  116.4   0.0   1   1   1.5e-37   4.8e-35  115.9   0.0     8   154   187   335   184   340 0.96 -
GT5.hmm              -            472 A5-S04_136_cg109_5   -            373     6e-16   53.4   0.0   1   1   1.7e-16   5.3e-14   47.0   0.0   295   471   191   364   179   365 0.84 -
CE14.hmm             -            124 A5-S04_136_cg115_1   -            270   8.9e-29   96.1   0.1   1   1   2.4e-31   1.5e-28   95.3   0.1     1   124    20   138    20   138 0.94 -
CE10.hmm             -            341 A5-S04_136_cg117_2   -            651   4.1e-25   84.4   0.0   1   1   8.5e-28   5.4e-25   84.0   0.0    73   336   395   648   341   650 0.82 -
GH18.hmm             -            296 A5-S04_136_cg139_1   -            554   8.6e-15   50.5   0.0   1   1   4.3e-17   2.8e-14   48.9   0.0    70   285   231   475   207   485 0.71 -
GT28.hmm             -            157 A5-S04_136_cg163_5   -            365   5.6e-42  138.4   0.6   1   1   1.4e-44   9.1e-42  137.8   0.6     2   157   189   350   188   350 0.94 -
CE14.hmm             -            124 A5-S04_136_cg167_3   -            240   6.1e-28   93.4   0.4   1   1   4.9e-30   3.1e-27   91.1   0.1     1   120    11   119    11   123 0.95 -
AA3_2.hmm            -            568 A5-S04_136_cg203_1   -            156   4.6e-41  136.4   0.1   1   1   3.4e-43   5.4e-41  136.2   0.1     2   156     4   144     3   153 0.87 -
AA3.hmm              -            618 A5-S04_136_cg203_1   -            156   1.9e-34  114.3   0.3   1   1   1.3e-36     2e-34  114.2   0.3    86   199     1   127     1   149 0.81 -
AA3_3.hmm            -            590 A5-S04_136_cg203_1   -            156   3.1e-22   73.9   0.0   1   1   2.3e-24   3.8e-22   73.6   0.0     1   145     3   144     3   149 0.83 -
AA3_1.hmm            -            548 A5-S04_136_cg203_1   -            156   5.4e-18   60.1   0.2   1   1     4e-20   6.4e-18   59.9   0.2    14   132     2   117     1   129 0.78 -
CE4.hmm              -            130 A5-S04_136_cg204_4   -            166   7.7e-19   63.5   0.0   1   1   2.5e-21   1.6e-18   62.5   0.0    10   107    34   156    27   165 0.84 -
CE14.hmm             -            124 A5-S04_136_cg242_2   -            298   8.4e-28   92.9   0.2   1   1   2.7e-30   1.7e-27   91.9   0.1     1   124    27   141    27   141 0.95 -
GT4.hmm              -            160 A5-S04_136_cg242_3   -            416   4.4e-42  138.8   0.0   1   1   2.3e-44   7.4e-42  138.0   0.0     9   159   222   374   215   375 0.91 -
GT5.hmm              -            472 A5-S04_136_cg242_3   -            416     3e-33  110.5   0.1   1   1     4e-32   1.3e-29   98.5   0.0   279   471   212   398   208   399 0.85 -
CBM50.hmm            -             40 A5-S04_136_cg268_17  -            229   1.7e-31  103.7   0.0   1   1   2.9e-16   1.9e-13   45.9   0.0     1    40    20    64    20    64 0.89 -
AA7.hmm              -            458 A5-S04_136_cg280_2   -            745   1.1e-24   83.2   2.7   1   1   6.2e-24     2e-21   72.5   1.7    12   154    73   218    69   221 0.87 -
AA4.hmm              -            522 A5-S04_136_cg280_2   -            745     4e-20   67.2   0.1   1   1   5.7e-20   1.8e-17   58.4   0.0    51   193    73   214    22   221 0.91 -
GT51.hmm             -            177 A5-S04_136_cg305_1   -            901   3.5e-55  181.5   0.0   1   1   8.9e-58   5.7e-55  180.8   0.0    13   177    43   217    30   217 0.92 -
GH23.hmm             -            135 A5-S04_136_cg309_1   -            334   7.2e-29   96.3   1.0   1   1   2.9e-31   1.8e-28   95.0   0.1    17   123   188   314   177   321 0.89 -
AA7.hmm              -            458 A5-S04_136_cg347_4   -            468  8.3e-103  340.7   5.3   1   1  1.2e-104  7.6e-102  337.6   5.3     3   458    43   464    41   464 0.86 -
AA7.hmm              -            458 A5-S04_136_cg371_1   -            469   4.3e-21   71.3   4.5   1   1     2e-23   6.5e-21   70.7   4.5    13   189    23   206    16   304 0.90 -
AA4.hmm              -            522 A5-S04_136_cg371_1   -            469   4.2e-19   63.8   0.2   1   1   4.9e-20   1.6e-17   58.6   0.2    53   259    24   222    13   245 0.84 -
AA7.hmm              -            458 A5-S04_136_cg371_2   -            425   3.6e-15   51.8   1.2   1   1   1.1e-17   7.3e-15   50.8   1.2    10   225    20   242    13   326 0.74 -
CE7.hmm              -            313 A5-S04_136_cg378_12  -            271   1.7e-20   68.4   0.0   1   1   1.2e-16   7.6e-14   46.6   0.0    36   204    20   181    13   187 0.80 -
AA3_2.hmm            -            568 A5-S04_136_cg427_3   -            512  2.1e-128  424.8   0.0   1   2   2.8e-85   3.6e-83  275.4   0.0     2   325     4   309     3   338 0.88 -
AA3_2.hmm            -            568 A5-S04_136_cg427_3   -            512  2.1e-128  424.8   0.0   2   2   1.6e-46   2.1e-44  147.5   0.0   413   567   354   510   326   511 0.91 -
AA3.hmm              -            618 A5-S04_136_cg427_3   -            512   3.3e-94  311.7   0.0   1   1   2.9e-96   3.7e-94  311.5   0.0    86   398     1   509     1   511 0.87 -
AA3_3.hmm            -            590 A5-S04_136_cg427_3   -            512   8.2e-62  204.6   0.0   1   2   1.7e-43   2.2e-41  137.2   0.0     2   311     4   297     3   309 0.86 -
AA3_3.hmm            -            590 A5-S04_136_cg427_3   -            512   8.2e-62  204.6   0.0   2   2   1.6e-20   2.1e-18   61.3   0.1   506   585   428   508   409   511 0.92 -
AA3_1.hmm            -            548 A5-S04_136_cg427_3   -            512   3.3e-46  153.2   0.1   1   3   1.5e-17   1.9e-15   51.7   0.1    14   139     2   124     1   142 0.80 -
AA3_1.hmm            -            548 A5-S04_136_cg427_3   -            512   3.3e-46  153.2   0.1   2   3   1.9e-16   2.4e-14   48.0   0.0   198   320   190   298   155   337 0.81 -
AA3_1.hmm            -            548 A5-S04_136_cg427_3   -            512   3.3e-46  153.2   0.1   3   3   5.2e-17   6.7e-15   49.9   0.0   407   544   366   508   358   510 0.78 -
CE10.hmm             -            341 A5-S04_136_cg428_1   -            402   3.2e-25   84.7   0.1   1   1   5.8e-28   3.7e-25   84.5   0.1    55   316   126   368    32   376 0.86 -
CE10.hmm             -            341 A5-S04_136_cg430_2   -            360   5.3e-41  136.6   0.4   1   1   1.1e-43   6.9e-41  136.3   0.4    68   316    88   339    76   359 0.81 -
CBM50.hmm            -             40 A5-S04_136_cg451_2   -            370   1.6e-27   91.0   0.9   1   2   1.3e-16   8.4e-14   47.0   0.1     1    39   263   305   263   306 0.91 -
CBM50.hmm            -             40 A5-S04_136_cg451_2   -            370   1.6e-27   91.0   0.9   2   2   5.1e-15   3.3e-12   41.9   0.1     1    39   327   369   327   369 0.92 -
GH105.hmm            -            332 A5-S04_136_cg477_4   -            216   2.4e-41  137.3   0.5   1   1   4.8e-44   3.1e-41  137.0   0.5   118   329    11   207     7   209 0.93 -
#
# Program:         hmmscan
# Version:         3.3.1 (Jul 2020)
# Pipeline mode:   SCAN
# Query file:      /beegfs/home/lxd/2_sea_metagenomics/6.metabat2/bins_redup_refinem_drep/derep_70_10/derepbins_prodigal/A5-S04_136.proteins.faa
# Target file:     /beegfs/home/lxd/4_salt_metagenomics/tools/CAZy/dbCAN-HMMdb-V8.txt
# Option settings: hmmscan --tblout A5-S04_136.tbl --domtblout A5-S04_136_dom.tbl --acc --noali --notextw -E 1e-14 --domE 1e-14 --cpu 30 /beegfs/home/lxd/4_salt_metagenomics/tools/CAZy/dbCAN-HMMdb-V8.txt /beegfs/home/lxd/2_sea_metagenomics/6.metabat2/bins_redup_refinem_drep/derep_70_10/derepbins_prodigal/A5-S04_136.proteins.faa 
# Current dir:     /beegfs/home/lxd/2_sea_metagenomics/6.metabat2/bins_redup_refinem_drep/derep_70_10/derepbins_cazy
# Date:            Thu Mar  4 10:04:18 2021
# [ok]
