#                                                                            --- full sequence --- -------------- this domain -------------   hmm coord   ali coord   env coord
# target name        accession   tlen query name           accession   qlen   E-value  score  bias   #  of  c-Evalue  i-Evalue  score  bias  from    to  from    to  from    to  acc description of target
#------------------- ---------- ----- -------------------- ---------- ----- --------- ------ ----- --- --- --------- --------- ------ ----- ----- ----- ----- ----- ----- ----- ---- ---------------------
GH84.hmm             -            295 A5-S03_18_cg3_4      -            480   4.3e-88  290.6   0.0   1   1   8.7e-91   5.6e-88  290.3   0.0     1   294    16   313    16   314 0.97 -
GT94.hmm             -            283 A5-S03_18_cg7_6      -            366   1.1e-31  105.0   0.0   1   1   4.8e-34   1.5e-31  104.6   0.0     3   265    49   331    47   356 0.82 -
GT5.hmm              -            472 A5-S03_18_cg7_6      -            366   2.1e-18   61.5   0.0   1   1   8.5e-21   2.7e-18   61.1   0.0   270   471   161   355   141   356 0.89 -
GT89.hmm             -            556 A5-S03_18_cg9_1      -            396   1.3e-39  131.2  35.2   1   1   2.7e-42   1.7e-39  130.8  35.2     5   343     9   356     7   378 0.79 -
GT51.hmm             -            177 A5-S03_18_cg11_3     -            765   7.7e-62  203.2   0.0   1   1   1.8e-64   1.1e-61  202.7   0.0    10   176   151   321   141   322 0.96 -
GT4.hmm              -            160 A5-S03_18_cg12_9     -            384   2.8e-28   93.9   0.0   1   1   1.4e-30   4.4e-28   93.3   0.0     4   150   188   336   185   341 0.93 -
GT5.hmm              -            472 A5-S03_18_cg12_9     -            384   4.2e-23   77.0   0.0   1   1   1.8e-25   5.6e-23   76.6   0.0   237   469   156   369   137   371 0.85 -
AA4.hmm              -            522 A5-S03_18_cg12_11    -            479   8.9e-26   85.8   0.0   1   1   2.8e-24     9e-22   72.6   0.0    17   244     4   221     1   230 0.88 -
AA7.hmm              -            458 A5-S03_18_cg12_11    -            479   1.7e-20   69.4   7.4   1   1   5.3e-23   1.7e-20   69.4   7.4    12   187    36   218    33   261 0.90 -
AA6.hmm              -            195 A5-S03_18_cg12_18    -            163   5.9e-29   96.2   1.1   1   1   1.9e-31   1.2e-28   95.2   1.1    16   194     1   155     1   156 0.92 -
GH10.hmm             -            303 A5-S03_18_cg17_4     -            397   1.9e-88  291.9   0.0   1   1   3.5e-91   2.3e-88  291.6   0.0     9   302    40   351    33   352 0.90 -
GT4.hmm              -            160 A5-S03_18_cg36_2     -            380   6.4e-22   73.2   0.0   1   1   1.9e-24   1.2e-21   72.4   0.0     9   151   197   341   193   346 0.92 -
GT2_Glycos_transf_2.hmm PF00535.25   170 A5-S03_18_cg41_1     -            293   1.3e-20   69.1   0.0   1   1   5.7e-23   1.8e-20   68.7   0.0     1   163    59   218    59   225 0.89 Glycosyl transferase family 2
GT2_Glyco_tranf_2_3.hmm PF13641.5    230 A5-S03_18_cg41_1     -            293   6.5e-16   54.2   0.0   1   1   2.5e-18   7.9e-16   53.9   0.0     4   172    58   222    55   271 0.81 Glycosyltransferase like family 2
GT1.hmm              -            382 A5-S03_18_cg45_4     -            410   8.4e-39  129.7  30.4   1   1   1.9e-41   1.2e-38  129.1  30.4     6   379    10   405     6   407 0.97 -
GT4.hmm              -            160 A5-S03_18_cg48_3     -            420   2.5e-30  100.6   0.0   1   1   1.3e-32   4.1e-30   99.9   0.0    11   159   232   381   225   382 0.92 -
GT5.hmm              -            472 A5-S03_18_cg48_3     -            420   9.4e-15   49.4   0.0   1   1     5e-16   1.6e-13   45.4   0.0   289   471   227   406   174   407 0.76 -
GT83.hmm             -            540 A5-S03_18_cg50_4     -            471   8.5e-62  204.6  51.3   1   1   1.6e-64     1e-61  204.4  51.3     8   428     5   428     1   452 0.75 -
GT83.hmm             -            540 A5-S03_18_cg56_7     -            510     5e-21   70.1  59.8   1   1   9.4e-24     6e-21   69.8  59.8     7   410     3   404     1   442 0.71 -
GT2_Glycos_transf_2.hmm PF00535.25   170 A5-S03_18_cg59_3     -            239   6.1e-23   76.8   0.0   1   1   1.2e-25     8e-23   76.4   0.0     3   166    10   165     8   168 0.90 Glycosyl transferase family 2
GT4.hmm              -            160 A5-S03_18_cg65_1     -            275   1.3e-33  111.3   0.0   1   1   5.3e-36   1.7e-33  110.9   0.0     9   159    87   243    80   244 0.92 -
GT5.hmm              -            472 A5-S03_18_cg65_1     -            275   5.6e-18   60.1   0.0   1   1   2.1e-20   6.8e-18   59.8   0.0   274   471    71   268    43   269 0.81 -
GH109.hmm            -            126 A5-S03_18_cg67_8     -            358   3.1e-17   58.4   0.1   1   1   8.8e-20   5.6e-17   57.6   0.1     1   120     5   119     5   123 0.91 -
CE10.hmm             -            341 A5-S03_18_cg70_7     -            510   1.5e-44  148.3   0.1   1   1   2.9e-47   1.9e-44  148.0   0.1    73   202    78   219    42   301 0.84 -
GT89.hmm             -            556 A5-S03_18_cg71_3     -            571   6.8e-30   99.2  27.1   1   1   1.1e-32   6.8e-30   99.2  27.1    19   340    56   370    42   398 0.78 -
GH23.hmm             -            135 A5-S03_18_cg95_4     -            679   4.4e-28   93.8   2.3   1   1   1.1e-30   7.1e-28   93.1   0.0    14   122   544   672   533   677 0.92 -
GT66.hmm             -            693 A5-S03_18_cg98_4     -            505   1.7e-22   74.8   8.3   1   1   3.5e-25   2.2e-22   74.4   8.3   253   533    44   351    14   358 0.73 -
CE11.hmm             -            271 A5-S03_18_cg105_6    -            327  6.4e-103  339.0   0.0   1   1  1.1e-105  7.3e-103  338.8   0.0     1   270    22   295    22   296 0.98 -
GT2_Glycos_transf_2.hmm PF00535.25   170 A5-S03_18_cg122_2    -            391   1.5e-24   82.0   0.0   1   1   3.4e-27   2.2e-24   81.5   0.0     1   166    11   173    11   177 0.83 Glycosyl transferase family 2
CE1.hmm              -            227 A5-S03_18_cg135_3    -            224     1e-20   69.7   0.0   1   1     2e-23   1.3e-20   69.5   0.0    10   207     5   198     1   213 0.74 -
GH13_23.hmm          -            344 A5-S03_18_cg142_2    -            523  1.4e-131  434.4   0.0   1   1  8.9e-133    2e-131  433.9   0.0     1   343    33   367    33   368 0.97 -
GH13_30.hmm          -            365 A5-S03_18_cg142_2    -            523  1.1e-109  362.2   5.1   1   1  1.3e-109  2.9e-108  357.5   5.1     1   365    33   366    33   366 0.94 -
GH13_31.hmm          -            349 A5-S03_18_cg142_2    -            523  1.3e-100  332.5   0.0   1   1    8e-102  1.8e-100  332.0   0.0     1   348    33   366    33   367 0.93 -
GH13_40.hmm          -            359 A5-S03_18_cg142_2    -            523   1.7e-88  292.2   0.0   1   1   3.1e-89   6.9e-88  290.3   0.0     1   357    33   365    33   367 0.90 -
GH13_17.hmm          -            350 A5-S03_18_cg142_2    -            523   3.8e-87  288.0   0.0   1   1   2.2e-88   4.9e-87  287.6   0.0     1   349    33   366    33   367 0.90 -
GH13_29.hmm          -            344 A5-S03_18_cg142_2    -            523   4.8e-86  284.3   0.0   1   1   3.8e-87   8.4e-86  283.5   0.0     1   343    32   366    32   367 0.92 -
GH13.hmm             -            299 A5-S03_18_cg142_2    -            523   2.1e-81  269.7   1.2   1   1   1.3e-82   2.9e-81  269.3   1.2    13   295    33   370    27   374 0.86 -
GH13_16.hmm          -            353 A5-S03_18_cg142_2    -            523   4.5e-78  258.1   0.0   1   1   7.5e-75   1.7e-73  243.0   0.0     1   244    33   292    33   325 0.88 -
GH13_35.hmm          -            351 A5-S03_18_cg142_2    -            523   1.1e-77  257.0   0.0   1   1   2.4e-78   5.3e-77  254.7   0.0     1   351    33   366    33   366 0.89 -
GH13_36.hmm          -            314 A5-S03_18_cg142_2    -            523   1.7e-76  252.9   0.0   1   1   9.5e-78   2.1e-76  252.6   0.0     1   313    33   366    33   367 0.91 -
GH13_21.hmm          -            308 A5-S03_18_cg142_2    -            523   5.5e-61  201.9   0.0   1   1   1.7e-61   3.7e-60  199.2   0.0     1   306    33   366    33   368 0.81 -
GH13_20.hmm          -            300 A5-S03_18_cg142_2    -            523   2.7e-50  166.7   0.0   1   1   5.4e-41   1.2e-39  131.7   0.0     1   172    33   221    33   234 0.87 -
GH13_4.hmm           -            400 A5-S03_18_cg142_2    -            523   3.6e-34  113.4   0.0   1   1     2e-33   4.4e-32  106.6   0.0     2   187    33   215    32   320 0.79 -
GH13_39.hmm          -            316 A5-S03_18_cg142_2    -            523     4e-33  110.4   0.0   1   1   5.7e-34   1.3e-32  108.8   0.0     1   311    33   366    33   370 0.87 -
GH13_2.hmm           -            310 A5-S03_18_cg142_2    -            523   1.5e-30  102.0   0.0   1   1   8.3e-25   1.8e-23   78.7   0.0     2   174    33   211    32   217 0.82 -
GH13_1.hmm           -            306 A5-S03_18_cg142_2    -            523   3.5e-26   87.3   0.0   1   1   8.9e-27     2e-25   84.8   0.0     2   304    33   370    32   372 0.71 -
GH13_14.hmm          -            289 A5-S03_18_cg142_2    -            523   4.8e-22   73.9   0.0   1   1   8.3e-23   1.8e-21   71.9   0.0     1   289    42   361    42   361 0.82 -
GH13_37.hmm          -            320 A5-S03_18_cg142_2    -            523   1.6e-21   71.8   0.0   1   1   5.1e-21   1.1e-19   65.7   0.0     8   320    32   363    27   363 0.76 -
GH13_10.hmm          -            313 A5-S03_18_cg142_2    -            523   6.9e-21   70.2   0.0   1   1   5.9e-18   1.3e-16   56.1   0.0     5   197    33   262    31   280 0.91 -
GH13_18.hmm          -            343 A5-S03_18_cg142_2    -            523   2.3e-20   68.1   0.0   1   1   3.2e-21   7.2e-20   66.5   0.0     2   214    51   286    50   292 0.79 -
GH13_3.hmm           -            210 A5-S03_18_cg142_2    -            523   1.7e-19   65.5   1.1   1   1   1.7e-19   3.8e-18   61.0   1.1     3   150    40   211    38   216 0.76 -
GH13_26.hmm          -            296 A5-S03_18_cg142_2    -            523   5.2e-15   51.0   0.0   1   1   1.4e-15     3e-14   48.5   0.0     2    82    42   118    41   135 0.86 -
GT89.hmm             -            556 A5-S03_18_cg143_3    -            581   3.1e-25   83.8  21.7   1   1   6.5e-28   4.2e-25   83.4  21.7     8   329    20   341    15   375 0.73 -
AA3.hmm              -            618 A5-S03_18_cg147_4    -            535     2e-53  177.0   0.0   1   1   1.9e-55   2.4e-53  176.7   0.0    86   400     2   528     1   531 0.79 -
AA3_2.hmm            -            568 A5-S03_18_cg147_4    -            535   2.6e-28   94.3   0.0   1   2   1.3e-15   1.6e-13   45.5   0.0     3   315     6   313     4   324 0.78 -
AA3_2.hmm            -            568 A5-S03_18_cg147_4    -            535   2.6e-28   94.3   0.0   2   2   7.3e-16   9.4e-14   46.3   0.0   495   567   454   527   425   528 0.86 -
AA3_4.hmm            -            549 A5-S03_18_cg147_4    -            535   7.9e-18   59.7   0.0   1   1   8.6e-16   1.1e-13   46.0   0.0   416   549   400   529   394   529 0.84 -
PL12.hmm             -            138 A5-S03_18_cg148_17   -            555   6.3e-16   54.2   0.0   1   1   2.7e-18   8.8e-16   53.8   0.0     2   131   334   461   333   467 0.86 -
PL12_3.hmm           -            144 A5-S03_18_cg148_17   -            555   1.5e-15   52.7   0.0   1   1   8.3e-18   2.7e-15   51.9   0.0    28   136   358   460   340   466 0.86 -
GT83.hmm             -            540 A5-S03_18_cg169_1    -            401   1.1e-44  148.1  50.7   1   1   2.4e-47   1.5e-44  147.7  50.7    13   329    34   398    21   400 0.84 -
GT66.hmm             -            693 A5-S03_18_cg177_1    -            295   8.4e-22   72.5  17.3   1   1   1.6e-24     1e-21   72.3  17.3    25   269    44   294    25   295 0.79 -
GT4.hmm              -            160 A5-S03_18_cg178_2    -            444   4.3e-35  116.1   0.0   1   1     2e-37   6.5e-35  115.5   0.0     6   156   238   386   236   390 0.96 -
GT5.hmm              -            472 A5-S03_18_cg178_2    -            444   1.6e-22   75.1   0.0   1   1   1.3e-22   4.3e-20   67.0   0.0    16   471    19   414     6   415 0.64 -
GT83.hmm             -            540 A5-S03_18_cg185_1    -            327   1.8e-15   51.7  35.6   1   1   3.7e-18   2.4e-15   51.3  35.6   190   445     7   268     2   288 0.65 -
GT2_Glycos_transf_2.hmm PF00535.25   170 A5-S03_18_cg185_2    -            257   5.3e-29   96.5   0.0   1   1   2.1e-31   6.6e-29   96.2   0.0     2   168     7   173     6   175 0.96 Glycosyl transferase family 2
GT2_Glyco_tranf_2_3.hmm PF13641.5    230 A5-S03_18_cg185_2    -            257   1.8e-15   52.8   0.0   1   1   7.8e-18   2.5e-15   52.3   0.0     5   123     6   122     3   185 0.84 Glycosyltransferase like family 2
GT2_Glycos_transf_2.hmm PF00535.25   170 A5-S03_18_cg185_4    -            138   5.3e-33  109.5   0.0   1   1   9.1e-36   5.9e-33  109.4   0.0     1   125    11   136    11   138 0.91 Glycosyl transferase family 2
AA7.hmm              -            458 A5-S03_18_cg187_3    -            455   4.7e-21   71.2   1.5   1   1   1.7e-22   1.1e-19   66.7   0.5    18   205    21   206    11   245 0.87 -
GT4.hmm              -            160 A5-S03_18_cg190_4    -            378   9.8e-33  108.4   0.0   1   1   4.8e-35   1.6e-32  107.7   0.0     7   156   193   335   190   339 0.94 -
GT5.hmm              -            472 A5-S03_18_cg190_4    -            378   5.6e-19   63.4   0.0   1   1   2.9e-17   9.2e-15   49.5   0.0   295   471   198   362   153   363 0.89 -
CE14.hmm             -            124 A5-S03_18_cg196_3    -            232   1.3e-18   63.2   0.2   1   1   4.7e-21     3e-18   62.0   0.1     4   117     2   106     1   114 0.90 -
GH1.hmm              -            429 A5-S03_18_cg205_5    -            130   7.8e-66  217.8   0.0   1   1   1.4e-68   9.2e-66  217.6   0.0     4   129     5   130     3   130 0.99 -
CBM50.hmm            -             40 A5-S03_18_cg207_5    -            606   9.9e-44  142.8   0.2   1   2   1.4e-16   4.4e-14   47.9   0.0     1    40   268   311   268   311 0.92 -
CBM50.hmm            -             40 A5-S03_18_cg207_5    -            606   9.9e-44  142.8   0.2   2   2   6.2e-17     2e-14   49.0   0.0     1    39   338   380   338   381 0.92 -
GH23.hmm             -            135 A5-S03_18_cg207_5    -            606   8.3e-19   63.8   0.0   1   1   4.5e-21   1.4e-18   63.0   0.0    14   105    39   144    29   173 0.79 -
GT2_Glycos_transf_2.hmm PF00535.25   170 A5-S03_18_cg228_10   -            331   2.4e-17   58.6   0.0   1   1   5.8e-20   3.7e-17   57.9   0.0     1   140     9   145     9   183 0.86 Glycosyl transferase family 2
GH23.hmm             -            135 A5-S03_18_cg248_3    -            197   7.8e-34  112.4   0.2   1   1   1.8e-36   1.1e-33  111.9   0.2    15   123    83   189    70   194 0.94 -
GT83.hmm             -            540 A5-S03_18_cg252_2    -            529   6.3e-20   66.5  55.3   1   1   1.7e-22   1.1e-19   65.7  55.3    10   360    11   355     2   393 0.69 -
GT83.hmm             -            540 A5-S03_18_cg252_3    -            501   2.5e-25   84.3  73.3   1   1   1.5e-27   9.9e-25   82.3  73.4     4   353     3   358     1   378 0.79 -
GT2_Glycos_transf_2.hmm PF00535.25   170 A5-S03_18_cg252_4    -            239   1.8e-33  111.0   0.0   1   1   3.6e-36   2.3e-33  110.7   0.0     2   169     6   170     5   171 0.91 Glycosyl transferase family 2
GT4.hmm              -            160 A5-S03_18_cg252_5    -            274   8.3e-17   56.6   0.0   1   1   1.9e-19   1.2e-16   56.1   0.0     6    90   189   273   186   274 0.94 -
GT4.hmm              -            160 A5-S03_18_cg259_3    -            399     9e-29   95.5   0.0   1   1   2.1e-31   1.3e-28   95.0   0.0     8   160   206   354   200   354 0.96 -
GT4.hmm              -            160 A5-S03_18_cg259_4    -            414     2e-18   61.8   0.0   1   1   5.5e-21   3.5e-18   61.1   0.0     9   159   226   381   221   382 0.94 -
CE4.hmm              -            130 A5-S03_18_cg259_6    -            282   3.6e-19   64.5   0.0   1   1     1e-21   6.7e-19   63.7   0.0    21   126    40   150    29   153 0.90 -
GT2_Glycos_transf_2.hmm PF00535.25   170 A5-S03_18_cg260_6    -            338   6.7e-33  109.2   0.0   1   1   5.1e-35   1.1e-32  108.5   0.0     1   150     8   151     8   169 0.83 Glycosyl transferase family 2
GT2_Glyco_tranf_2_2.hmm PF10111.8    276 A5-S03_18_cg260_6    -            338   1.3e-16   56.2   0.0   1   1   4.9e-16     1e-13   46.6   0.0     1   104     8   106     8   121 0.89 Glycosyltransferase like family 2
GT2_Glyco_tranf_2_3.hmm PF13641.5    230 A5-S03_18_cg260_6    -            338   1.4e-16   56.3   0.0   1   1   1.2e-18   2.6e-16   55.5   0.0     1   123     5   120     4   193 0.86 Glycosyltransferase like family 2
GT4.hmm              -            160 A5-S03_18_cg260_7    -            368   8.2e-17   56.6   0.0   1   1   7.9e-19   5.1e-16   54.1   0.0    13   153   222   368   216   368 0.94 -
GT83.hmm             -            540 A5-S03_18_cg266_2    -            558   1.1e-86  286.8  57.2   1   1   2.2e-89   1.4e-86  286.4  57.2     5   479     6   499     2   516 0.77 -
GT2_Glycos_transf_2.hmm PF00535.25   170 A5-S03_18_cg266_4    -            243   8.9e-27   89.3   0.0   1   1   1.7e-29   1.1e-26   88.9   0.0     1   168     9   171     9   173 0.88 Glycosyl transferase family 2
GT51.hmm             -            177 A5-S03_18_cg273_2    -            883   4.8e-67  220.1   0.0   1   1   1.4e-69   8.7e-67  219.3   0.0     2   176    60   234    59   235 0.99 -
GT2_Glycos_transf_2.hmm PF00535.25   170 A5-S03_18_cg274_4    -            242   2.5e-32  107.3   0.0   1   1   6.2e-35     4e-32  106.7   0.0     1   126    18   143    18   179 0.84 Glycosyl transferase family 2
GH23.hmm             -            135 A5-S03_18_cg275_3    -            191   4.1e-35  116.5   0.4   1   1   9.8e-38   6.3e-35  115.9   0.4    12   124    74   184    66   188 0.94 -
GT83.hmm             -            540 A5-S03_18_cg276_6    -            223   1.4e-37  124.8  21.3   1   1   2.5e-40   1.6e-37  124.5  21.3    11   211     9   218     1   222 0.88 -
GT4.hmm              -            160 A5-S03_18_cg287_6    -            368   7.1e-23   76.4   0.0   1   1   3.6e-25   2.3e-22   74.7   0.0     6   158   194   338   190   340 0.91 -
GT51.hmm             -            177 A5-S03_18_cg288_7    -            234   4.1e-45  148.7   0.0   1   1   8.7e-48   5.5e-45  148.3   0.0    12   170    60   215    52   220 0.95 -
GT81.hmm             -            293 A5-S03_18_cg291_3    -            411   2.7e-62  205.6   0.0   1   1   1.5e-64   9.3e-62  203.8   0.0    13   265    27   323    18   344 0.86 -
GT2_Glycos_transf_2.hmm PF00535.25   170 A5-S03_18_cg293_4    -            267   1.6e-22   75.4   0.0   1   1   3.2e-25   2.1e-22   75.0   0.0     2   168     9   169     8   171 0.94 Glycosyl transferase family 2
GH15.hmm             -            361 A5-S03_18_cg293_5    -            634   1.9e-76  252.9   0.0   1   1   3.6e-79   2.3e-76  252.6   0.0     4   360   246   603   243   604 0.88 -
GH38.hmm             -            269 A5-S03_18_cg299_24   -            960   1.9e-63  209.8   0.0   1   1   4.5e-66   2.9e-63  209.2   0.0     3   261    10   269     8   275 0.90 -
GT41.hmm             -            705 A5-S03_18_cg300_2    -            582   7.7e-19   62.9   1.7   1   1   2.3e-15   1.5e-12   42.2   0.3    50   191   299   476   260   482 0.79 -
AA3.hmm              -            618 A5-S03_18_cg308_1    -            321   2.7e-27   90.7   0.0   1   1   1.6e-29   3.3e-27   90.4   0.0   214   399     7   318     2   320 0.78 -
AA3_2.hmm            -            568 A5-S03_18_cg308_1    -            321   1.7e-18   61.9   0.0   1   1     5e-17   1.1e-14   49.4   0.0   400   567   148   318   128   319 0.80 -
GT41.hmm             -            705 A5-S03_18_cg311_1    -            681   1.3e-27   92.0   7.6   1   2   1.9e-15   1.2e-12   42.4   1.2    52   198   375   506   341   511 0.84 -
GT41.hmm             -            705 A5-S03_18_cg311_1    -            681   1.3e-27   92.0   7.6   2   2   1.6e-15     1e-12   42.6   0.6    83   191   474   581   471   584 0.89 -
CE4.hmm              -            130 A5-S03_18_cg311_4    -            288   5.6e-21   70.4   0.0   1   1   1.5e-23   9.9e-21   69.6   0.0    23   128    38   147     6   149 0.88 -
GT19.hmm             -            354 A5-S03_18_cg328_2    -            390  1.5e-110  364.4   0.0   1   1  2.7e-113  1.7e-110  364.2   0.0     2   352     7   367     6   369 0.95 -
GT30.hmm             -            177 A5-S03_18_cg328_3    -            427   3.8e-55  181.4   0.0   1   1   1.1e-57   7.2e-55  180.5   0.0     3   175    34   205    32   207 0.97 -
GT4.hmm              -            160 A5-S03_18_cg328_5    -            306   2.5e-34  113.6   0.0   1   1   1.5e-36   4.7e-34  112.7   0.0     3   154   153   301   151   304 0.92 -
GT5.hmm              -            472 A5-S03_18_cg328_5    -            306     6e-18   60.0   0.0   1   1   1.7e-19   5.3e-17   56.9   0.0   277   434   146   294    58   299 0.87 -
GT9.hmm              -            225 A5-S03_18_cg328_7    -            357   1.3e-52  174.2   0.1   1   1     3e-55   1.9e-52  173.7   0.1     4   216    77   321    75   330 0.81 -
GT9.hmm              -            225 A5-S03_18_cg328_8    -            353   2.5e-51  170.0   1.5   1   1   5.1e-54   3.3e-51  169.6   1.5     5   223    76   327    73   329 0.85 -
GT2_Glycos_transf_2.hmm PF00535.25   170 A5-S03_18_cg328_9    -            145   2.8e-20   68.1   0.0   1   1     5e-23   3.2e-20   67.9   0.0     2   123     6   127     5   139 0.90 Glycosyl transferase family 2
CE10.hmm             -            341 A5-S03_18_cg331_7    -            498     5e-46  153.1   1.2   1   1   9.8e-49   6.3e-46  152.8   1.2    48   193    51   209    25   386 0.86 -
GH1.hmm              -            429 A5-S03_18_cg359_4    -            452  3.2e-164  542.0   0.0   1   1  5.9e-167  3.8e-164  541.8   0.0     4   428     5   448     2   449 0.95 -
CE9.hmm              -            373 A5-S03_18_cg361_5    -            388  1.2e-105  348.4   0.0   1   1  2.1e-108  1.4e-105  348.2   0.0     8   373    11   378     4   378 0.94 -
GT28.hmm             -            157 A5-S03_18_cg362_3    -            363   4.8e-53  174.4   0.7   1   1     1e-55   6.7e-53  173.9   0.7     2   157   189   348   188   348 0.97 -
GT4.hmm              -            160 A5-S03_18_cg368_1    -            278   1.2e-19   65.9   0.0   1   1   2.9e-22   1.8e-19   65.2   0.0     6   146    95   233    93   243 0.96 -
GT41.hmm             -            705 A5-S03_18_cg369_6    -            824   1.6e-39  131.3  27.2   1   1   4.9e-15   3.2e-12   41.1   0.8    55   191   519   679   512   681 0.88 -
GH20.hmm             -            337 A5-S03_18_cg374_2    -            651   3.6e-42  140.2   0.0   1   1   9.2e-45   5.9e-42  139.5   0.0     8   336   130   432   124   433 0.81 -
GT20.hmm             -            475 A5-S03_18_cg381_1    -            691  5.3e-176  581.0   0.0   1   1  1.1e-178  7.4e-176  580.5   0.0    14   473     5   452     1   454 0.96 -
GT2_Glycos_transf_2.hmm PF00535.25   170 A5-S03_18_cg384_15   -            847   1.2e-19   66.0   0.0   1   1     3e-22   1.9e-19   65.4   0.0     2   129   605   731   604   757 0.90 Glycosyl transferase family 2
CE10.hmm             -            341 A5-S03_18_cg391_6    -            391   1.3e-21   72.8   0.2   1   1   2.7e-24   1.7e-21   72.5   0.2    92   321   139   355    88   370 0.84 -
CE7.hmm              -            313 A5-S03_18_cg394_7    -            263   7.2e-18   59.8   0.0   1   1   7.4e-18   4.8e-15   50.5   0.0    53   203    32   180     8   182 0.78 -
GT66.hmm             -            693 A5-S03_18_cg398_1    -            406     2e-21   71.3   1.6   1   1   4.2e-24   2.7e-21   70.8   1.6   356   501    10   187     5   225 0.77 -
GH154.hmm            -            348 A5-S03_18_cg407_6    -            677  1.1e-137  454.1   0.1   1   1  2.4e-140  1.5e-137  453.5   0.1     1   348    19   364    19   364 0.99 -
CE10.hmm             -            341 A5-S03_18_cg407_8    -            429   5.6e-59  195.7   0.2   1   1   1.1e-61   7.2e-59  195.4   0.2    32   328    83   406    56   416 0.78 -
GH1.hmm              -            429 A5-S03_18_cg408_9    -            415    7e-137  451.9   0.0   1   1  1.2e-139    8e-137  451.7   0.0    32   428     1   410     1   411 0.95 -
GT89.hmm             -            556 A5-S03_18_cg409_2    -           1037   2.7e-30  100.5  22.4   1   1     7e-32   4.5e-29   96.5  22.4    12   483    32   496    24   545 0.69 -
GH3.hmm              -            216 A5-S03_18_cg413_1    -            519   1.9e-69  228.8   0.0   1   1   5.6e-72   3.6e-69  227.9   0.0     3   216   101   327    99   327 0.97 -
GT2_Glycos_transf_2.hmm PF00535.25   170 A5-S03_18_cg425_6    -            481   4.4e-15   51.2   0.0   1   1   1.2e-17   7.4e-15   50.4   0.0    13   167    28   181    16   183 0.93 Glycosyl transferase family 2
CE1.hmm              -            227 A5-S03_18_cg435_9    -            370   1.4e-17   59.5   0.0   1   1   3.4e-20   2.2e-17   58.9   0.0     8   210   169   350   163   361 0.80 -
GT4.hmm              -            160 A5-S03_18_cg441_1    -            198   5.8e-30   99.4   0.0   1   1   1.1e-32     7e-30   99.1   0.0    10   159     2   151     1   152 0.95 -
GT2_Glycos_transf_2.hmm PF00535.25   170 A5-S03_18_cg441_5    -            246   6.4e-15   50.7   0.0   1   1   1.5e-17   9.3e-15   50.1   0.0     1   126     4   138     4   173 0.91 Glycosyl transferase family 2
GT66.hmm             -            693 A5-S03_18_cg455_3    -            747   4.8e-42  139.4  31.1   1   1   9.9e-45   6.3e-42  139.0  31.1    30   535    43   579    18   596 0.80 -
GT83.hmm             -            540 A5-S03_18_cg461_8    -            563   7.8e-21   69.5  63.3   1   1   1.5e-21   9.4e-19   62.6  63.3    64   367    59   420     1   451 0.67 -
GT89.hmm             -            556 A5-S03_18_cg466_4    -            515   5.4e-34  112.7  28.4   1   1   1.5e-35   9.8e-33  108.5  29.2     4   356    22   366    19   375 0.74 -
GT2_Glycos_transf_2.hmm PF00535.25   170 A5-S03_18_cg469_11   -            342   8.7e-31  102.3   0.0   1   1   4.1e-33   1.3e-30  101.7   0.0     1   167     7   178     7   181 0.88 Glycosyl transferase family 2
GT2_Glyco_tranf_2_3.hmm PF13641.5    230 A5-S03_18_cg469_11   -            342   6.2e-16   54.2   0.0   1   1   3.4e-18   1.1e-15   53.4   0.0     1   214     4   218     3   229 0.80 Glycosyltransferase like family 2
AA3.hmm              -            618 A5-S03_18_cg469_20   -            513   1.4e-53  177.5   0.0   1   1   1.8e-55   1.9e-53  177.0   0.0    87   398    20   509    12   512 0.76 -
AA3_2.hmm            -            568 A5-S03_18_cg469_20   -            513     4e-39  130.0   0.0   1   2   2.8e-25     3e-23   77.6   0.0     2   309    22   288    21   312 0.77 -
AA3_2.hmm            -            568 A5-S03_18_cg469_20   -            513     4e-39  130.0   0.0   2   2   3.2e-16   3.4e-14   47.7   0.0   413   566   353   509   303   511 0.83 -
AA3_1.hmm            -            548 A5-S03_18_cg469_20   -            513   3.8e-37  123.3   0.1   1   1     1e-26   1.1e-24   82.2   0.1    14   277    20   272    13   275 0.83 -
#
# Program:         hmmscan
# Version:         3.3.1 (Jul 2020)
# Pipeline mode:   SCAN
# Query file:      /beegfs/home/lxd/2_sea_metagenomics/6.metabat2/bins_redup_refinem_drep/derep_70_10/derepbins_prodigal/A5-S03_18.proteins.faa
# Target file:     /beegfs/home/lxd/4_salt_metagenomics/tools/CAZy/dbCAN-HMMdb-V8.txt
# Option settings: hmmscan --tblout A5-S03_18.tbl --domtblout A5-S03_18_dom.tbl --acc --noali --notextw -E 1e-14 --domE 1e-14 --cpu 30 /beegfs/home/lxd/4_salt_metagenomics/tools/CAZy/dbCAN-HMMdb-V8.txt /beegfs/home/lxd/2_sea_metagenomics/6.metabat2/bins_redup_refinem_drep/derep_70_10/derepbins_prodigal/A5-S03_18.proteins.faa 
# Current dir:     /beegfs/home/lxd/2_sea_metagenomics/6.metabat2/bins_redup_refinem_drep/derep_70_10/derepbins_cazy
# Date:            Thu Mar  4 09:12:47 2021
# [ok]
