#                                                                            --- full sequence --- -------------- this domain -------------   hmm coord   ali coord   env coord
# target name        accession   tlen query name           accession   qlen   E-value  score  bias   #  of  c-Evalue  i-Evalue  score  bias  from    to  from    to  from    to  acc description of target
#------------------- ---------- ----- -------------------- ---------- ----- --------- ------ ----- --- --- --------- --------- ------ ----- ----- ----- ----- ----- ----- ----- ---- ---------------------
CBM9.hmm             -            182 A5-S03_6_cg5_3       -            683     2e-16   55.9   1.1   1   1   7.5e-19   4.8e-16   54.7   1.1     1   148     9   166     9   194 0.84 -
GT41.hmm             -            705 A5-S03_6_cg24_5      -            189   2.4e-16   54.7   8.7   1   1   1.8e-16   1.2e-13   45.8   5.6    68   191    72   185    70   187 0.95 -
CBM9.hmm             -            182 A5-S03_6_cg40_3      -            720   1.9e-23   78.8   0.1   1   1     5e-26   3.2e-23   78.1   0.1     2   153    43   205    42   225 0.89 -
CBM9.hmm             -            182 A5-S03_6_cg40_4      -            722   2.5e-17   58.9   0.1   1   1   7.5e-20   4.8e-17   57.9   0.1     2   148    45   202    44   231 0.86 -
CE3.hmm              -            194 A5-S03_6_cg40_6      -            227   4.1e-15   51.5   0.0   1   1     9e-18   5.7e-15   51.0   0.0    24   183    47   210    44   215 0.78 -
GT2_Glycos_transf_2.hmm PF00535.25   170 A5-S03_6_cg67_1      -            310     2e-25   84.9   0.0   1   1   1.5e-27   3.2e-25   84.2   0.0     1   169     5   178     5   179 0.91 Glycosyl transferase family 2
GT2_Glyco_tranf_2_3.hmm PF13641.5    230 A5-S03_6_cg67_1      -            310   2.8e-22   75.0   0.0   1   1     2e-24   4.2e-22   74.4   0.0     4   214     4   218     2   235 0.85 Glycosyltransferase like family 2
GT27.hmm                -            295 A5-S03_6_cg67_1      -            310   5.5e-16   54.0   0.0   1   1   7.3e-18   1.6e-15   52.5   0.0     2   236     6   228     5   239 0.78 -
GH63.hmm             -            570 A5-S03_6_cg73_5      -            393   1.1e-37  125.1   0.0   1   1   2.1e-40   1.4e-37  124.8   0.0   389   562     1   377     1   383 0.95 -
CBM9.hmm             -            182 A5-S03_6_cg74_3      -            733   1.4e-21   72.7   0.7   1   1   4.1e-24   2.6e-21   71.8   0.7     2   149    47   205    46   233 0.84 -
GT4.hmm              -            160 A5-S03_6_cg74_9      -            374   6.6e-16   53.7   0.0   1   1   1.8e-18   1.1e-15   52.9   0.0     9   157   198   341   193   344 0.91 -
GT2_Glycos_transf_2.hmm PF00535.25   170 A5-S03_6_cg74_11     -            287   3.5e-23   77.6   0.0   1   1   6.7e-26   4.3e-23   77.3   0.0     1   131     4   130     4   195 0.79 Glycosyl transferase family 2
GT41.hmm             -            705 A5-S03_6_cg75_2      -            483   5.5e-37  122.9  14.9   1   1   6.8e-16   4.4e-13   43.9   0.4    79   191   233   351   223   357 0.91 -
AA12.hmm             -            401 A5-S03_6_cg79_3      -            383   3.8e-19   63.8   0.0   1   1   2.2e-18   1.4e-15   52.1   0.0    13   343    45   331    35   339 0.81 -
CBM9.hmm             -            182 A5-S03_6_cg83_1      -            185   8.2e-19   63.7   1.9   1   1   1.5e-21   9.5e-19   63.5   1.9     2   130    49   185    48   185 0.90 -
CBM9.hmm             -            182 A5-S03_6_cg83_2      -            734   8.2e-22   73.5   3.1   1   1   1.3e-24   8.2e-22   73.5   3.1     2   148    50   208    49   230 0.89 -
GT51.hmm             -            177 A5-S03_6_cg87_10     -            755     2e-59  195.3   0.0   1   1   5.4e-62   3.4e-59  194.6   0.0     1   177    66   241    66   241 0.98 -
GT28.hmm             -            157 A5-S03_6_cg92_3      -            359   3.9e-53  174.7   0.0   1   1   1.1e-55   7.1e-53  173.8   0.0     2   156   184   342   183   343 0.97 -
CE11.hmm             -            271 A5-S03_6_cg106_2     -            291  1.4e-105  347.8   0.0   1   1  2.4e-108  1.5e-105  347.6   0.0     1   269     2   268     2   270 0.99 -
GT4.hmm              -            160 A5-S03_6_cg107_1     -            359   3.3e-38  126.2   0.0   1   1   7.8e-41     5e-38  125.6   0.0     8   157   179   328   172   331 0.94 -
GT4.hmm              -            160 A5-S03_6_cg107_2     -            375   2.1e-41  136.6   0.0   1   1   9.5e-44     3e-41  136.0   0.0     5   160   184   343   180   343 0.97 -
GT5.hmm              -            472 A5-S03_6_cg107_2     -            375   4.9e-25   83.4   0.0   1   1   3.5e-27   1.1e-24   82.2   0.0   242   470   158   366   145   368 0.86 -
GT9.hmm              -            225 A5-S03_6_cg107_3     -            185   5.2e-34  113.4   0.0   1   1   9.2e-37   5.9e-34  113.2   0.0    83   213    11   155     1   167 0.85 -
AA3.hmm              -            618 A5-S03_6_cg109_3     -            500   9.3e-51  168.2   0.0   1   1   8.1e-53     1e-50  168.0   0.0    86   402     2   496     1   499 0.73 -
AA3_2.hmm            -            568 A5-S03_6_cg109_3     -            500   7.5e-40  132.4   0.3   1   2   6.5e-15   8.4e-13   43.1   0.0     2   124     5   127     4   163 0.85 -
AA3_2.hmm            -            568 A5-S03_6_cg109_3     -            500   7.5e-40  132.4   0.3   2   2   2.5e-15   3.2e-13   44.5   0.0   213   310   194   288   181   303 0.90 -
AA3_1.hmm            -            548 A5-S03_6_cg109_3     -            500   1.4e-22   75.2   0.6   1   1   2.9e-15   3.7e-13   44.1   0.8    13   284     2   269     1   283 0.75 -
CBM9.hmm             -            182 A5-S03_6_cg113_6     -            739   7.4e-20   67.1   0.6   1   1   2.4e-22   1.5e-19   66.1   0.6     2   148    64   220    63   233 0.87 -
CBM9.hmm             -            182 A5-S03_6_cg117_1     -            738   5.2e-20   67.6   0.1   1   1   1.6e-22   1.1e-19   66.6   0.1     1   153    37   225    37   239 0.84 -
GT2_Glycos_transf_2.hmm PF00535.25   170 A5-S03_6_cg120_4     -            358   2.8e-31  103.9   0.1   1   1   3.1e-33     1e-30  102.1   0.0     1   170     6   179     6   179 0.94 Glycosyl transferase family 2
GT2_Glyco_tranf_2_3.hmm PF13641.5    230 A5-S03_6_cg120_4     -            358   1.5e-20   69.3   0.0   1   1     2e-22   6.3e-20   67.3   0.0     4   227     5   237     3   240 0.80 Glycosyltransferase like family 2
GT9.hmm              -            225 A5-S03_6_cg121_3     -            353   3.4e-62  205.6   0.1   1   1   6.8e-65   4.4e-62  205.2   0.1     5   221    72   326    68   330 0.88 -
GT30.hmm             -            177 A5-S03_6_cg121_5     -            440     5e-61  200.5   0.0   1   1   2.3e-60   1.5e-57  189.2   0.0     6   176    41   216    38   217 0.94 -
AA3.hmm              -            618 A5-S03_6_cg122_5     -            506   1.1e-48  161.3   0.0   1   1     8e-51   1.3e-48  161.1   0.0    88   397     4   498     1   504 0.77 -
AA3_2.hmm            -            568 A5-S03_6_cg122_5     -            506   5.1e-38  126.3   0.0   1   1   1.5e-29   2.4e-27   91.1   0.0     2   312     5   291     4   303 0.79 -
AA3_1.hmm            -            548 A5-S03_6_cg122_5     -            506   5.1e-29   96.5   0.0   1   1   2.6e-20   4.2e-18   60.5   0.0    13   282     2   268     1   270 0.84 -
AA3.hmm              -            618 A5-S03_6_cg125_1     -            330     1e-32  108.6   0.0   1   1   5.6e-35   1.2e-32  108.4   0.0    85   284     4   288     1   323 0.76 -
AA3_2.hmm            -            568 A5-S03_6_cg125_1     -            330   3.5e-28   93.9   0.1   1   1   8.5e-29   1.8e-26   88.2   0.1     3   318     9   299     7   307 0.81 -
AA3_1.hmm            -            548 A5-S03_6_cg125_1     -            330   9.6e-16   52.7   1.3   1   1   3.7e-17   7.9e-15   49.6   1.3    13   320     5   295     1   305 0.77 -
GT2_Glycos_transf_2.hmm PF00535.25   170 A5-S03_6_cg126_3     -            322   1.8e-26   88.3   0.0   1   1   4.2e-29   2.7e-26   87.7   0.0     1   128     8   138     8   173 0.88 Glycosyl transferase family 2
AA3.hmm              -            618 A5-S03_6_cg138_4     -            507   4.5e-39  129.6   0.0   1   1   4.1e-41   5.3e-39  129.3   0.0    87   378     3   479     1   500 0.76 -
AA3_2.hmm            -            568 A5-S03_6_cg138_4     -            507   2.2e-31  104.4   0.2   1   1   7.1e-26   9.1e-24   79.3   0.3     1   322     4   301     4   335 0.79 -
AA3_1.hmm            -            548 A5-S03_6_cg138_4     -            507   2.4e-22   74.4   5.9   1   1   2.6e-21   3.3e-19   64.1   5.9    15   524     4   478     1   501 0.70 -
GT2_Glycos_transf_2.hmm PF00535.25   170 A5-S03_6_cg143_2     -            256   4.7e-28   93.4   0.0   1   1     1e-30   6.5e-28   92.9   0.0     1   166     4   168     4   171 0.97 Glycosyl transferase family 2
GT2_Glyco_tranf_2_3.hmm PF13641.5    230 A5-S03_6_cg144_2     -            475   2.5e-28   94.8   0.1   1   1   1.8e-28   3.9e-26   87.6   0.1     1   230    63   331    63   331 0.81 Glycosyltransferase like family 2
GT2_Glycos_transf_2.hmm PF00535.25   170 A5-S03_6_cg144_2     -            475   7.5e-23   76.5   0.0   1   1   2.8e-24   5.9e-22   73.6   0.0     1   117    66   204    66   270 0.83 Glycosyl transferase family 2
GT2_Glyco_trans_2_3.hmm PF13632.5    197 A5-S03_6_cg144_2     -            475   4.5e-19   64.4   1.7   1   1   4.2e-21     9e-19   63.4   1.7     4   191   172   400   169   406 0.71 Glycosyl transferase family group 2
GT41.hmm             -            705 A5-S03_6_cg150_3     -            411   6.4e-49  162.4  21.4   1   2   2.4e-16   1.6e-13   45.4   1.8    95   190    53   138    24   139 0.83 -
GT41.hmm             -            705 A5-S03_6_cg150_3     -            411   6.4e-49  162.4  21.4   2   2   8.3e-21   5.3e-18   60.1   0.5    79   191   105   214   104   226 0.94 -
CE10.hmm             -            341 A5-S03_6_cg158_3     -            317   5.6e-39  130.0   0.1   1   1   1.1e-41   7.1e-39  129.6   0.1    69   308    39   270    19   287 0.74 -
GH23.hmm             -            135 A5-S03_6_cg161_2     -            544   1.1e-23   79.5   0.1   1   1     6e-26   1.9e-23   78.7   0.1    10   120   195   322   186   334 0.89 -
CBM50.hmm            -             40 A5-S03_6_cg161_2     -            544   1.2e-23   78.5   0.2   1   1   3.1e-16     1e-13   46.8   0.1     1    39   482   524   482   524 0.87 -
CBM9.hmm             -            182 A5-S03_6_cg168_3     -            726   1.9e-20   69.0   0.0   1   1   6.7e-23   4.3e-20   67.9   0.0     2   165    44   214    43   231 0.83 -
AA3.hmm              -            618 A5-S03_6_cg169_2     -            516   8.8e-60  198.0   0.0   1   1   6.2e-62   9.9e-60  197.8   0.0    86   400     3   513     1   515 0.73 -
AA3_2.hmm            -            568 A5-S03_6_cg169_2     -            516   9.4e-27   89.2   0.0   1   1   8.9e-19   1.4e-16   55.5   0.0     2   280     6   282     5   283 0.71 -
GH63.hmm             -            570 A5-S03_6_cg169_6     -            248   5.4e-27   89.8   0.5   1   1     1e-29   6.7e-27   89.5   0.5   329   468    18   178    11   206 0.86 -
GT4.hmm              -            160 A5-S03_6_cg176_2     -            376   4.3e-44  145.3   0.0   1   1   1.8e-46   5.8e-44  144.9   0.0     6   157   193   341   188   345 0.97 -
GT5.hmm              -            472 A5-S03_6_cg176_2     -            376     2e-22   74.8   0.0   1   1   1.7e-22   5.3e-20   66.7   0.0   202   471    68   368    45   369 0.79 -
CE14.hmm             -            124 A5-S03_6_cg176_3     -            246   3.4e-24   81.3   0.0   1   1     1e-26   6.5e-24   80.4   0.0     2   124     7   111     6   111 0.97 -
GH3.hmm              -            216 A5-S03_6_cg177_3     -            385     4e-52  172.2   0.0   1   1     8e-55   5.1e-52  171.8   0.0     4   215   103   330   100   331 0.93 -
GT4.hmm              -            160 A5-S03_6_cg179_4     -            425   1.5e-16   55.8   0.0   1   1   4.8e-19   3.1e-16   54.8   0.0    12   152   224   381   218   386 0.81 -
GT41.hmm             -            705 A5-S03_6_cg181_3     -            463     1e-38  128.6  23.6   1   2   6.1e-18   3.9e-15   50.7   0.6    74   191   279   386   278   387 0.91 -
GT41.hmm             -            705 A5-S03_6_cg181_3     -            463     1e-38  128.6  23.6   2   2   8.2e-15   5.3e-12   40.3   2.5    79   190   352   453   350   457 0.94 -
GT4.hmm              -            160 A5-S03_6_cg182_6     -            365   2.2e-40  133.2   0.0   1   1     1e-42   3.3e-40  132.7   0.0    11   159   184   330   178   331 0.98 -
GT5.hmm              -            472 A5-S03_6_cg182_6     -            365   2.1e-19   64.7   0.0   1   1   1.5e-21   4.7e-19   63.6   0.0   291   471   181   355   170   356 0.90 -
GT2_Glycos_transf_2.hmm PF00535.25   170 A5-S03_6_cg182_7     -            262     1e-17   59.7   0.0   1   1   2.7e-20   1.8e-17   59.0   0.0     1   142     5   137     5   153 0.81 Glycosyl transferase family 2
GT2_Glycos_transf_2.hmm PF00535.25   170 A5-S03_6_cg182_8     -            352   2.7e-16   55.1   0.0   1   1   6.5e-19   4.2e-16   54.5   0.0     1   169     6   188     6   189 0.88 Glycosyl transferase family 2
AA3.hmm              -            618 A5-S03_6_cg184_2     -            760   5.2e-39  129.4   0.0   1   1   5.7e-41   7.3e-39  128.9   0.0    82   399   229   746   217   754 0.71 -
AA3_2.hmm            -            568 A5-S03_6_cg184_2     -            760   5.6e-34  113.0   0.2   1   1   1.1e-30   1.4e-28   95.2   0.0     3   317   237   543   235   576 0.80 -
GT9.hmm              -            225 A5-S03_6_cg186_2     -            346     1e-49  164.7   0.0   1   1   2.1e-52   1.3e-49  164.4   0.0     2   216    78   320    77   332 0.89 -
GT4.hmm              -            160 A5-S03_6_cg188_3     -            364   3.4e-30  100.1   0.0   1   1   2.2e-32   1.4e-29   98.1   0.0    18   153   199   332   188   337 0.96 -
GT41.hmm             -            705 A5-S03_6_cg212_2     -            339   1.5e-25   85.1  16.5   1   1   3.6e-16   2.3e-13   44.8   1.3    73   191   139   246   111   253 0.74 -
AA3.hmm              -            618 A5-S03_6_cg217_4     -            502   1.1e-46  154.7   0.0   1   1   7.8e-49   1.3e-46  154.5   0.0    87   401     3   498     1   501 0.76 -
AA3_2.hmm            -            568 A5-S03_6_cg217_4     -            502   9.5e-37  122.2   0.0   1   1   4.2e-28   6.7e-26   86.4   0.0     2   313     5   289     4   306 0.81 -
AA3_1.hmm            -            548 A5-S03_6_cg217_4     -            502   3.4e-25   83.9   1.1   1   1   6.1e-15   9.7e-13   42.8   0.2    13   282     2   265     1   267 0.71 -
GH33.hmm             -            342 A5-S03_6_cg223_3     -            444   4.3e-18   61.0   2.1   1   1   1.4e-17   9.1e-15   50.0   0.1    25   193   184   341   166   349 0.81 -
GH3.hmm              -            216 A5-S03_6_cg225_2     -            581   8.6e-74  243.0   0.0   1   1   1.9e-76   1.2e-73  242.5   0.0     5   215   105   330   101   331 0.95 -
CBM9.hmm             -            182 A5-S03_6_cg226_8     -            757   4.9e-18   61.2   0.2   1   1   1.4e-20   8.8e-18   60.4   0.2     1   149    76   234    76   263 0.83 -
CE1.hmm              -            227 A5-S03_6_cg227_3     -            320   8.8e-46  151.7   0.0   1   1   1.6e-48     1e-45  151.5   0.0     1   225    53   317    53   319 0.87 -
CE10.hmm             -            341 A5-S03_6_cg254_11    -            635   8.8e-20   66.8   0.0   1   1   2.2e-22   1.4e-19   66.2   0.0    93   312   401   613   321   627 0.84 -
CBM9.hmm             -            182 A5-S03_6_cg264_2     -            736   9.6e-20   66.7   0.2   1   1   3.8e-22   2.4e-19   65.4   0.2     1   180    47   231    47   232 0.84 -
GT41.hmm             -            705 A5-S03_6_cg268_2     -            327   1.1e-15   52.5   2.3   1   1   5.2e-15   3.3e-12   41.0   0.2   100   190   133   232    88   233 0.71 -
GT83.hmm             -            540 A5-S03_6_cg275_4     -            569   7.7e-21   69.5  38.5   1   1   4.5e-23   2.9e-20   67.6  38.5     3   352    15   382    13   413 0.75 -
GT2_Glycos_transf_2.hmm PF00535.25   170 A5-S03_6_cg275_9     -            345   1.4e-31  104.9   0.0   1   1   3.1e-34     2e-31  104.4   0.0     2   168    15   177    14   179 0.91 Glycosyl transferase family 2
GH109.hmm            -            126 A5-S03_6_cg275_12    -            338   1.6e-19   65.8   0.1   1   1   8.5e-22   5.4e-19   64.1   0.1     1   122     2   114     2   118 0.92 -
GT81.hmm             -            293 A5-S03_6_cg276_4     -            405   5.4e-67  221.0   0.0   1   1   1.8e-69   1.1e-66  219.9   0.0    12   279    18   317    10   329 0.84 -
CE4.hmm              -            130 A5-S03_6_cg284_3     -            267   1.3e-15   53.1   0.0   1   1   3.2e-18     2e-15   52.4   0.0     8   124    63   192    57   197 0.87 -
GT9.hmm              -            225 A5-S03_6_cg289_2     -            410   2.3e-37  124.4   0.0   1   1   4.8e-40   3.1e-37  123.9   0.0     3   213   113   376   111   390 0.83 -
GT41.hmm             -            705 A5-S03_6_cg289_3     -            673   3.4e-44  146.7  21.6   1   3   2.2e-15   1.4e-12   42.2   3.2   109   191   405   485   382   486 0.84 -
GT41.hmm             -            705 A5-S03_6_cg289_3     -            673   3.4e-44  146.7  21.6   2   3   2.8e-16   1.8e-13   45.2   1.1   121   191   482   553   481   554 0.92 -
GT41.hmm             -            705 A5-S03_6_cg289_3     -            673   3.4e-44  146.7  21.6   3   3   3.2e-17   2.1e-14   48.3   0.3   117   191   546   621   545   622 0.91 -
GT41.hmm             -            705 A5-S03_6_cg289_4     -            675   2.5e-48  160.4   3.1   1   3   4.5e-17   2.9e-14   47.8   0.0    96   191   399   484   384   485 0.80 -
GT41.hmm             -            705 A5-S03_6_cg289_4     -            675   2.5e-48  160.4   3.1   2   3   1.4e-18   9.1e-16   52.8   0.0   118   191   478   552   477   554 0.95 -
GT41.hmm             -            705 A5-S03_6_cg289_4     -            675   2.5e-48  160.4   3.1   3   3   3.8e-15   2.4e-12   41.4   0.0   118   191   546   620   544   621 0.97 -
CBM9.hmm             -            182 A5-S03_6_cg290_1     -            726   8.9e-22   73.4   0.3   1   1     2e-24   1.3e-21   72.8   0.3     1   180    48   234    48   235 0.83 -
AA7.hmm              -            458 A5-S03_6_cg302_1     -            968   4.1e-16   54.9   0.1   1   1   9.4e-17     6e-14   47.8   0.0    12   148    40   179    36   189 0.87 -
CE10.hmm             -            341 A5-S03_6_cg314_2     -            647   2.2e-17   59.0   0.0   1   1   5.8e-20   3.7e-17   58.2   0.0    72   336   378   638   356   643 0.76 -
CE10.hmm             -            341 A5-S03_6_cg321_2     -            651   7.4e-32  106.6   0.1   1   1   3.7e-34   1.2e-31  105.9   0.1    93   316   379   602   301   613 0.82 -
CE1.hmm              -            227 A5-S03_6_cg321_2     -            651   9.3e-17   56.8   0.0   1   1   6.2e-19     2e-16   55.7   0.0    20   209   382   596   369   611 0.77 -
AA3.hmm              -            618 A5-S03_6_cg323_2     -            519   8.8e-46  151.7   0.0   1   1     8e-48     1e-45  151.5   0.0    87   388     3   500     1   517 0.76 -
AA3_2.hmm            -            568 A5-S03_6_cg323_2     -            519   4.9e-39  129.7   0.0   1   1   4.2e-32   5.4e-30   99.9   0.0     2   307     5   287     4   309 0.81 -
AA3_1.hmm            -            548 A5-S03_6_cg323_2     -            519   2.8e-27   90.7   0.0   1   1   1.3e-22   1.7e-20   68.4   0.0    15   284     4   271     2   284 0.79 -
GT2_Glycos_transf_2.hmm PF00535.25   170 A5-S03_6_cg335_1     -            230   7.8e-18   60.2   0.0   1   1   1.5e-20   9.9e-18   59.8   0.0     1   117     9   113     9   148 0.87 Glycosyl transferase family 2
CE14.hmm             -            124 A5-S03_6_cg337_1     -            852   8.6e-19   63.8   0.5   1   1   6.7e-21   4.3e-18   61.6   0.0     1   121     9   128     9   133 0.87 -
GT41.hmm             -            705 A5-S03_6_cg338_3     -            632   3.1e-49  163.4  29.8   1   2   9.3e-15     6e-12   40.1   0.7    84   191   280   393   269   398 0.88 -
GT41.hmm             -            705 A5-S03_6_cg338_3     -            632   3.1e-49  163.4  29.8   2   2   1.8e-18   1.2e-15   52.4   0.7    85   191   491   603   488   610 0.90 -
AA7.hmm              -            458 A5-S03_6_cg348_2     -            458   4.5e-16   54.8   0.1   1   1   1.1e-16   6.8e-14   47.6   0.0    47   194    49   195    22   215 0.86 -
GT21.hmm             -            233 A5-S03_6_cg361_3     -            410   1.4e-30  101.8   0.0   1   1     3e-33   1.9e-30  101.4   0.0     1   210    49   255    49   275 0.90 -
GT2_Glycos_transf_2.hmm PF00535.25   170 A5-S03_6_cg362_4     -            776   1.8e-24   81.8   0.0   1   1   1.8e-26   3.8e-24   80.7   0.0     1   133    54   189    54   225 0.82 Glycosyl transferase family 2
GT27.hmm                -            295 A5-S03_6_cg362_4     -            776   5.6e-21   70.4   0.0   1   1   3.7e-23   7.8e-21   69.9   0.0    29   235    82   278    54   303 0.83 -
GT2_Glyco_tranf_2_3.hmm PF13641.5    230 A5-S03_6_cg362_4     -            776     2e-20   68.9   0.0   1   1   3.6e-22   7.8e-20   67.0   0.0     4   225    53   289    51   293 0.75 Glycosyltransferase like family 2
AA12.hmm             -            401 A5-S03_6_cg377_6     -            420   5.9e-24   79.7   0.0   1   1   7.2e-15   4.6e-12   40.5   0.0    11   208    71   255    62   267 0.78 -
CBM9.hmm             -            182 A5-S03_6_cg379_2     -            729   1.1e-17   60.0   0.0   1   1   3.1e-20     2e-17   59.2   0.0     2   148    53   209    52   231 0.84 -
GT41.hmm             -            705 A5-S03_6_cg381_4     -           1076   1.9e-17   58.3   1.9   1   1   7.4e-15   4.7e-12   40.5   0.8    72   194    89   200    87   216 0.95 -
GT41.hmm             -            705 A5-S03_6_cg383_11    -            633   6.3e-69  228.5  53.3   1   5   1.3e-15   8.4e-13   43.0   0.1    80   198   193   317   185   324 0.93 -
GT41.hmm             -            705 A5-S03_6_cg383_11    -            633   6.3e-69  228.5  53.3   2   5   8.4e-16   5.4e-13   43.6   2.7    86   191   283   394   281   400 0.93 -
GT41.hmm             -            705 A5-S03_6_cg383_11    -            633   6.3e-69  228.5  53.3   3   5     3e-16   1.9e-13   45.1   3.9    81   191   320   436   316   442 0.92 -
GT41.hmm             -            705 A5-S03_6_cg383_11    -            633   6.3e-69  228.5  53.3   4   5   2.2e-16   1.4e-13   45.5   1.5    80   191   403   520   395   526 0.90 -
GT41.hmm             -            705 A5-S03_6_cg383_11    -            633   6.3e-69  228.5  53.3   5   5   5.1e-18   3.3e-15   50.9   0.5    80   191   445   562   441   568 0.92 -
GT2_Glycos_transf_2.hmm PF00535.25   170 A5-S03_6_cg386_9     -            386   8.2e-22   73.1   0.0   1   1   5.7e-24   1.2e-21   72.5   0.0     1    99    48   149    48   158 0.91 Glycosyl transferase family 2
GT2_Glyco_tranf_2_3.hmm PF13641.5    230 A5-S03_6_cg386_9     -            386   8.6e-20   66.9   0.0   1   1   6.9e-22   1.5e-19   66.1   0.0     1   201    45   247    45   253 0.84 Glycosyltransferase like family 2
GT21.hmm                -            233 A5-S03_6_cg386_9     -            386   1.9e-16   55.6   0.0   1   1   1.2e-18   2.7e-16   55.1   0.0     1   202    45   246    45   255 0.88 -
GH74.hmm             -            233 A5-S03_6_cg389_5     -            255   2.4e-24   81.3   0.1   1   1   5.3e-16   3.4e-13   44.8   0.1    39   113    63   132    31   138 0.86 -
GH23.hmm             -            135 A5-S03_6_cg399_11    -            500   9.9e-19   63.5   0.1   1   1   5.3e-21   1.7e-18   62.7   0.1     2   105   163   285   162   309 0.83 -
CBM9.hmm             -            182 A5-S03_6_cg405_1     -            690   1.9e-21   72.3   0.2   1   1   6.7e-24   4.3e-21   71.1   0.2     2   164     6   176     5   193 0.84 -
CBM9.hmm             -            182 A5-S03_6_cg407_1     -            723   9.4e-15   50.5   0.1   1   1   2.2e-17   1.4e-14   49.9   0.1     2   178    45   227    44   230 0.80 -
CBM9.hmm             -            182 A5-S03_6_cg410_1     -            474   1.3e-22   76.1   0.2   1   1   3.1e-25     2e-22   75.5   0.2     2   164    28   196    27   213 0.85 -
GT81.hmm             -            293 A5-S03_6_cg415_3     -            456   1.1e-65  216.7   0.0   1   1   2.4e-68   1.5e-65  216.2   0.0    21   264    51   290    34   324 0.94 -
CBM9.hmm             -            182 A5-S03_6_cg428_2     -            303   3.4e-23   78.0   0.2   1   1   7.1e-26   4.5e-23   77.6   0.2     2   148    52   208    51   225 0.85 -
GT2_Glycos_transf_2.hmm PF00535.25   170 A5-S03_6_cg430_3     -            252   1.1e-18   62.9   0.0   1   1   2.4e-21   1.5e-18   62.4   0.0     2   168     9   169     8   170 0.95 Glycosyl transferase family 2
GT2_Glycos_transf_2.hmm PF00535.25   170 A5-S03_6_cg430_4     -            346   3.6e-27   90.5   0.0   1   1   2.2e-29   4.8e-27   90.1   0.0     1    98    19   119    19   189 0.90 Glycosyl transferase family 2
GT2_Glyco_tranf_2_3.hmm PF13641.5    230 A5-S03_6_cg430_4     -            346     4e-18   61.4   0.0   1   1   5.5e-20   1.2e-17   59.9   0.0     4   203    18   216    16   239 0.85 Glycosyltransferase like family 2
GT27.hmm                -            295 A5-S03_6_cg430_4     -            346   2.1e-16   55.4   0.0   1   1   2.5e-15   5.4e-13   44.2   0.0     1   101    19   119    19   134 0.82 -
GT83.hmm             -            540 A5-S03_6_cg430_5     -            526   2.2e-23   77.9  50.2   1   1   6.4e-26   4.1e-23   77.0  50.2    19   361    23   365     3   428 0.68 -
GT2_Glycos_transf_2.hmm PF00535.25   170 A5-S03_6_cg433_2     -            253   4.2e-21   70.8   0.0   1   1   1.6e-23   5.2e-21   70.5   0.0     1   121     7   132     7   176 0.90 Glycosyl transferase family 2
GT81.hmm                -            293 A5-S03_6_cg433_2     -            253     3e-17   57.7   0.0   1   1   1.3e-19     4e-17   57.3   0.0    21   127     4   108     1   111 0.91 -
CBM9.hmm             -            182 A5-S03_6_cg441_2     -            715   1.5e-22   75.9   0.1   1   1   4.9e-25   3.1e-22   74.9   0.1     2   164    42   210    41   227 0.87 -
GT83.hmm             -            540 A5-S03_6_cg442_5     -            503   1.7e-18   61.7  57.1   1   1     1e-18   6.6e-16   53.2  20.6    24   214    41   243    20   253 0.71 -
GH140.hmm            -            412 A5-S03_6_cg443_2     -            516   8.7e-22   72.8   8.5   1   1   5.2e-22   3.3e-19   64.3   8.5     6   405   120   500   114   508 0.77 -
CBM9.hmm             -            182 A5-S03_6_cg448_4     -            770   4.2e-22   74.4   0.3   1   1   9.6e-25   6.2e-22   73.9   0.3     1   163    86   263    86   282 0.80 -
GT4.hmm              -            160 A5-S03_6_cg454_5     -            370   1.1e-37  124.4   0.0   1   1   4.8e-40   1.5e-37  124.0   0.0     8   157   190   339   183   343 0.93 -
GT5.hmm              -            472 A5-S03_6_cg454_5     -            370   1.8e-15   51.8   0.0   1   1   6.7e-18   2.1e-15   51.6   0.0   289   467   188   361   122   366 0.83 -
GT4.hmm              -            160 A5-S03_6_cg454_6     -            364   1.3e-30  101.5   0.0   1   1   3.3e-33   2.1e-30  100.8   0.0    12   153   193   332   184   337 0.95 -
GT41.hmm             -            705 A5-S03_6_cg459_1     -            594   1.4e-27   91.8  32.0   1   1   6.1e-16   3.9e-13   44.1   6.8    26   191    16   171     2   173 0.75 -
GH74.hmm             -            233 A5-S03_6_cg461_11    -            642     5e-59  194.8   7.5   1   2   1.2e-15   7.9e-13   43.6   0.0    41   115    49   126    34   143 0.87 -
GH74.hmm             -            233 A5-S03_6_cg461_11    -            642     5e-59  194.8   7.5   2   2   2.4e-15   1.5e-12   42.7   0.1    43   108   233   295   215   300 0.89 -
#
# Program:         hmmscan
# Version:         3.3.1 (Jul 2020)
# Pipeline mode:   SCAN
# Query file:      /beegfs/home/lxd/2_sea_metagenomics/6.metabat2/bins_redup_refinem_drep/derep_70_10/derepbins_prodigal/A5-S03_6.proteins.faa
# Target file:     /beegfs/home/lxd/4_salt_metagenomics/tools/CAZy/dbCAN-HMMdb-V8.txt
# Option settings: hmmscan --tblout A5-S03_6.tbl --domtblout A5-S03_6_dom.tbl --acc --noali --notextw -E 1e-14 --domE 1e-14 --cpu 30 /beegfs/home/lxd/4_salt_metagenomics/tools/CAZy/dbCAN-HMMdb-V8.txt /beegfs/home/lxd/2_sea_metagenomics/6.metabat2/bins_redup_refinem_drep/derep_70_10/derepbins_prodigal/A5-S03_6.proteins.faa 
# Current dir:     /beegfs/home/lxd/2_sea_metagenomics/6.metabat2/bins_redup_refinem_drep/derep_70_10/derepbins_cazy
# Date:            Thu Mar  4 09:35:27 2021
# [ok]
