#                                                                            --- full sequence --- -------------- this domain -------------   hmm coord   ali coord   env coord
# target name        accession   tlen query name           accession   qlen   E-value  score  bias   #  of  c-Evalue  i-Evalue  score  bias  from    to  from    to  from    to  acc description of target
#------------------- ---------- ----- -------------------- ---------- ----- --------- ------ ----- --- --- --------- --------- ------ ----- ----- ----- ----- ----- ----- ----- ---- ---------------------
GT19.hmm             -            354 A5-S04_30_cg8_4      -            394    1e-114  378.2   0.0   1   1  1.8e-117  1.1e-114  378.0   0.0     1   353     9   364     9   365 0.99 -
GT41.hmm             -            705 A5-S04_30_cg35_6     -            757   2.4e-78  259.6  33.0   1   5   2.4e-15   1.5e-12   42.1   0.3   123   191   105   173   102   181 0.92 -
GT41.hmm             -            705 A5-S04_30_cg35_6     -            757   2.4e-78  259.6  33.0   2   5   4.6e-16   2.9e-13   44.5   7.0    50   191   314   479   311   479 0.94 -
GT41.hmm             -            705 A5-S04_30_cg35_6     -            757   2.4e-78  259.6  33.0   3   5     5e-16   3.2e-13   44.3   1.9    75   191   407   547   401   547 0.68 -
GT41.hmm             -            705 A5-S04_30_cg35_6     -            757   2.4e-78  259.6  33.0   4   5   2.8e-19   1.8e-16   55.1   2.5    58   191   526   649   517   652 0.94 -
GT41.hmm             -            705 A5-S04_30_cg35_6     -            757   2.4e-78  259.6  33.0   5   5   4.4e-16   2.8e-13   44.5   0.2    80   197   616   734   615   738 0.88 -
AA12.hmm             -            401 A5-S04_30_cg47_1     -            385   3.5e-38  126.5   0.0   1   1     7e-39   4.5e-36  119.6   0.0    10   399    45   381    40   383 0.85 -
GH102.hmm            -            157 A5-S04_30_cg50_1     -            375   4.7e-37  122.7   0.3   1   1   1.5e-39   9.6e-37  121.7   0.1     1   157   115   272   115   272 0.98 -
GT2_Glycos_transf_2.hmm PF00535.25   170 A5-S04_30_cg52_1     -             86   1.9e-16   55.6   0.0   1   1   3.5e-19   2.2e-16   55.4   0.0     2    78     6    80     5    83 0.97 Glycosyl transferase family 2
GT4.hmm              -            160 A5-S04_30_cg58_7     -            245     6e-26   86.3   0.0   1   1   1.4e-28     9e-26   85.8   0.0    12   151    60   204    54   212 0.88 -
GT4.hmm              -            160 A5-S04_30_cg58_9     -            404   6.4e-39  128.5   0.0   1   1   3.1e-41     1e-38  127.9   0.0     8   150   220   368   214   373 0.96 -
GT5.hmm              -            472 A5-S04_30_cg58_9     -            404     9e-20   66.0   0.0   1   1   3.9e-22   1.3e-19   65.5   0.0   280   467   212   395   171   398 0.81 -
GH23.hmm             -            135 A5-S04_30_cg67_9     -           1058   1.9e-23   78.7   0.1   1   1   9.7e-26   6.2e-23   77.1   0.0    14   122   908  1038   895  1044 0.90 -
GT41.hmm             -            705 A5-S04_30_cg68_5     -            762   3.1e-39  130.3  13.1   1   1   1.8e-15   1.2e-12   42.5   0.8    22   190   194   351   167   352 0.70 -
GT2_Glycos_transf_2.hmm PF00535.25   170 A5-S04_30_cg70_3     -            317   8.9e-26   86.0   0.0   1   1   4.2e-28   1.3e-25   85.4   0.0     1   128    12   136    12   192 0.88 Glycosyl transferase family 2
GT2_Glyco_tranf_2_3.hmm PF13641.5    230 A5-S04_30_cg70_3     -            317     3e-24   81.5   0.0   1   1   1.3e-26   4.2e-24   81.0   0.0     4   213    11   238     9   254 0.81 Glycosyltransferase like family 2
GT9.hmm              -            225 A5-S04_30_cg70_4     -            396   1.1e-46  154.8   0.0   1   1   2.3e-49   1.5e-46  154.4   0.0     3   213    88   331    86   346 0.86 -
GT2_Glycos_transf_2.hmm PF00535.25   170 A5-S04_30_cg72_5     -            312   6.3e-29   96.3   0.0   1   1   1.3e-31   8.2e-29   95.9   0.0     1   135     4   143     4   179 0.88 Glycosyl transferase family 2
GT41.hmm             -            705 A5-S04_30_cg73_3     -            524   2.2e-25   84.5  16.3   1   1   4.6e-19   2.9e-16   54.4   1.5    49   191   141   273   132   294 0.91 -
GT30.hmm             -            177 A5-S04_30_cg80_15    -            454     6e-51  167.7   0.0   1   1   2.3e-53   1.5e-50  166.4   0.0     3   176    61   240    58   240 0.96 -
GT30.hmm             -            177 A5-S04_30_cg80_16    -            422   3.9e-54  178.1   0.2   1   1   1.2e-56   7.5e-54  177.2   0.2     9   176    40   209    32   209 0.95 -
GT41.hmm             -            705 A5-S04_30_cg87_3     -            305     1e-20   69.1   1.1   1   1   5.5e-17   3.5e-14   47.5   0.4    64   191    52   169    29   185 0.90 -
GT2_Glycos_transf_2.hmm PF00535.25   170 A5-S04_30_cg89_5     -            228   4.1e-21   70.8   0.0   1   1   1.5e-23     5e-21   70.5   0.0     1   118     6   115     6   163 0.89 Glycosyl transferase family 2
GT81.hmm                -            293 A5-S04_30_cg89_5     -            228   6.9e-17   56.5   0.0   1   1   2.4e-19   7.8e-17   56.3   0.0    22   146     4   111     2   181 0.87 -
GT41.hmm             -            705 A5-S04_30_cg92_3     -            650   5.2e-18   60.2   3.4   1   1   6.3e-15   4.1e-12   40.7   2.1    42   191   409   548   389   550 0.83 -
GT51.hmm             -            177 A5-S04_30_cg93_3     -            815   4.7e-66  216.9   0.0   1   1   1.4e-68   8.7e-66  216.0   0.0     3   177    54   228    52   228 0.99 -
GT41.hmm             -            705 A5-S04_30_cg101_2    -            752   3.8e-39  130.0  11.1   1   1     2e-16   1.3e-13   45.6   0.2    53   191   402   530   395   536 0.92 -
GT41.hmm             -            705 A5-S04_30_cg103_6    -            764   4.4e-97  321.6  49.2   1   4   6.5e-22   4.2e-19   63.8   1.0    67   191     4   118     1   120 0.93 -
GT41.hmm             -            705 A5-S04_30_cg103_6    -            764   4.4e-97  321.6  49.2   2   4     9e-17   5.8e-14   46.8   1.2    56   191   401   526   391   527 0.92 -
GT41.hmm             -            705 A5-S04_30_cg103_6    -            764   4.4e-97  321.6  49.2   3   4   1.2e-16     8e-14   46.3   0.1    72   191   519   628   518   628 0.95 -
GT41.hmm             -            705 A5-S04_30_cg103_6    -            764   4.4e-97  321.6  49.2   4   4   1.2e-21   7.9e-19   62.9   0.4    77   191   626   730   623   744 0.95 -
GT41.hmm             -            705 A5-S04_30_cg106_2    -            367   4.3e-35  116.7   3.1   1   2   6.7e-15   4.3e-12   40.6   0.0    60   191    48   169     3   169 0.80 -
GT41.hmm             -            705 A5-S04_30_cg106_2    -            367   4.3e-35  116.7   3.1   2   2   9.7e-18   6.2e-15   50.0   0.2    77   188   235   336   233   341 0.95 -
GT41.hmm             -            705 A5-S04_30_cg108_11   -            222   9.8e-17   56.0  11.6   1   1   2.8e-19   1.8e-16   55.1  11.6    27   230     9   200     1   216 0.79 -
GT4.hmm              -            160 A5-S04_30_cg110_2    -            382   1.4e-24   81.9   0.0   1   1   4.2e-27   2.7e-24   81.0   0.0     7   156   205   348   199   352 0.94 -
AA1.hmm              -            943 A5-S04_30_cg129_5    -            365   4.8e-28   93.1   0.4   1   1     1e-29   6.5e-27   89.4   0.2   452   630   107   291    66   297 0.82 -
GT5.hmm              -            472 A5-S04_30_cg132_1    -            457  6.4e-174  574.3   0.0   1   1  2.2e-176  7.1e-174  574.1   0.0     1   440    12   456    12   457 0.99 -
GT4.hmm              -            160 A5-S04_30_cg132_1    -            457   2.1e-18   61.8   0.0   1   1   9.4e-21     3e-18   61.3   0.0     6   150   305   453   302   457 0.88 -
GT9.hmm              -            225 A5-S04_30_cg133_3    -            356   2.1e-61  203.0   0.0   1   1   4.2e-64   2.7e-61  202.6   0.0     3   221    78   328    76   332 0.88 -
CE3.hmm              -            194 A5-S04_30_cg135_7    -            215   8.9e-15   50.4   0.0   1   1   1.1e-16   6.9e-14   47.5   0.0     3   188    36   202    35   208 0.88 -
CE11.hmm             -            271 A5-S04_30_cg139_7    -            681   7.3e-83  273.2   0.0   1   1   2.2e-85   1.4e-82  272.3   0.0     1   269   402   669   402   671 0.95 -
GH57.hmm             -            383 A5-S04_30_cg152_11   -            527   1.6e-86  286.1   0.4   1   1   3.2e-89   2.1e-86  285.7   0.4     1   311     7   428     7   442 0.92 -
GT41.hmm             -            705 A5-S04_30_cg171_2    -            574   1.5e-20   68.6   6.6   1   1   6.3e-16   4.1e-13   44.0   1.1    79   191   319   441   266   446 0.76 -
GT2_Glycos_transf_2.hmm PF00535.25   170 A5-S04_30_cg175_2    -            293     1e-15   53.3   0.1   1   1   2.2e-18   1.4e-15   52.8   0.1     1   114    18   125    18   171 0.90 Glycosyl transferase family 2
GT2_Glycos_transf_2.hmm PF00535.25   170 A5-S04_30_cg175_3    -            249   7.2e-19   63.5   0.0   1   1   1.6e-21     1e-18   63.0   0.0     1   145     3   136     3   147 0.84 Glycosyl transferase family 2
GT4.hmm              -            160 A5-S04_30_cg176_4    -            388   6.3e-28   92.8   0.0   1   1   1.6e-30   1.1e-27   92.0   0.0     7   132   196   309   193   350 0.86 -
GT4.hmm              -            160 A5-S04_30_cg177_8    -            535   4.1e-23   77.1   0.0   1   1   9.7e-26   6.2e-23   76.5   0.0     5   159   338   503   334   504 0.95 -
GT2_Glycos_transf_2.hmm PF00535.25   170 A5-S04_30_cg178_4    -            251   1.2e-15   53.0   0.0   1   1   2.8e-18   1.8e-15   52.5   0.0     1   120     3   110     3   146 0.83 Glycosyl transferase family 2
GT2_Glycos_transf_2.hmm PF00535.25   170 A5-S04_30_cg178_5    -            293   1.2e-15   53.1   0.0   1   1   2.4e-18   1.6e-15   52.7   0.0     1   119    18   130    18   165 0.89 Glycosyl transferase family 2
GT2_Glycos_transf_2.hmm PF00535.25   170 A5-S04_30_cg179_8    -            292   9.2e-15   50.2   0.0   1   1   2.2e-17   1.4e-14   49.5   0.0     1   116    18   127    18   183 0.87 Glycosyl transferase family 2
GT83.hmm             -            540 A5-S04_30_cg179_9    -            438   2.7e-73  242.6  39.0   1   1     1e-75   3.3e-73  242.3  39.0     6   361    11   373     6   412 0.87 -
GT39.hmm             -            223 A5-S04_30_cg179_9    -            438   1.4e-23   78.9  12.1   1   1   4.4e-26   1.4e-23   78.9  12.1    20   189    36   208    15   247 0.84 -
GT41.hmm             -            705 A5-S04_30_cg183_2    -            665   2.4e-18   61.3   0.0   1   1   6.6e-20   4.2e-17   57.2   0.0    58   192   131   294   115   453 0.78 -
GT35.hmm             -            674 A5-S04_30_cg186_1    -            729  2.3e-286  946.9   0.0   1   1    4e-289  2.5e-286  946.8   0.0     1   674    11   727    11   727 0.98 -
CBM50.hmm            -             40 A5-S04_30_cg187_1    -            468   2.1e-36  119.4   0.3   1   1     7e-16   4.5e-13   44.7   0.0     1    40   121   163   121   163 0.91 -
GH23.hmm             -            135 A5-S04_30_cg192_10   -            807   2.2e-31  104.5   2.3   1   1   9.8e-34   6.3e-31  103.0   0.0     6   122   647   783   642   790 0.91 -
GH23.hmm             -            135 A5-S04_30_cg192_18   -            370   6.8e-19   64.0   0.2   1   1   1.9e-21   1.2e-18   63.2   0.2    10   121   168   278   159   301 0.80 -
GT2_Glycos_transf_2.hmm PF00535.25   170 A5-S04_30_cg193_7    -            317   2.7e-25   84.4   0.0   1   1   5.7e-28   3.7e-25   84.0   0.0     2   162     9   167     8   174 0.89 Glycosyl transferase family 2
GT83.hmm             -            540 A5-S04_30_cg198_1    -            551   4.3e-24   80.2  57.1   1   1   6.7e-27   4.3e-24   80.2  57.1    82   397   128   448    94   461 0.71 -
GT2_Glycos_transf_2.hmm PF00535.25   170 A5-S04_30_cg199_2    -            309   3.6e-33  110.1   0.0   1   1   2.4e-35   5.2e-33  109.5   0.0     1   166    13   168    13   172 0.81 Glycosyl transferase family 2
GT2_Glyco_tranf_2_3.hmm PF13641.5    230 A5-S04_30_cg199_2    -            309   1.8e-22   75.6   0.0   1   1   1.2e-24   2.7e-22   75.1   0.0     1   212    10   207    10   227 0.86 Glycosyltransferase like family 2
GT2_Glyco_tranf_2_2.hmm PF10111.8    276 A5-S04_30_cg199_2    -            309   2.3e-17   58.7   0.0   1   1   4.6e-19   9.9e-17   56.5   0.0     1   230    13   223    13   236 0.84 Glycosyltransferase like family 2
GT87.hmm             -            231 A5-S04_30_cg199_7    -            478     2e-15   52.4  20.8   1   1   3.1e-18     2e-15   52.4  20.8     2   231    80   383    79   383 0.76 -
GT2_Glycos_transf_2.hmm PF00535.25   170 A5-S04_30_cg199_8    -            243   3.2e-26   87.4   0.0   1   1   1.3e-28   4.1e-26   87.1   0.0     1   121     8   128     8   173 0.85 Glycosyl transferase family 2
GT81.hmm                -            293 A5-S04_30_cg199_8    -            243   7.3e-15   49.9   0.0   1   1   3.1e-17   9.9e-15   49.4   0.0    23   127     7   105     4   155 0.88 -
GT9.hmm              -            225 A5-S04_30_cg207_3    -            361   1.4e-47  157.8   0.0   1   1     3e-50   1.9e-47  157.3   0.0     2   221    71   323    70   327 0.86 -
CE1.hmm              -            227 A5-S04_30_cg222_7    -            447   2.3e-25   84.9   0.0   1   1   5.2e-28   3.3e-25   84.4   0.0     2   207    89   270    88   288 0.83 -
GH23.hmm             -            135 A5-S04_30_cg225_2    -            230     3e-26   87.8   0.1   1   1   9.4e-29     6e-26   86.9   0.0     4   126    96   226    93   229 0.89 -
GH3.hmm              -            216 A5-S04_30_cg231_2    -            365   7.9e-66  217.0   0.0   1   1   1.5e-68   9.9e-66  216.7   0.0     2   215    64   291    63   292 0.95 -
GH57.hmm             -            383 A5-S04_30_cg231_4    -            713   3.7e-57  189.4   0.4   1   1   8.3e-60   5.3e-57  188.9   0.4     2   299     8   282     7   316 0.85 -
AA5.hmm              -           1281 A5-S04_30_cg241_9    -            320   1.2e-23   78.0  11.6   1   1   2.3e-25   7.4e-23   75.3  11.6   559   852    25   304    19   318 0.82 -
GT4.hmm              -            160 A5-S04_30_cg247_1    -            387   3.2e-39  129.5   0.0   1   1     7e-42   4.5e-39  129.0   0.0     6   153   149   312   144   319 0.91 -
GT2_Glycos_transf_2.hmm PF00535.25   170 A5-S04_30_cg247_3    -            375   6.5e-31  102.7   0.0   1   1   4.1e-33   8.9e-31  102.3   0.0     1   169    38   210    38   211 0.94 Glycosyl transferase family 2
GT2_Glyco_tranf_2_3.hmm PF13641.5    230 A5-S04_30_cg247_3    -            375   1.5e-26   89.0   0.0   1   1   1.1e-28   2.5e-26   88.3   0.0     1   211    35   247    34   263 0.86 Glycosyltransferase like family 2
GT21.hmm                -            233 A5-S04_30_cg247_3    -            375     4e-24   80.7   0.0   1   1   2.5e-26   5.4e-24   80.3   0.0     1   207    35   241    35   259 0.86 -
GT2_Glycos_transf_2.hmm PF00535.25   170 A5-S04_30_cg248_15   -            236   2.2e-18   61.9   0.0   1   1   4.2e-21   2.7e-18   61.6   0.0     1    97    14   100    14   161 0.87 Glycosyl transferase family 2
GH13_11.hmm          -            351 A5-S04_30_cg251_4    -            690  1.4e-155  513.1   0.0   1   1  4.2e-157  1.8e-155  512.8   0.0     1   351   183   533   183   533 0.99 -
GH13_14.hmm          -            289 A5-S04_30_cg251_4    -            690   1.2e-51  171.0   0.0   1   1   3.9e-53   1.7e-51  170.5   0.0     1   289   195   529   195   529 0.84 -
GH13.hmm             -            299 A5-S04_30_cg251_4    -            690   1.1e-49  165.5   2.0   1   1     5e-51   2.1e-49  164.6   2.0    10   296   181   539   171   542 0.90 -
GH13_10.hmm          -            313 A5-S04_30_cg251_4    -            690   8.1e-46  152.0   0.2   1   1   6.6e-46   2.8e-44  147.0   0.2     4   313   183   531   181   531 0.77 -
GH13_41.hmm          -            294 A5-S04_30_cg251_4    -            690   2.6e-39  130.7   0.0   1   1   8.9e-41   3.8e-39  130.1   0.0     3   293   186   535   184   536 0.86 -
GH13_13.hmm          -            361 A5-S04_30_cg251_4    -            690   4.4e-33  110.0   0.9   1   1   9.7e-32   4.1e-30  100.3   0.1     5   181   198   350   195   356 0.84 -
GH13_12.hmm          -            284 A5-S04_30_cg251_4    -            690   1.4e-25   85.8   0.0   1   1   1.3e-26   5.5e-25   83.8   0.0     9   259   194   460   184   533 0.72 -
GH13_32.hmm          -            269 A5-S04_30_cg251_4    -            690   3.4e-25   84.3   0.0   1   1   1.7e-26   7.4e-25   83.3   0.0     1   256   202   469   202   476 0.78 -
GH13_9.hmm           -            301 A5-S04_30_cg251_4    -            690   4.3e-23   77.2   0.1   1   1   4.3e-24   1.9e-22   75.2   0.1     2   133   197   348   196   366 0.84 -
GH13_37.hmm          -            320 A5-S04_30_cg251_4    -            690   2.2e-22   74.6   0.2   1   1   2.5e-22   1.1e-20   69.1   0.0    18   158   195   352   181   358 0.82 -
GH13_28.hmm          -            266 A5-S04_30_cg251_4    -            690   9.1e-20   66.3   0.0   1   1   4.1e-21   1.8e-19   65.3   0.0    10   186   195   373   190   462 0.79 -
CBM48.hmm            -             76 A5-S04_30_cg251_4    -            690   1.6e-15   52.8   0.0   1   1   8.8e-17   3.8e-15   51.6   0.0     2    70    10   101     8   108 0.85 -
GT2_Glycos_transf_2.hmm PF00535.25   170 A5-S04_30_cg252_7    -            231   1.8e-38  127.3   0.0   1   1   7.2e-41   2.3e-38  127.0   0.0     1   169     7   169     7   170 0.97 Glycosyl transferase family 2
GT81.hmm                -            293 A5-S04_30_cg252_7    -            231   3.7e-18   60.7   0.0   1   1   3.2e-20     1e-17   59.2   0.0    20   142     3   113     1   121 0.85 -
GT9.hmm              -            225 A5-S04_30_cg252_11   -            397   1.7e-51  170.5   0.0   1   1   3.6e-54   2.3e-51  170.1   0.0     3   214   117   361   115   373 0.84 -
GT41.hmm             -            705 A5-S04_30_cg254_7    -            287   3.2e-16   54.3  24.3   1   1     3e-16   1.9e-13   45.1   2.8    67   191   163   277   157   281 0.92 -
GH109.hmm            -            126 A5-S04_30_cg256_1    -            168   1.3e-16   56.4   1.3   1   1     8e-19   5.1e-16   54.5   1.3     1   119     5   115     5   121 0.89 -
#
# Program:         hmmscan
# Version:         3.3.1 (Jul 2020)
# Pipeline mode:   SCAN
# Query file:      /beegfs/home/lxd/2_sea_metagenomics/6.metabat2/bins_redup_refinem_drep/derep_70_10/derepbins_prodigal/A5-S04_30.proteins.faa
# Target file:     /beegfs/home/lxd/4_salt_metagenomics/tools/CAZy/dbCAN-HMMdb-V8.txt
# Option settings: hmmscan --tblout A5-S04_30.tbl --domtblout A5-S04_30_dom.tbl --acc --noali --notextw -E 1e-14 --domE 1e-14 --cpu 30 /beegfs/home/lxd/4_salt_metagenomics/tools/CAZy/dbCAN-HMMdb-V8.txt /beegfs/home/lxd/2_sea_metagenomics/6.metabat2/bins_redup_refinem_drep/derep_70_10/derepbins_prodigal/A5-S04_30.proteins.faa 
# Current dir:     /beegfs/home/lxd/2_sea_metagenomics/6.metabat2/bins_redup_refinem_drep/derep_70_10/derepbins_cazy
# Date:            Thu Mar  4 10:26:23 2021
# [ok]
