#                                                                            --- full sequence --- -------------- this domain -------------   hmm coord   ali coord   env coord
# target name        accession   tlen query name           accession   qlen   E-value  score  bias   #  of  c-Evalue  i-Evalue  score  bias  from    to  from    to  from    to  acc description of target
#------------------- ---------- ----- -------------------- ---------- ----- --------- ------ ----- --- --- --------- --------- ------ ----- ----- ----- ----- ----- ----- ----- ---- ---------------------
AA3_2.hmm            -            568 A5-S03_33_cg11_4     -            548  3.8e-162  536.2   0.0   1   1  3.4e-164  4.4e-162  536.0   0.0     1   566     5   530     5   532 0.97 -
AA3.hmm              -            618 A5-S03_33_cg11_4     -            548  1.7e-101  335.7   0.1   1   1  1.6e-103  2.1e-101  335.5   0.1    86   402     3   534     1   544 0.87 -
AA3_3.hmm            -            590 A5-S03_33_cg11_4     -            548   2.3e-76  252.7   0.0   1   2   1.8e-58   2.3e-56  186.6   0.0     3   358     7   349     5   363 0.88 -
AA3_3.hmm            -            590 A5-S03_33_cg11_4     -            548   2.3e-76  252.7   0.0   2   2     7e-16     9e-14   46.0   0.0   507   586   452   530   447   532 0.94 -
AA3_1.hmm            -            548 A5-S03_33_cg11_4     -            548   1.3e-52  174.4   0.0   1   1   2.7e-53   3.4e-51  169.7   0.0    13   546     3   531     1   533 0.77 -
AA8.hmm              -            815 A5-S03_33_cg11_4     -            548   1.4e-41  137.6   0.0   1   1   6.2e-31     8e-29   95.4   0.0   426   781   192   537   185   544 0.80 -
AA7.hmm              -            458 A5-S03_33_cg12_4     -            241   2.8e-21   72.0   0.0   1   1     1e-22   6.5e-20   67.4   0.0   203   458     4   236     2   236 0.95 -
CBM50.hmm            -             40 A5-S03_33_cg23_2     -            241   1.3e-15   52.8   0.8   1   1   5.1e-18   3.2e-15   51.6   0.8     1    39    36    78    36    78 0.89 -
GH23.hmm             -            135 A5-S03_33_cg28_5     -            727   9.5e-26   86.2   0.3   1   1   3.4e-28   2.2e-25   85.0   0.3    15   124   555   704   544   713 0.90 -
PL22.hmm             -            265 A5-S03_33_cg43_1     -            424     3e-26   87.5   0.0   1   1   5.1e-16   3.3e-13   44.7   0.0   137   255   278   396   275   402 0.86 -
AA7.hmm              -            458 A5-S03_33_cg55_6     -            459    1e-101  337.1   3.3   1   1  2.3e-102   1.5e-99  330.0   3.3     3   458    34   455    32   455 0.88 -
AA3_2.hmm            -            568 A5-S03_33_cg78_2     -            535  8.2e-162  535.1   0.0   1   1  7.3e-164  9.4e-162  534.9   0.0     1   566     5   530     5   532 0.96 -
AA3.hmm              -            618 A5-S03_33_cg78_2     -            535  5.3e-105  347.3   0.0   1   1  4.6e-107  5.9e-105  347.2   0.0    86   401     3   533     1   534 0.87 -
AA3_3.hmm            -            590 A5-S03_33_cg78_2     -            535   2.3e-81  269.2   0.2   1   1   2.7e-67   3.5e-65  215.7   0.0     2   319     6   308     5   343 0.91 -
AA3_1.hmm            -            548 A5-S03_33_cg78_2     -            535   1.4e-61  204.0   0.0   1   1   1.6e-63   2.1e-61  203.4   0.0    14   546     4   531     1   533 0.79 -
AA8.hmm              -            815 A5-S03_33_cg78_2     -            535   1.9e-50  166.9   0.0   1   1   4.4e-52   5.6e-50  165.4   0.0   243   776     4   532     1   534 0.79 -
GH23.hmm             -            135 A5-S03_33_cg80_4     -            526   3.2e-23   78.0   0.9   1   1   1.3e-25   8.3e-23   76.7   0.3     7   124   356   512   352   520 0.93 -
GT2_Glycos_transf_2.hmm PF00535.25   170 A5-S03_33_cg89_3     -            258   3.7e-19   64.4   0.3   1   1   8.1e-22   5.2e-19   64.0   0.3     1   113     6   108     6   148 0.84 Glycosyl transferase family 2
GT4.hmm              -            160 A5-S03_33_cg89_4     -            362   2.8e-32  106.9   0.0   1   1   1.6e-34   5.1e-32  106.1   0.0     7   156   182   329   176   334 0.95 -
GT5.hmm              -            472 A5-S03_33_cg89_4     -            362   1.1e-15   52.5   0.0   1   1   6.2e-18     2e-15   51.7   0.0   282   471   176   357   120   358 0.82 -
GH23.hmm             -            135 A5-S03_33_cg101_6    -            196   2.4e-19   65.5   0.0   1   1   7.4e-22   4.7e-19   64.5   0.0    10   104    89   183    81   195 0.85 -
GT51.hmm             -            177 A5-S03_33_cg127_2    -            749   6.6e-54  177.4   0.0   1   1   1.7e-56   1.1e-53  176.6   0.0    10   176   166   336   157   337 0.95 -
GT41.hmm             -            705 A5-S03_33_cg148_1    -            433   4.1e-27   90.3  18.3   1   1     9e-16   5.8e-13   43.5   0.2    57   191   258   383   244   392 0.89 -
GT2_Glycos_transf_2.hmm PF00535.25   170 A5-S03_33_cg199_4    -            284   6.9e-30   99.4   0.1   1   1   6.7e-32   1.1e-29   98.7   0.1     1   103     4   101     4   139 0.94 Glycosyl transferase family 2
GT2_Glyco_tranf_2_3.hmm PF13641.5    230 A5-S03_33_cg199_4    -            284   7.6e-21   70.3   0.1   1   1   1.6e-22   2.5e-20   68.6   0.1     4   212     3   198     1   222 0.84 Glycosyltransferase like family 2
GT27.hmm                -            295 A5-S03_33_cg199_4    -            284     6e-17   57.2   0.3   1   1   6.6e-19   1.1e-16   56.4   0.3     1   112     4   103     4   107 0.88 -
GT51.hmm             -            177 A5-S03_33_cg209_5    -            244   9.1e-54  176.9   0.1   1   1   1.9e-56   1.2e-53  176.5   0.1    14   171    81   238    69   242 0.96 -
AA3_2.hmm            -            568 A5-S03_33_cg255_7    -            531    2e-175  580.0   0.0   1   1  1.8e-177  2.3e-175  579.8   0.0     2   567     3   527     2   528 0.96 -
AA3.hmm              -            618 A5-S03_33_cg255_7    -            531  1.6e-107  355.7   0.0   1   1  1.4e-109  1.8e-107  355.5   0.0    88   401     2   529     1   530 0.88 -
AA3_3.hmm            -            590 A5-S03_33_cg255_7    -            531   8.1e-86  283.9   0.0   1   2     9e-67   1.1e-64  214.0   0.0     3   461     4   429     2   434 0.86 -
AA3_3.hmm            -            590 A5-S03_33_cg255_7    -            531   8.1e-86  283.9   0.0   2   2     1e-19   1.3e-17   58.7   0.0   515   587   456   527   446   529 0.91 -
AA3_1.hmm            -            548 A5-S03_33_cg255_7    -            531   1.4e-65  217.1   0.0   1   1   2.8e-67   3.6e-65  215.8   0.0    15   546     2   527     1   529 0.80 -
AA8.hmm              -            815 A5-S03_33_cg255_7    -            531   1.3e-54  180.7   0.0   1   1   2.3e-56   2.9e-54  179.5   0.0   244   776     2   528     1   530 0.80 -
CE10.hmm             -            341 A5-S03_33_cg271_6    -            285   2.8e-21   71.8   0.0   1   1   5.2e-24   3.3e-21   71.5   0.0    67   208    43   187    18   231 0.81 -
CE11.hmm             -            271 A5-S03_33_cg276_9    -            304  2.6e-116  382.9   0.0   1   1  4.7e-119    3e-116  382.7   0.0     1   270     4   275     4   276 0.98 -
AA3_2.hmm            -            568 A5-S03_33_cg280_5    -            548  5.7e-164  542.2   0.0   1   1    7e-166    9e-164  541.5   0.0     1   566     5   530     5   532 0.96 -
AA3.hmm              -            618 A5-S03_33_cg280_5    -            548  4.1e-107  354.3   0.0   1   1  3.8e-109  4.9e-107  354.1   0.0    86   402     3   534     1   543 0.89 -
AA3_3.hmm            -            590 A5-S03_33_cg280_5    -            548   2.2e-81  269.2   0.0   1   2   6.4e-64   8.3e-62  204.6   0.0     1   319     5   308     5   344 0.89 -
AA3_3.hmm            -            590 A5-S03_33_cg280_5    -            548   2.2e-81  269.2   0.0   2   2   2.3e-18   2.9e-16   54.2   0.0   510   585   455   529   444   533 0.94 -
AA3_1.hmm            -            548 A5-S03_33_cg280_5    -            548   1.5e-55  184.1   0.0   1   1   4.1e-57   5.3e-55  182.3   0.0    13   543     3   528     1   531 0.80 -
AA8.hmm              -            815 A5-S03_33_cg280_5    -            548   7.1e-41  135.3   0.0   1   2   1.4e-28   1.8e-26   87.6   0.0   242   515     3   277     1   305 0.78 -
AA8.hmm              -            815 A5-S03_33_cg280_5    -            548   7.1e-41  135.3   0.0   2   2   2.2e-15   2.8e-13   44.0   0.0   654   777   410   533   389   543 0.77 -
GT41.hmm             -            705 A5-S03_33_cg281_2    -            592   1.3e-19   65.5   4.6   1   1   4.3e-15   2.7e-12   41.3   2.2    56   191   348   487   291   495 0.78 -
GH23.hmm             -            135 A5-S03_33_cg290_1    -            182   3.6e-30  100.5   0.1   1   1   6.7e-33   4.3e-30  100.3   0.1     7   124    23   160    17   169 0.90 -
GT9.hmm              -            225 A5-S03_33_cg296_3    -            355   3.2e-50  166.4   0.0   1   1   7.7e-53     5e-50  165.8   0.0     3   202    75   301    73   321 0.86 -
GT9.hmm              -            225 A5-S03_33_cg296_6    -            252     3e-48  159.9   0.0   1   1   5.6e-51   3.6e-48  159.7   0.0    19   222     3   230     1   233 0.83 -
GT4.hmm              -            160 A5-S03_33_cg296_7    -            297   3.7e-25   83.8   0.0   1   1   7.6e-28   4.9e-25   83.4   0.0     5   159   112   264   108   265 0.96 -
GT41.hmm             -            705 A5-S03_33_cg297_3    -            414   3.8e-29   97.0   1.6   1   1     4e-23   2.6e-20   67.8   0.5    39   191     8   150     1   151 0.88 -
GT28.hmm             -            157 A5-S03_33_cg299_3    -            365   1.9e-53  175.7   0.4   1   1   4.7e-56     3e-53  175.0   0.4     2   157   190   350   189   350 0.96 -
GT9.hmm              -            225 A5-S03_33_cg304_4    -            350   2.3e-41  137.4   0.0   1   1   4.7e-44     3e-41  137.1   0.0     4   205    73   300    70   322 0.83 -
GH3.hmm              -            216 A5-S03_33_cg317_7    -            192   2.5e-28   94.4   0.0   1   1   5.1e-31   3.3e-28   94.0   0.0   108   216     4   121     2   121 0.91 -
GT41.hmm             -            705 A5-S03_33_cg321_3    -            575     1e-50  168.3   0.0   1   3   8.2e-15   5.2e-12   40.3   0.2   131   191     9    69     2    72 0.87 -
GT41.hmm             -            705 A5-S03_33_cg321_3    -            575     1e-50  168.3   0.0   2   3   2.9e-17   1.8e-14   48.5   0.2   124   191    70   137    68   140 0.92 -
GT41.hmm             -            705 A5-S03_33_cg321_3    -            575     1e-50  168.3   0.0   3   3   3.6e-25   2.3e-22   74.5   0.0    85   243   143   504   140   515 0.89 -
GT19.hmm             -            354 A5-S03_33_cg332_7    -            389    2e-122  403.5   0.1   1   1  3.5e-125  2.3e-122  403.3   0.1     1   352     7   361     7   363 0.98 -
GT4.hmm              -            160 A5-S03_33_cg378_1    -            295   1.1e-32  108.2   0.0   1   1   2.7e-35   1.7e-32  107.6   0.0    12   158   109   260   104   262 0.96 -
GH23.hmm             -            135 A5-S03_33_cg383_1    -            347   1.3e-23   79.3   0.2   1   1   3.7e-26   2.4e-23   78.4   0.2    15   123   175   323   161   330 0.89 -
GT51.hmm             -            177 A5-S03_33_cg387_13   -            841   2.6e-64  211.2   0.0   1   1   6.6e-67   4.2e-64  210.6   0.0     4   176    58   230    55   231 0.98 -
GT4.hmm              -            160 A5-S03_33_cg390_4    -            361   3.1e-30  100.2   0.0   1   1   1.7e-32   5.3e-30   99.5   0.0     9   159   184   332   177   333 0.94 -
GT5.hmm              -            472 A5-S03_33_cg390_4    -            361     2e-16   55.0   0.0   1   1   1.5e-18   4.7e-16   53.7   0.0   295   471   187   357   147   358 0.82 -
#
# Program:         hmmscan
# Version:         3.3.1 (Jul 2020)
# Pipeline mode:   SCAN
# Query file:      /beegfs/home/lxd/2_sea_metagenomics/6.metabat2/bins_redup_refinem_drep/derep_70_10/derepbins_prodigal/A5-S03_33.proteins.faa
# Target file:     /beegfs/home/lxd/4_salt_metagenomics/tools/CAZy/dbCAN-HMMdb-V8.txt
# Option settings: hmmscan --tblout A5-S03_33.tbl --domtblout A5-S03_33_dom.tbl --acc --noali --notextw -E 1e-14 --domE 1e-14 --cpu 30 /beegfs/home/lxd/4_salt_metagenomics/tools/CAZy/dbCAN-HMMdb-V8.txt /beegfs/home/lxd/2_sea_metagenomics/6.metabat2/bins_redup_refinem_drep/derep_70_10/derepbins_prodigal/A5-S03_33.proteins.faa 
# Current dir:     /beegfs/home/lxd/2_sea_metagenomics/6.metabat2/bins_redup_refinem_drep/derep_70_10/derepbins_cazy
# Date:            Thu Mar  4 09:24:35 2021
# [ok]
