#                                                                            --- full sequence --- -------------- this domain -------------   hmm coord   ali coord   env coord
# target name        accession   tlen query name           accession   qlen   E-value  score  bias   #  of  c-Evalue  i-Evalue  score  bias  from    to  from    to  from    to  acc description of target
#------------------- ---------- ----- -------------------- ---------- ----- --------- ------ ----- --- --- --------- --------- ------ ----- ----- ----- ----- ----- ----- ----- ---- ---------------------
AA3_2.hmm            -            568 A5-S03_156_cg7_4     -            526  1.3e-160  531.1   0.0   1   1  1.3e-162  1.6e-160  530.8   0.0     3   559     8   526     7   526 0.97 -
AA3.hmm              -            618 A5-S03_156_cg7_4     -            526  4.2e-102  337.8   0.2   1   1  4.1e-104  5.2e-102  337.5   0.2    90   391     8   526     2   526 0.88 -
AA3_3.hmm            -            590 A5-S03_156_cg7_4     -            526   1.5e-75  250.0   0.1   1   1     1e-60   1.3e-58  194.0   0.0     4   324     9   313     7   353 0.90 -
AA3_1.hmm            -            548 A5-S03_156_cg7_4     -            526     3e-52  173.2   0.0   1   1     5e-54   6.5e-52  172.1   0.0    16   538     7   526     2   526 0.79 -
AA8.hmm              -            815 A5-S03_156_cg7_4     -            526   2.6e-41  136.7   0.0   1   1   1.5e-36   1.9e-34  114.0   0.0   327   767    85   526    70   526 0.83 -
GT30.hmm             -            177 A5-S03_156_cg21_4    -            453   1.5e-62  205.5   0.4   1   1   4.3e-65   2.8e-62  204.6   0.4     2   175    60   235    59   237 0.98 -
GT4.hmm              -            160 A5-S03_156_cg21_6    -            131     1e-18   62.8   0.0   1   1   1.9e-21   1.2e-18   62.6   0.0    47   139     2    88     1    99 0.83 -
AA4.hmm              -            522 A5-S03_156_cg39_1    -            478   2.3e-22   74.6   0.0   1   1   7.5e-20   2.4e-17   58.0   0.0    17   250    16   239    13   257 0.78 -
AA7.hmm              -            458 A5-S03_156_cg39_1    -            478   3.5e-18   61.8   0.6   1   1     1e-19   3.2e-17   58.6   0.6    17   218    53   262    46   278 0.86 -
GT2_Glycos_transf_2.hmm PF00535.25   170 A5-S03_156_cg44_1    -            382   7.5e-25   83.0   0.0   1   1   1.7e-27   1.1e-24   82.4   0.0     1   166     5   164     5   166 0.97 Glycosyl transferase family 2
GT51.hmm             -            177 A5-S03_156_cg79_11   -            638   2.2e-64  211.5   0.0   1   1   5.2e-67   3.3e-64  210.9   0.0    14   177   104   267    92   267 0.97 -
AA4.hmm              -            522 A5-S03_156_cg116_2   -            467   7.3e-32  105.9   0.0   1   1   2.4e-27   7.8e-25   82.7   0.0    16   251    14   237     7   249 0.79 -
AA7.hmm              -            458 A5-S03_156_cg116_2   -            467   9.2e-24   80.1   2.0   1   1   8.6e-24   2.7e-21   72.0   2.6    12   210    46   252    41   265 0.92 -
GT2_Glycos_transf_2.hmm PF00535.25   170 A5-S03_156_cg118_1   -            107   1.8e-20   68.7   0.0   1   1   3.2e-23     2e-20   68.6   0.0     4   103     7   106     4   107 0.93 Glycosyl transferase family 2
GH102.hmm            -            157 A5-S03_156_cg126_11  -            253   6.3e-49  161.3   0.0   1   1   1.3e-51   8.5e-49  160.9   0.0     2   157    70   225    69   225 0.98 -
GT9.hmm              -            225 A5-S03_156_cg147_1   -            313     2e-42  140.9   0.1   1   1     4e-45   2.5e-42  140.6   0.1     5   204    79   294    75   308 0.85 -
GT4.hmm              -            160 A5-S03_156_cg147_2   -            412   1.6e-30  101.2   0.0   1   1   8.7e-33   2.8e-30  100.4   0.0     6   156   217   374   213   378 0.88 -
GT5.hmm              -            472 A5-S03_156_cg147_2   -            412   7.8e-18   59.6   0.0   1   1   3.3e-20   1.1e-17   59.2   0.0   224   471   167   403   161   404 0.77 -
GH109.hmm            -            126 A5-S03_156_cg166_6   -            256   2.8e-15   52.1   0.1   1   1   1.6e-17     1e-14   50.3   0.1     3   124    13   125    11   127 0.90 -
GT28.hmm             -            157 A5-S03_156_cg174_2   -            386   4.6e-46  151.7   0.0   1   1   1.1e-48   7.2e-46  151.1   0.0     2   156   193   354   192   355 0.96 -
GT4.hmm              -            160 A5-S03_156_cg183_3   -            379     1e-33  111.6   0.0   1   1   2.6e-36   1.7e-33  110.9   0.0    11   159   200   348   191   349 0.96 -
GH73.hmm             -            128 A5-S03_156_cg187_1   -            163   1.1e-19   66.5   0.0   1   1   2.1e-22   1.3e-19   66.2   0.0    10   125     9   134     5   137 0.79 -
CE4.hmm              -            130 A5-S03_156_cg187_2   -            379   2.1e-28   94.4   0.0   1   1   5.2e-31   3.3e-28   93.8   0.0     4   124   119   246   116   251 0.93 -
CE10.hmm             -            341 A5-S03_156_cg191_2   -            291   1.9e-20   69.0   0.5   1   1   4.6e-23     3e-20   68.4   0.5    64   309    42   259     8   288 0.75 -
AA4.hmm              -            522 A5-S03_156_cg192_7   -            496   1.2e-28   95.3   0.0   1   1   1.9e-24   6.1e-22   73.2   0.2    11   252    11   242     3   252 0.86 -
AA7.hmm              -            458 A5-S03_156_cg192_7   -            496   6.8e-22   74.0   0.6   1   1   4.4e-24   1.4e-21   72.9   0.6    12   194    49   238    46   250 0.90 -
GH109.hmm            -            126 A5-S03_156_cg193_2   -            374   7.8e-15   50.7   0.1   1   1   2.4e-17   1.6e-14   49.7   0.1     3   122    10   120     8   124 0.91 -
GT19.hmm             -            354 A5-S03_156_cg207_4   -            390  1.6e-120  397.2   0.1   1   1  2.9e-123  1.9e-120  397.0   0.1     1   348    10   361    10   367 0.94 -
GT9.hmm              -            225 A5-S03_156_cg208_3   -            129     1e-25   86.3   0.3   1   1   1.7e-28   1.1e-25   86.1   0.3    99   205     1   111     1   124 0.89 -
GT41.hmm             -            705 A5-S03_156_cg220_2   -            648   6.4e-71  235.1   0.9   1   1   7.5e-71   4.8e-68  225.6   1.3    61   516    63   647    37   647 0.84 -
CE10.hmm             -            341 A5-S03_156_cg257_3   -            644     2e-23   78.8   0.2   1   1   4.6e-26     3e-23   78.3   0.2    93   316   397   609   359   624 0.84 -
CE4.hmm              -            130 A5-S03_156_cg262_3   -            301   3.3e-15   51.7   0.0   1   1   8.9e-18   5.7e-15   51.0   0.0    23   125    80   183    67   187 0.79 -
CE10.hmm             -            341 A5-S03_156_cg322_2   -            298     2e-28   95.3   1.5   1   1   4.2e-31   2.7e-28   94.9   1.5    67   309    57   274    30   293 0.83 -
CE10.hmm             -            341 A5-S03_156_cg336_2   -            277   1.1e-38  129.0   2.0   1   1   2.2e-41   1.4e-38  128.6   2.0    80   309    45   252    22   266 0.80 -
GT4.hmm              -            160 A5-S03_156_cg374_1   -            340   2.5e-34  113.6   0.0   1   1   6.1e-37   3.9e-34  112.9   0.0    11   157   150   301   143   304 0.95 -
GT4.hmm              -            160 A5-S03_156_cg374_2   -            386   4.5e-32  106.2   0.0   1   1   2.3e-34   7.3e-32  105.6   0.0     9   158   201   350   194   352 0.89 -
GT5.hmm              -            472 A5-S03_156_cg374_2   -            386   4.9e-20   66.9   0.0   1   1     2e-22   6.5e-20   66.5   0.0   271   467   182   372   151   376 0.86 -
CE4.hmm              -            130 A5-S03_156_cg376_3   -            294     5e-22   73.8   0.0   1   1   4.2e-24   2.7e-21   71.4   0.0    23   127    42   147    34   150 0.95 -
GT4.hmm              -            160 A5-S03_156_cg389_6   -            347   6.9e-35  115.4   0.0   1   1   3.2e-37     1e-34  114.8   0.0     8   154   168   308   163   314 0.96 -
GT5.hmm              -            472 A5-S03_156_cg389_6   -            347   2.8e-18   61.1   0.0   1   1   1.1e-20   3.6e-18   60.7   0.0   283   472   160   339   157   339 0.91 -
GT9.hmm              -            225 A5-S03_156_cg389_8   -            368     1e-39  132.0   0.3   1   1   2.5e-42   1.6e-39  131.4   0.3    11   202   117   318   106   342 0.75 -
GH23.hmm             -            135 A5-S03_156_cg417_2   -            600   9.5e-22   73.3   0.0   1   1   3.6e-24   2.3e-21   72.0   0.0    17   120   431   557   426   565 0.91 -
GT51.hmm             -            177 A5-S03_156_cg446_2   -            807   7.4e-65  213.0   0.0   1   1   1.8e-67   1.1e-64  212.4   0.0     1   177    55   234    55   234 0.97 -
CE10.hmm             -            341 A5-S03_156_cg452_2   -            325   3.1e-71  236.0   2.3   1   1     6e-74   3.8e-71  235.7   2.3    29   327    12   302     3   313 0.87 -
GT1.hmm              -            382 A5-S03_156_cg466_3   -            393   2.7e-15   52.5   7.0   1   1   2.3e-17   1.5e-14   50.1   7.0    79   352    59   364     4   388 0.71 -
GT4.hmm              -            160 A5-S03_156_cg487_3   -            449   8.8e-19   63.0   0.0   1   1   2.3e-21   1.5e-18   62.3   0.0     6   155   209   369   205   374 0.89 -
GH23.hmm             -            135 A5-S03_156_cg507_5   -            666   1.6e-30  101.7   0.1   1   1   2.5e-33   1.6e-30  101.7   0.1    12   121   502   636   494   647 0.87 -
AA12.hmm             -            401 A5-S03_156_cg533_2   -            432   1.7e-25   84.7   0.0   1   1   4.4e-28   2.8e-25   84.0   0.0    13   399    44   425    34   427 0.77 -
CE10.hmm             -            341 A5-S03_156_cg539_4   -            155     5e-36  120.3   0.1   1   1   8.4e-39   5.4e-36  120.2   0.1    42   172    23   154     3   155 0.86 -
AA3_2.hmm            -            568 A5-S03_156_cg554_2   -            546  1.3e-166  550.9   0.0   1   1  1.2e-168  1.6e-166  550.6   0.0     2   566     3   534     2   536 0.91 -
AA3.hmm              -            618 A5-S03_156_cg554_2   -            546  3.8e-111  367.6   0.0   1   1  3.7e-113  4.7e-111  367.3   0.0    89   402     3   538     1   543 0.88 -
AA3_3.hmm            -            590 A5-S03_156_cg554_2   -            546   7.9e-85  280.6   0.0   1   2   4.1e-67   5.3e-65  215.2   0.0     2   464     3   440     2   452 0.87 -
AA3_3.hmm            -            590 A5-S03_156_cg554_2   -            546   7.9e-85  280.6   0.0   2   2   1.6e-20     2e-18   61.3   0.0   510   586   459   534   455   536 0.93 -
AA3_1.hmm            -            548 A5-S03_156_cg554_2   -            546   3.7e-57  189.4   0.0   1   1   6.2e-58   7.9e-56  185.0   0.0    15   546     2   535     1   537 0.76 -
AA8.hmm              -            815 A5-S03_156_cg554_2   -            546   1.8e-41  137.2   0.0   1   1   9.4e-36   1.2e-33  111.3   0.0   328   778    82   538    76   544 0.75 -
#
# Program:         hmmscan
# Version:         3.3.1 (Jul 2020)
# Pipeline mode:   SCAN
# Query file:      /beegfs/home/lxd/2_sea_metagenomics/6.metabat2/bins_redup_refinem_drep/derep_70_10/derepbins_prodigal/A5-S03_156.proteins.faa
# Target file:     /beegfs/home/lxd/4_salt_metagenomics/tools/CAZy/dbCAN-HMMdb-V8.txt
# Option settings: hmmscan --tblout A5-S03_156.tbl --domtblout A5-S03_156_dom.tbl --acc --noali --notextw -E 1e-14 --domE 1e-14 --cpu 30 /beegfs/home/lxd/4_salt_metagenomics/tools/CAZy/dbCAN-HMMdb-V8.txt /beegfs/home/lxd/2_sea_metagenomics/6.metabat2/bins_redup_refinem_drep/derep_70_10/derepbins_prodigal/A5-S03_156.proteins.faa 
# Current dir:     /beegfs/home/lxd/2_sea_metagenomics/6.metabat2/bins_redup_refinem_drep/derep_70_10/derepbins_cazy
# Date:            Thu Mar  4 09:05:35 2021
# [ok]
