#                                                                            --- full sequence --- -------------- this domain -------------   hmm coord   ali coord   env coord
# target name        accession   tlen query name           accession   qlen   E-value  score  bias   #  of  c-Evalue  i-Evalue  score  bias  from    to  from    to  from    to  acc description of target
#------------------- ---------- ----- -------------------- ---------- ----- --------- ------ ----- --- --- --------- --------- ------ ----- ----- ----- ----- ----- ----- ----- ---- ---------------------
GT2_Glycos_transf_2.hmm PF00535.25   170 A5-S03_147_cg3_7     -            234     1e-20   69.5   0.0   1   1   2.1e-23   1.4e-20   69.1   0.0     1   123     6   125     6   167 0.80 Glycosyl transferase family 2
CBM50.hmm            -             40 A5-S03_147_cg16_5    -            386   9.6e-49  158.9   8.2   1   2   1.3e-17     8e-15   50.3   0.1     1    40    27    70    27    70 0.92 -
CBM50.hmm            -             40 A5-S03_147_cg16_5    -            386   9.6e-49  158.9   8.2   2   2   2.2e-16   1.4e-13   46.3   0.1     1    40   210   253   210   253 0.92 -
CE10.hmm             -            341 A5-S03_147_cg22_4    -            264   5.8e-18   60.9   0.5   1   1   1.4e-20     9e-18   60.2   0.5    78   308    33   244     4   251 0.66 -
GH13_23.hmm          -            344 A5-S03_147_cg38_3    -            541  2.3e-141  466.6   3.6   1   1  1.6e-142  3.2e-141  466.1   3.6     1   343    34   378    34   379 0.98 -
GH13_17.hmm          -            350 A5-S03_147_cg38_3    -            541  7.3e-104  342.9   0.2   1   1  4.4e-105  8.8e-104  342.7   0.2     1   350    34   378    34   378 0.92 -
GH13_31.hmm          -            349 A5-S03_147_cg38_3    -            541  1.1e-103  342.5   0.1   1   1  7.6e-105  1.5e-103  342.1   0.1     1   348    34   377    34   378 0.88 -
GH13_30.hmm          -            365 A5-S03_147_cg38_3    -            541  9.9e-101  332.7  13.0   1   1  6.4e-100   1.3e-98  325.8  13.0     1   364    34   376    34   377 0.90 -
GH13_40.hmm          -            359 A5-S03_147_cg38_3    -            541   4.2e-92  304.2   0.1   1   1   5.3e-93   1.1e-91  302.8   0.1     1   359    34   378    34   378 0.90 -
GH13_35.hmm          -            351 A5-S03_147_cg38_3    -            541   8.3e-91  300.1   0.2   1   1   5.1e-92     1e-90  299.8   0.2     1   351    34   377    34   377 0.92 -
GH13_29.hmm          -            344 A5-S03_147_cg38_3    -            541   2.7e-84  278.5   0.0   1   1   3.3e-85   6.5e-84  277.3   0.0     2   343    34   377    33   378 0.89 -
GH13_16.hmm          -            353 A5-S03_147_cg38_3    -            541   2.6e-82  272.0   3.3   1   1   5.6e-75   1.1e-73  243.6   0.6     1   246    34   308    34   344 0.90 -
GH13.hmm             -            299 A5-S03_147_cg38_3    -            541   1.3e-78  260.5  17.4   1   1   7.8e-80   1.6e-78  260.3  16.4    13   297    34   383    29   385 0.80 -
GH13_36.hmm          -            314 A5-S03_147_cg38_3    -            541   2.3e-78  259.0   0.0   1   1   5.9e-79   1.2e-77  256.7   0.0     1   313    34   377    34   378 0.89 -
GH13_21.hmm          -            308 A5-S03_147_cg38_3    -            541   4.9e-60  198.8   3.6   1   1   1.6e-60   3.1e-59  196.1   3.6     1   306    34   377    34   379 0.83 -
GH13_20.hmm          -            300 A5-S03_147_cg38_3    -            541   2.4e-53  176.7   0.3   1   1   4.1e-45   8.3e-44  145.4   0.1     1   166    34   214    34   221 0.90 -
GH13_4.hmm           -            400 A5-S03_147_cg38_3    -            541   4.3e-38  126.3   0.1   1   1   2.6e-34   5.1e-33  109.6   0.1     2   188    34   216    33   224 0.94 -
GH13_39.hmm          -            316 A5-S03_147_cg38_3    -            541   3.5e-34  113.9   0.0   1   1   1.4e-25   2.9e-24   81.3   0.1     1   167    34   214    34   220 0.82 -
GH13_2.hmm           -            310 A5-S03_147_cg38_3    -            541   5.3e-34  113.3   0.0   1   1     4e-27     8e-26   86.5   0.0     2   177    34   214    33   238 0.83 -
GH13_14.hmm          -            289 A5-S03_147_cg38_3    -            541   1.3e-29   98.7   0.0   1   1   5.7e-25   1.2e-23   79.2   0.0     1   156    43   214    43   219 0.83 -
GH13_41.hmm          -            294 A5-S03_147_cg38_3    -            541   5.5e-27   90.2   0.0   1   1   2.1e-19   4.1e-18   61.1   0.0     1   162    34   214    34   221 0.82 -
GH13_10.hmm          -            313 A5-S03_147_cg38_3    -            541   1.8e-26   88.5   1.1   1   1   8.8e-25   1.8e-23   78.7   0.4     5   147    34   215    32   221 0.94 -
GH13_1.hmm           -            306 A5-S03_147_cg38_3    -            541   5.5e-26   86.6   0.0   1   1   7.3e-26   1.5e-24   81.9   0.0     2   304    34   381    33   383 0.69 -
GH13_37.hmm          -            320 A5-S03_147_cg38_3    -            541   2.1e-25   84.6   0.5   1   1   4.5e-20     9e-19   62.8   0.0     9    98    34   113    27   129 0.92 -
GH13_13.hmm          -            361 A5-S03_147_cg38_3    -            541   2.2e-25   84.7   0.0   1   1   5.7e-22   1.2e-20   69.2   0.0    60   186    67   215    64   219 0.83 -
GH13_18.hmm          -            343 A5-S03_147_cg38_3    -            541   6.9e-25   83.0   0.1   1   1   2.6e-23   5.3e-22   73.5   0.1     3   160    54   218    52   224 0.85 -
GH13_19.hmm          -            360 A5-S03_147_cg38_3    -            541   3.4e-20   67.7   3.9   1   1   1.4e-15   2.9e-14   48.2   0.4     1    96    34   114    34   149 0.84 -
GH13_3.hmm           -            210 A5-S03_147_cg38_3    -            541   4.2e-20   67.4   2.0   1   1   1.8e-20   3.5e-19   64.4   2.0     4   151    42   212    39   218 0.79 -
GH13_12.hmm          -            284 A5-S03_147_cg38_3    -            541   5.1e-20   67.5   0.0   1   1   2.9e-18   5.8e-17   57.5   0.0     1   158    34   214    34   221 0.82 -
GH13_32.hmm          -            269 A5-S03_147_cg38_3    -            541   4.9e-19   64.1   0.0   1   1   9.5e-20   1.9e-18   62.2   0.0     1   156    51   215    51   318 0.81 -
GH13_11.hmm          -            351 A5-S03_147_cg38_3    -            541     3e-17   58.1   0.0   1   1   5.6e-16   1.1e-14   49.7   0.0     5   179    37   221    34   262 0.82 -
GH13_28.hmm          -            266 A5-S03_147_cg38_3    -            541   9.3e-16   53.1   0.0   1   1   2.9e-16   5.8e-15   50.5   0.0    37   173    63   221    38   248 0.74 -
AA4.hmm              -            522 A5-S03_147_cg85_6    -            475   6.4e-20   66.5   0.0   1   1   2.4e-19   7.8e-17   56.3   0.1    17   260     3   235     1   328 0.79 -
AA7.hmm              -            458 A5-S03_147_cg85_6    -            475   4.5e-19   64.7  11.9   1   1     2e-21   6.3e-19   64.2   9.4    14   197    36   227    31   239 0.85 -
CE1.hmm              -            227 A5-S03_147_cg113_1   -            296   3.4e-18   61.5   0.0   1   1   7.4e-21   4.8e-18   61.0   0.0     7   197    90   260    87   291 0.71 -
GT28.hmm             -            157 A5-S03_147_cg114_9   -            360   7.2e-37  121.8   0.0   1   1   1.7e-39   1.1e-36  121.3   0.0     3   156   191   345   189   346 0.93 -
GT4.hmm              -            160 A5-S03_147_cg118_1   -            363   9.4e-29   95.5   0.0   1   1   3.5e-31   2.2e-28   94.2   0.0     6   145   183   318   179   332 0.87 -
GH130.hmm            -            296 A5-S03_147_cg118_2   -            462   8.6e-51  167.8   0.0   1   1   5.1e-53   3.3e-50  165.9   0.0    38   295   198   454   196   455 0.91 -
AA1.hmm              -            943 A5-S03_147_cg135_2   -            205   3.5e-32  106.8   2.3   1   1   2.2e-34   3.6e-32  106.8   2.3   450   553    44   171     6   193 0.79 -
AA1_3.hmm            -            312 A5-S03_147_cg135_2   -            205   4.1e-25   83.9   0.4   1   1   3.2e-27   5.2e-25   83.5   0.4    29   131    53   154    29   162 0.87 -
AA1_2.hmm            -            337 A5-S03_147_cg135_2   -            205   9.6e-20   66.1   0.8   1   1     8e-22   1.3e-19   65.7   0.8     6   105    60   157    57   164 0.92 -
AA1_1.hmm            -            303 A5-S03_147_cg135_2   -            205   2.5e-15   51.6   0.0   1   1   2.1e-17   3.4e-15   51.2   0.0    10   116    58   158    52   170 0.89 -
CE10.hmm             -            341 A5-S03_147_cg153_3   -            361   1.5e-16   56.2   0.4   1   1   3.8e-19   2.4e-16   55.5   0.3    94   218   163   281   129   324 0.80 -
GT4.hmm              -            160 A5-S03_147_cg181_2   -            372     1e-30  101.8   0.0   1   1   2.3e-33   1.5e-30  101.3   0.0     9   159   195   342   189   343 0.95 -
GT2_Glycos_transf_2.hmm PF00535.25   170 A5-S03_147_cg184_2   -            245   1.4e-31  104.9   0.0   1   1   2.7e-34   1.7e-31  104.6   0.0     1   166     7   168     7   171 0.93 Glycosyl transferase family 2
GT4.hmm              -            160 A5-S03_147_cg189_4   -            343   7.3e-23   76.3   0.3   1   1   4.2e-23   2.7e-20   68.0   0.0     8   155   177   310   171   315 0.92 -
GT2_Glycos_transf_2.hmm PF00535.25   170 A5-S03_147_cg191_5   -            314   1.7e-30  101.4   0.0   1   1   3.5e-33   2.2e-30  101.0   0.0     2   131     6   134     5   189 0.91 Glycosyl transferase family 2
GT2_Glycos_transf_2.hmm PF00535.25   170 A5-S03_147_cg201_8   -            245   9.1e-34  112.0   0.0   1   1   1.8e-36   1.2e-33  111.6   0.0     1   166     7   168     7   171 0.97 Glycosyl transferase family 2
GT4.hmm              -            160 A5-S03_147_cg217_3   -            460     6e-31  102.6   0.0   1   1   3.1e-33     1e-30  101.9   0.0    10   158   274   429   269   431 0.90 -
GT5.hmm              -            472 A5-S03_147_cg217_3   -            460   2.4e-17   58.0   0.0   1   1   1.5e-18   4.7e-16   53.7   0.0   289   471   270   455   201   456 0.77 -
GH109.hmm            -            126 A5-S03_147_cg241_3   -            517   1.6e-16   56.2   0.1   1   1   2.1e-18   1.3e-15   53.2   0.1     1   121     5   118     5   123 0.79 -
GH1.hmm              -            429 A5-S03_147_cg246_2   -            457  6.5e-155  511.3   0.0   1   1  1.1e-157  7.3e-155  511.2   0.0     8   425     4   441     1   445 0.92 -
GT78.hmm             -            134 A5-S03_147_cg297_4   -            382   9.7e-45  146.9   0.1   1   1   8.6e-47   2.8e-44  145.5   0.0     2   134     3   121     2   121 0.97 -
GT81.hmm             -            293 A5-S03_147_cg297_4   -            382   9.3e-17   56.1   0.0   1   1   3.7e-19   1.2e-16   55.8   0.0    89   247    70   232    17   254 0.81 -
GH74.hmm             -            233 A5-S03_147_cg303_2   -           1076   2.1e-65  215.7  11.9   1   2   1.4e-15   4.6e-13   44.4   0.0    32   110    89   170    69   200 0.81 -
GH74.hmm             -            233 A5-S03_147_cg303_2   -           1076   2.1e-65  215.7  11.9   2   2   4.6e-17   1.5e-14   49.3   0.1    43   115   209   285   177   296 0.80 -
CE10.hmm             -            341 A5-S03_147_cg314_1   -            280   1.6e-16   56.2   1.6   1   1   1.2e-18   7.8e-16   53.9   1.6    68   309    32   256    22   278 0.73 -
GT35.hmm             -            674 A5-S03_147_cg321_1   -            597  9.9e-114  376.4   0.0   1   2     1e-16   6.5e-14   46.6   0.0    22    70   100   148    96   204 0.84 -
GT35.hmm             -            674 A5-S03_147_cg321_1   -            597  9.9e-114  376.4   0.0   2   2    8e-102   5.1e-99  327.8   0.0   210   569   239   587   229   596 0.93 -
GH77.hmm             -            494 A5-S03_147_cg321_2   -            495  1.7e-154  510.5   0.1   1   1  3.3e-157  2.1e-154  510.2   0.1     1   489    13   487    13   491 0.96 -
AA3.hmm              -            618 A5-S03_147_cg326_4   -            653   3.2e-56  186.2   0.3   1   1   3.2e-58   4.1e-56  185.9   0.3    85   400   159   650   156   652 0.69 -
AA3_1.hmm            -            548 A5-S03_147_cg326_4   -            653     5e-48  159.2   2.1   1   2   1.2e-31   1.5e-29   98.2   3.2     8   279   154   410   148   421 0.87 -
AA3_1.hmm            -            548 A5-S03_147_cg326_4   -            653     5e-48  159.2   2.1   2   2   2.7e-19   3.5e-17   57.4   0.0   397   543   494   646   474   650 0.75 -
AA3_2.hmm            -            568 A5-S03_147_cg326_4   -            653   3.4e-44  146.7   0.6   1   2   8.5e-23   1.1e-20   69.2   1.5     4   284   165   411   162   415 0.75 -
AA3_2.hmm            -            568 A5-S03_147_cg326_4   -            653   3.4e-44  146.7   0.6   2   2   5.1e-24   6.5e-22   73.2   0.0   411   566   489   648   462   650 0.83 -
GH130.hmm            -            296 A5-S03_147_cg331_3   -            498   2.3e-51  169.7   0.0   1   1   6.7e-54   4.3e-51  168.8   0.0    65   293   270   493   242   496 0.89 -
CE10.hmm             -            341 A5-S03_147_cg340_1   -            166   2.3e-15   52.3   0.0   1   1   4.2e-18   2.7e-15   52.1   0.0   166   329    14   158     5   164 0.80 -
GT4.hmm              -            160 A5-S03_147_cg358_1   -            275   1.5e-16   55.8   0.0   1   1   4.1e-19   2.6e-16   55.0   0.0     6   159    82   240    77   241 0.91 -
PL12_3.hmm           -            144 A5-S03_147_cg358_3   -            680   1.9e-52  172.3   0.0   1   1   1.8e-54   3.8e-52  171.4   0.0     1   144   412   560   412   560 0.95 -
PL12.hmm             -            138 A5-S03_147_cg358_3   -            680   1.4e-38  127.6   0.0   1   1   1.2e-40   2.5e-38  126.8   0.0     1   138   412   561   412   561 0.94 -
PL12_1.hmm           -            135 A5-S03_147_cg358_3   -            680   1.4e-15   53.1   0.0   1   1   1.1e-17   2.4e-15   52.4   0.0     2   126   413   549   412   559 0.79 -
#
# Program:         hmmscan
# Version:         3.3.1 (Jul 2020)
# Pipeline mode:   SCAN
# Query file:      /beegfs/home/lxd/2_sea_metagenomics/6.metabat2/bins_redup_refinem_drep/derep_70_10/derepbins_prodigal/A5-S03_147.proteins.faa
# Target file:     /beegfs/home/lxd/4_salt_metagenomics/tools/CAZy/dbCAN-HMMdb-V8.txt
# Option settings: hmmscan --tblout A5-S03_147.tbl --domtblout A5-S03_147_dom.tbl --acc --noali --notextw -E 1e-14 --domE 1e-14 --cpu 30 /beegfs/home/lxd/4_salt_metagenomics/tools/CAZy/dbCAN-HMMdb-V8.txt /beegfs/home/lxd/2_sea_metagenomics/6.metabat2/bins_redup_refinem_drep/derep_70_10/derepbins_prodigal/A5-S03_147.proteins.faa 
# Current dir:     /beegfs/home/lxd/2_sea_metagenomics/6.metabat2/bins_redup_refinem_drep/derep_70_10/derepbins_cazy
# Date:            Thu Mar  4 09:01:51 2021
# [ok]
