#                                                                            --- full sequence --- -------------- this domain -------------   hmm coord   ali coord   env coord
# target name        accession   tlen query name           accession   qlen   E-value  score  bias   #  of  c-Evalue  i-Evalue  score  bias  from    to  from    to  from    to  acc description of target
#------------------- ---------- ----- -------------------- ---------- ----- --------- ------ ----- --- --- --------- --------- ------ ----- ----- ----- ----- ----- ----- ----- ---- ---------------------
GT2_Glycos_transf_2.hmm PF00535.25   170 A5-S04_85_cg1_9      -            363     2e-21   71.8   0.0   1   1   8.4e-24   2.7e-21   71.4   0.0     1   168    17   187    17   189 0.88 Glycosyl transferase family 2
GT2_Glyco_tranf_2_3.hmm PF13641.5    230 A5-S04_85_cg1_9      -            363   7.3e-15   50.8   0.0   1   1   3.4e-17   1.1e-14   50.2   0.0     1   200    13   214    12   236 0.80 Glycosyltransferase like family 2
GT19.hmm             -            354 A5-S04_85_cg5_2      -            382  1.9e-125  413.4   0.0   1   1  3.4e-128  2.2e-125  413.2   0.0     3   353     1   356     1   357 0.97 -
GH109.hmm            -            126 A5-S04_85_cg12_2     -            372   1.5e-15   53.0   0.0   1   1   3.8e-18   2.5e-15   52.3   0.0     4   126    42   160    40   160 0.84 -
GH109.hmm            -            126 A5-S04_85_cg14_3     -            456   1.8e-22   75.4   0.1   1   1   5.4e-25   3.5e-22   74.5   0.1     1   122    48   162    48   165 0.95 -
GT51.hmm             -            177 A5-S04_85_cg37_4     -            750   3.3e-61  201.1   0.0   1   1   8.9e-64   5.7e-61  200.4   0.0     2   177    70   245    69   245 0.99 -
GT41.hmm             -            705 A5-S04_85_cg43_2     -            157   1.3e-19   65.4   0.0   1   1   6.1e-17   3.9e-14   47.4   0.0    87   191     8   101     2   105 0.92 -
GH57.hmm             -            383 A5-S04_85_cg48_1     -            490   2.5e-63  209.8   0.2   1   1   5.6e-66   3.6e-63  209.2   0.2    20   308    35   341     5   362 0.76 -
GH13_10.hmm          -            313 A5-S04_85_cg48_2     -            625  4.2e-135  445.3   0.0   1   1  9.8e-137  5.2e-135  445.0   0.0     1   313   120   435   120   435 0.99 -
GH13.hmm             -            299 A5-S04_85_cg48_2     -            625     2e-40  135.2   0.0   1   1   7.8e-42   4.2e-40  134.1   0.0     9   289   120   436   118   439 0.75 -
GH13_9.hmm           -            301 A5-S04_85_cg48_2     -            625   1.2e-33  111.9   0.0   1   1   6.3e-33   3.4e-31  103.8   0.0     3   249   136   361   134   436 0.69 -
GH13_11.hmm          -            351 A5-S04_85_cg48_2     -            625   6.4e-24   80.1   0.0   1   1   2.1e-23   1.1e-21   72.7   0.0     2   257   124   360   123   383 0.78 -
GH13_36.hmm          -            314 A5-S04_85_cg48_2     -            625     3e-23   78.0   0.0   1   1   7.5e-16     4e-14   48.0   0.0     7    80   130   205   124   221 0.89 -
GH13_14.hmm          -            289 A5-S04_85_cg48_2     -            625   2.8e-22   74.6   0.0   1   1   1.3e-23   6.7e-22   73.4   0.0     1   289   133   433   133   433 0.70 -
GH13_41.hmm          -            294 A5-S04_85_cg48_2     -            625   1.1e-20   69.5   0.0   1   1   4.3e-22   2.3e-20   68.5   0.0     1   291   124   437   124   439 0.71 -
GH13_21.hmm          -            308 A5-S04_85_cg48_2     -            625   8.2e-19   63.4   0.0   1   1   4.5e-18   2.4e-16   55.3   0.0     5   303   128   435   124   438 0.74 -
GH13_20.hmm          -            300 A5-S04_85_cg48_2     -            625   3.1e-18   61.4   0.0   1   1   6.6e-15   3.5e-13   44.8   0.0     3    79   126   204   124   212 0.90 -
GH13_1.hmm           -            306 A5-S04_85_cg48_2     -            625   4.8e-15   50.7   0.0   1   1   5.1e-15   2.7e-13   44.9   0.0     2    88   124   204   123   233 0.87 -
GH13_9.hmm           -            301 A5-S04_85_cg48_3     -            660  1.5e-158  522.0   0.5   1   1  3.6e-160  2.3e-158  521.4   0.5     1   301   206   506   206   506 1.00 -
GH13_8.hmm           -            293 A5-S04_85_cg48_3     -            660   2.4e-46  153.5   0.3   1   1   6.2e-48   3.9e-46  152.8   0.3     1   247   229   471   229   482 0.85 -
GH13_10.hmm          -            313 A5-S04_85_cg48_3     -            660   1.6e-36  121.5   0.3   1   1   8.1e-36   5.2e-34  113.3   0.0     6   212   196   426   194   453 0.82 -
GH13.hmm             -            299 A5-S04_85_cg48_3     -            660   5.2e-33  110.8   6.5   1   1   1.5e-34   9.5e-33  110.0   6.5    22   295   205   512   185   516 0.68 -
GH13_3.hmm           -            210 A5-S04_85_cg48_3     -            660   6.1e-26   86.5   0.0   1   1     3e-27   1.9e-25   84.9   0.0     6   205   206   421   201   426 0.91 -
GH13_11.hmm          -            351 A5-S04_85_cg48_3     -            660   5.5e-21   70.5   0.1   1   1   1.3e-22   8.4e-21   69.9   0.1     3   170   196   342   195   380 0.89 -
CBM48.hmm            -             76 A5-S04_85_cg48_3     -            660   2.5e-20   68.2   0.1   1   1   8.3e-22   5.3e-20   67.1   0.1     2    72    51   139    50   143 0.87 -
GH13_14.hmm          -            289 A5-S04_85_cg48_3     -            660   3.7e-19   64.4   0.0   1   1   9.3e-21     6e-19   63.7   0.0     2   152   206   340   205   344 0.84 -
GH13_12.hmm          -            284 A5-S04_85_cg48_3     -            660   2.3e-15   52.3   0.0   1   1   6.6e-17   4.2e-15   51.4   0.0     9   154   204   340   196   344 0.81 -
GH77.hmm             -            494 A5-S04_85_cg48_4     -            339   2.6e-91  302.1   0.3   1   1   4.6e-94   2.9e-91  301.9   0.3   181   491     2   336     1   338 0.91 -
PL11.hmm             -            606 A5-S04_85_cg52_8     -            707   1.4e-31  105.0   0.0   1   1   4.4e-22   9.3e-20   65.9   0.0   302   558   425   685   422   692 0.81 -
CBM66.hmm            -            155 A5-S04_85_cg52_8     -            707   1.7e-16   56.3   0.0   1   1   2.2e-18   4.8e-16   54.8   0.0    28   154   108   237    79   238 0.83 -
GH74.hmm             -            233 A5-S04_85_cg57_2     -           1056   1.8e-49  163.5  14.1   1   1   1.8e-15   1.2e-12   43.1   0.1    43   116   115   191    92   196 0.81 -
CE15.hmm             -            269 A5-S04_85_cg76_1     -            725   4.7e-23   77.3   0.0   1   1   3.6e-25   2.3e-22   75.0   0.0    13   268    71   380    66   381 0.85 -
GT41.hmm             -            705 A5-S04_85_cg85_2     -            732   6.2e-33  109.5   7.3   1   1     1e-15   6.5e-13   43.3   0.3    60   191   493   648   474   660 0.86 -
CE9.hmm              -            373 A5-S04_85_cg89_2     -            396  2.7e-132  436.1   3.0   1   1  4.8e-135  3.1e-132  435.9   3.0     3   373     9   391     7   391 0.97 -
GH23.hmm             -            135 A5-S04_85_cg95_3     -            227   9.1e-36  118.7   0.1   1   1   1.9e-38   1.2e-35  118.2   0.1    12   131    83   201    76   205 0.94 -
GT41.hmm             -            705 A5-S04_85_cg105_1    -            334   1.6e-28   94.9  10.3   1   1   6.7e-16   4.3e-13   43.9   2.3    66   191   137   252   134   254 0.96 -
GT5.hmm              -            472 A5-S04_85_cg112_3    -            501  7.5e-176  580.6   0.0   1   1  1.3e-178  8.5e-176  580.5   0.0     1   471     8   480     8   481 0.95 -
GT4.hmm              -            160 A5-S04_85_cg118_2    -            423   9.8e-26   85.6   0.0   1   1   2.3e-28   1.5e-25   85.0   0.0     3   159   222   383   220   384 0.88 -
GT9.hmm              -            225 A5-S04_85_cg121_5    -            390   2.6e-53  176.5   0.0   1   1   6.2e-56     4e-53  175.9   0.0     6   217   103   350   101   359 0.88 -
CE11.hmm             -            271 A5-S04_85_cg127_3    -            311  4.1e-105  346.2   0.0   1   1  7.4e-108  4.7e-105  346.0   0.0     1   270    10   280    10   281 0.98 -
GH15.hmm             -            361 A5-S04_85_cg149_1    -            625   9.6e-84  276.9   0.3   1   1   1.8e-86   1.2e-83  276.6   0.3     2   360   239   613   238   614 0.89 -
GT4.hmm              -            160 A5-S04_85_cg150_2    -            376   8.3e-32  105.4   0.0   1   1   3.7e-34   1.2e-31  104.9   0.0     5   159   190   342   186   343 0.93 -
GT5.hmm              -            472 A5-S04_85_cg150_2    -            376   4.5e-27   90.1   0.0   1   1   3.8e-28   1.2e-25   85.4   0.0   275   471   179   367   159   368 0.89 -
GH109.hmm            -            126 A5-S04_85_cg166_2    -            454   6.9e-16   54.1   0.0   1   1   2.5e-18   1.6e-15   52.9   0.0     3   115    51   155    49   165 0.88 -
GT2_Glycos_transf_2.hmm PF00535.25   170 A5-S04_85_cg169_3    -            229   3.7e-18   61.2   0.0   1   1   8.2e-21   5.2e-18   60.7   0.0    33   165     2   132     1   137 0.81 Glycosyl transferase family 2
GH33.hmm             -            342 A5-S04_85_cg190_4    -            314   6.5e-37  122.9   0.2   1   1   2.6e-39   8.2e-37  122.5   0.2    17   326    11   296     3   307 0.86 -
GT30.hmm             -            177 A5-S04_85_cg213_3    -            447   3.9e-60  197.7   0.4   1   1   3.9e-61   2.5e-58  191.7   0.0     2   175    32   216    31   218 0.97 -
CE1.hmm              -            227 A5-S04_85_cg218_4    -            277   1.3e-36  121.8   0.0   1   1   5.2e-39   1.7e-36  121.4   0.0     6   208    47   254    43   267 0.74 -
CE10.hmm             -            341 A5-S04_85_cg218_4    -            277   7.9e-16   53.8   0.2   1   1   2.2e-17   6.9e-15   50.8   0.2    78   309    48   254    38   266 0.81 -
GH29.hmm             -            346 A5-S04_85_cg233_2    -            481  1.6e-111  368.0   0.5   1   1  3.1e-114    2e-111  367.7   0.5    19   346    25   383     8   383 0.90 -
GH109.hmm            -            126 A5-S04_85_cg233_6    -            254   1.9e-23   78.5   0.3   1   1   9.5e-26   6.1e-23   76.9   0.3     2   119    40   150    39   156 0.85 -
GH37.hmm             -            491 A5-S04_85_cg242_7    -            249   2.1e-56  187.2   0.4   1   1   3.6e-59   2.3e-56  187.0   0.4   299   489     1   226     1   228 0.92 -
GT2_Glycos_transf_2.hmm PF00535.25   170 A5-S04_85_cg248_2    -            288   3.8e-33  110.0   0.1   1   1   1.9e-35     6e-33  109.3   0.1     1   167    22   181    22   184 0.88 Glycosyl transferase family 2
GT81.hmm                -            293 A5-S04_85_cg248_2    -            288   1.5e-15   52.1   0.0   1   1   6.6e-18   2.1e-15   51.6   0.0    22   130    20   123    10   148 0.83 -
GT83.hmm             -            540 A5-S04_85_cg248_3    -            610  1.6e-124  411.6  43.7   1   1  6.4e-127    2e-124  411.3  43.7     8   485    27   529    20   546 0.83 -
GT39.hmm             -            223 A5-S04_85_cg248_3    -            610   5.7e-15   50.8  10.0   1   1   1.8e-17   5.7e-15   50.8  10.0     3   191    33   233    31   256 0.85 -
AA7.hmm              -            458 A5-S04_85_cg249_2    -            997     8e-18   60.6   0.2   1   1     9e-19   5.8e-16   54.4   0.3    12   148    69   208    65   217 0.92 -
PL25.hmm             -            434 A5-S04_85_cg250_2    -            439   3.3e-16   54.9   4.5   1   1   6.8e-18   4.4e-15   51.2   4.5    67   385    69   387    17   412 0.66 -
GH109.hmm            -            126 A5-S04_85_cg251_5    -            434   1.6e-23   78.8   0.1   1   1   6.8e-26   4.4e-23   77.4   0.1     1   120    29   140    29   145 0.94 -
AA3.hmm              -            618 A5-S04_85_cg256_3    -            536   6.5e-55  181.9   0.0   1   1   6.3e-57     8e-55  181.6   0.0    87   401     3   531     1   534 0.79 -
AA3_2.hmm            -            568 A5-S04_85_cg256_3    -            536   1.3e-30  101.9   0.0   1   2   2.4e-16   3.1e-14   47.9   0.0     3   280     6   287     4   311 0.77 -
AA3_2.hmm            -            568 A5-S04_85_cg256_3    -            536   1.3e-30  101.9   0.0   2   2   5.9e-17   7.6e-15   49.9   0.0   484   566   445   528   425   530 0.86 -
AA3_1.hmm            -            548 A5-S04_85_cg256_3    -            536   5.3e-27   89.8   0.1   1   1   9.2e-15   1.2e-12   42.5   0.1   479   544   464   527   435   530 0.89 -
AA3_4.hmm            -            549 A5-S04_85_cg256_3    -            536   6.3e-26   86.4   0.0   1   1   3.6e-16   4.7e-14   47.3   0.0   408   547   395   529   384   531 0.86 -
AA4.hmm              -            522 A5-S04_85_cg263_2    -            455     1e-23   79.1   0.0   1   1   6.3e-23     4e-20   67.2   0.0    14   249     5   226     1   241 0.86 -
GT51.hmm             -            177 A5-S04_85_cg267_2    -            860   7.3e-59  193.5   0.0   1   1   2.3e-61   1.5e-58  192.5   0.0     9   177   152   325   143   325 0.95 -
GH23.hmm             -            135 A5-S04_85_cg274_1    -            486   2.9e-26   87.9   0.2   1   1   9.1e-29   5.9e-26   86.9   0.2     8   120   228   357   221   379 0.91 -
GH109.hmm            -            126 A5-S04_85_cg284_1    -            410   1.3e-15   53.2   0.1   1   1   4.9e-18   3.1e-15   52.0   0.1     3   122    40   150    38   154 0.89 -
GT4.hmm              -            160 A5-S04_85_cg285_2    -            398   2.3e-20   68.2   0.0   1   1   5.4e-23   3.4e-20   67.6   0.0     5   159   207   366   204   367 0.93 -
GH2.hmm              -            752 A5-S04_85_cg304_4    -            279   2.3e-55  183.7   6.6   1   1   4.2e-58   2.7e-55  183.4   6.6    25   228    39   278    30   278 0.75 -
GH2.hmm              -            752 A5-S04_85_cg304_5    -            640   1.3e-46  154.7   2.4   1   1   2.6e-49   1.7e-46  154.4   2.4   242   465     2   294     1   327 0.77 -
GH109.hmm            -            126 A5-S04_85_cg311_2    -            424   1.5e-23   78.8   0.0   1   1     5e-26   3.2e-23   77.8   0.0     1   121    42   154    42   158 0.93 -
GH23.hmm             -            135 A5-S04_85_cg313_1    -            735   3.6e-26   87.6   0.1   1   1   1.6e-28     1e-25   86.1   0.1    14   122   563   690   550   699 0.88 -
CE14.hmm             -            124 A5-S04_85_cg335_4    -            238   5.4e-23   77.4   0.0   1   1   1.3e-25   8.1e-23   76.8   0.0     1   124     6   111     6   111 0.97 -
GT41.hmm             -            705 A5-S04_85_cg342_6    -            273   6.8e-17   56.5   0.5   1   1   8.3e-16   5.3e-13   43.6   0.1   116   231    28   144     7   179 0.67 -
GT2_Glycos_transf_2.hmm PF00535.25   170 A5-S04_85_cg352_5    -            248   6.6e-34  112.5   0.0   1   1   2.5e-36   8.1e-34  112.2   0.0     1   166     7   173     7   177 0.94 Glycosyl transferase family 2
GT81.hmm                -            293 A5-S04_85_cg352_5    -            248   6.6e-18   59.9   0.0   1   1   2.6e-20   8.3e-18   59.5   0.0    23   135     6   112     2   151 0.85 -
GT41.hmm             -            705 A5-S04_85_cg362_4    -            456   4.3e-31  103.4  16.8   1   2   9.1e-17   5.8e-14   46.8   3.5    57   191    57   183    32   185 0.79 -
GT41.hmm             -            705 A5-S04_85_cg362_4    -            456   4.3e-31  103.4  16.8   2   2     2e-15   1.3e-12   42.4   0.9    67   190   171   284   169   289 0.94 -
GT2_Glycos_transf_2.hmm PF00535.25   170 A5-S04_85_cg365_5    -            153     2e-33  110.9   0.0   1   1   7.1e-36   2.3e-33  110.7   0.0     1   133     3   137     3   151 0.89 Glycosyl transferase family 2
GT2_Glyco_tranf_2_3.hmm PF13641.5    230 A5-S04_85_cg365_5    -            153     6e-16   54.3   0.0   1   1   2.1e-18   6.8e-16   54.1   0.0     4   119     2   116     1   135 0.84 Glycosyltransferase like family 2
#
# Program:         hmmscan
# Version:         3.3.1 (Jul 2020)
# Pipeline mode:   SCAN
# Query file:      /beegfs/home/lxd/2_sea_metagenomics/6.metabat2/bins_redup_refinem_drep/derep_70_10/derepbins_prodigal/A5-S04_85.proteins.faa
# Target file:     /beegfs/home/lxd/4_salt_metagenomics/tools/CAZy/dbCAN-HMMdb-V8.txt
# Option settings: hmmscan --tblout A5-S04_85.tbl --domtblout A5-S04_85_dom.tbl --acc --noali --notextw -E 1e-14 --domE 1e-14 --cpu 30 /beegfs/home/lxd/4_salt_metagenomics/tools/CAZy/dbCAN-HMMdb-V8.txt /beegfs/home/lxd/2_sea_metagenomics/6.metabat2/bins_redup_refinem_drep/derep_70_10/derepbins_prodigal/A5-S04_85.proteins.faa 
# Current dir:     /beegfs/home/lxd/2_sea_metagenomics/6.metabat2/bins_redup_refinem_drep/derep_70_10/derepbins_cazy
# Date:            Thu Mar  4 10:44:53 2021
# [ok]
