#                                                                            --- full sequence --- -------------- this domain -------------   hmm coord   ali coord   env coord
# target name        accession   tlen query name           accession   qlen   E-value  score  bias   #  of  c-Evalue  i-Evalue  score  bias  from    to  from    to  from    to  acc description of target
#------------------- ---------- ----- -------------------- ---------- ----- --------- ------ ----- --- --- --------- --------- ------ ----- ----- ----- ----- ----- ----- ----- ---- ---------------------
GT4.hmm              -            160 A5-S04_77_cg2_4      -            412   2.8e-31  103.7   0.0   1   1   6.7e-34   4.3e-31  103.1   0.0     4   159   218   378   217   379 0.96 -
GT1.hmm              -            382 A5-S04_77_cg2_5      -            390   4.2e-22   74.9  25.7   1   1   1.8e-24   5.8e-22   74.4  25.7    31   381     9   379     3   386 0.92 -
GT28.hmm             -            157 A5-S04_77_cg2_5      -            390   1.9e-15   52.3   0.0   1   1   2.1e-17   6.7e-15   50.5   0.0     2   140   213   357   212   374 0.80 -
GH103.hmm            -            295 A5-S04_77_cg5_6      -            338   3.4e-46  152.9   0.1   1   1   5.9e-48   3.8e-45  149.5   0.0     8   204    43   265    35   271 0.91 -
GT2_Glycos_transf_2.hmm PF00535.25   170 A5-S04_77_cg56_7     -            495   4.1e-16   54.5   0.0   1   1   1.5e-18   9.4e-16   53.4   0.0     2   167    92   271    91   273 0.91 Glycosyl transferase family 2
GH23.hmm             -            135 A5-S04_77_cg77_6     -            763   2.6e-26   88.1   0.1   1   1     4e-29   2.6e-26   88.1   0.1    14   122   605   732   593   739 0.88 -
AA4.hmm              -            522 A5-S04_77_cg81_3     -            496   6.6e-31  102.8   0.0   1   1   4.5e-29   1.4e-26   88.4   0.1    14   248    14   238     3   253 0.83 -
AA7.hmm              -            458 A5-S04_77_cg81_3     -            496   7.6e-16   54.0   2.4   1   1   3.9e-18   1.3e-15   53.3   2.4    12   194    49   238    45   253 0.88 -
GT51.hmm             -            177 A5-S04_77_cg92_38    -            747   1.1e-57  189.6   0.0   1   1     3e-60   1.9e-57  188.9   0.0     2   166    56   221    55   245 0.92 -
GT4.hmm              -            160 A5-S04_77_cg107_3    -            415   5.5e-33  109.2   0.0   1   1   2.6e-35   8.3e-33  108.6   0.0     6   158   229   379   227   381 0.93 -
GT5.hmm              -            472 A5-S04_77_cg107_3    -            415   1.5e-17   58.7   0.0   1   1   1.5e-16   4.9e-14   47.1   0.0   292   471   232   405   187   406 0.84 -
GT4.hmm              -            160 A5-S04_77_cg107_4    -            372     2e-29   97.7   0.0   1   1   9.2e-32     3e-29   97.1   0.0    12   152   233   370   231   372 0.94 -
GT41.hmm             -            705 A5-S04_77_cg119_11   -            270   6.4e-45  149.1  11.2   1   3   4.8e-20   3.1e-17   57.6   0.4    81   191    74   174    72   175 0.95 -
GT41.hmm             -            705 A5-S04_77_cg119_11   -            270   6.4e-45  149.1  11.2   2   3   1.4e-17   9.2e-15   49.4   0.1   120   191   136   208   133   208 0.94 -
GT41.hmm             -            705 A5-S04_77_cg119_11   -            270   6.4e-45  149.1  11.2   3   3   4.9e-15   3.1e-12   41.1   0.0   122   191   173   242   171   256 0.93 -
GT9.hmm              -            225 A5-S04_77_cg149_3    -            365   3.7e-49  162.9   0.4   1   1   2.1e-51   1.3e-48  161.1   0.0     3   203   102   331   100   350 0.84 -
CE10.hmm             -            341 A5-S04_77_cg152_11   -            252     2e-55  184.1   0.2   1   1   3.4e-58   2.2e-55  183.9   0.2    50   253    45   247    12   252 0.87 -
CE10.hmm             -            341 A5-S04_77_cg153_12   -            289   1.5e-33  112.1   0.2   1   1   3.2e-36     2e-33  111.7   0.2    34   309    13   260     4   282 0.83 -
AA7.hmm              -            458 A5-S04_77_cg160_2    -            957   5.4e-17   57.8   0.1   1   1   1.7e-18   1.1e-15   53.5   0.4    11   146    33   171    28   180 0.92 -
AA7.hmm              -            458 A5-S04_77_cg175_10   -            479  1.8e-121  402.2   8.2   1   1  5.7e-123  3.7e-120  397.9   8.2     2   458    42   472    41   472 0.97 -
GH109.hmm            -            126 A5-S04_77_cg177_3    -            532   1.2e-15   53.4   0.0   1   1   8.2e-18   5.3e-15   51.3   0.0     3   126    10   120     9   120 0.91 -
AA4.hmm              -            522 A5-S04_77_cg193_8    -            479   1.6e-28   94.9   0.6   1   1   4.6e-27   1.5e-24   81.8   1.0    10   247     4   233     1   249 0.85 -
AA7.hmm              -            458 A5-S04_77_cg193_8    -            479   7.4e-19   64.0   5.0   1   1     7e-21   2.2e-18   62.4   5.0    17   198    48   238    43   250 0.83 -
CE10.hmm             -            341 A5-S04_77_cg205_4    -            297   1.4e-57  191.1   0.9   1   1   2.5e-60   1.6e-57  190.9   0.9    87   337    41   295     8   296 0.81 -
GT41.hmm             -            705 A5-S04_77_cg212_5    -            787   3.1e-60  199.8  29.2   1   1   1.4e-20   9.2e-18   59.4   1.6    63   191    12   130     3   131 0.93 -
GH15.hmm             -            361 A5-S04_77_cg219_6    -            605   7.7e-77  254.2   0.2   1   1   1.6e-79   9.9e-77  253.8   0.2     2   360   225   590   224   591 0.88 -
GT41.hmm             -            705 A5-S04_77_cg228_11   -            293   1.3e-28   95.2   4.8   1   1   2.8e-15   1.8e-12   41.8   0.1    74   191    20   143     5   150 0.88 -
GT41.hmm             -            705 A5-S04_77_cg269_2    -            575     4e-76  252.3  11.1   1   2   1.6e-19     1e-16   55.9   0.1    80   191   118   221   115   223 0.95 -
GT41.hmm             -            705 A5-S04_77_cg269_2    -            575     4e-76  252.3  11.1   2   2   6.4e-18   4.1e-15   50.6   0.1   122   191   288   357   287   358 0.97 -
GH23.hmm             -            135 A5-S04_77_cg271_2    -            223   1.3e-21   72.8   2.8   1   1   2.9e-24   1.8e-21   72.3   2.8     6   124    79   210    55   217 0.92 -
CBM50.hmm            -             40 A5-S04_77_cg273_1    -            819     3e-22   74.1   1.8   1   1   3.3e-15   1.1e-12   43.5   0.1     2    40   557   599   557   599 0.90 -
GH23.hmm             -            135 A5-S04_77_cg273_1    -            819   1.7e-17   59.5   0.6   1   1   1.4e-19   4.4e-17   58.2   0.0     8   104   324   422   318   465 0.83 -
GT9.hmm              -            225 A5-S04_77_cg274_3    -            347   3.2e-59  195.9   0.0   1   1     7e-62   4.5e-59  195.4   0.0     3   221    79   321    78   324 0.90 -
CE10.hmm             -            341 A5-S04_77_cg275_1    -            293   4.2e-66  219.2   0.2   1   1   8.3e-69   5.3e-66  218.8   0.2    44   312    27   287     5   291 0.83 -
GT9.hmm              -            225 A5-S04_77_cg280_4    -            325   1.5e-45  151.2   0.2   1   1   3.1e-48     2e-45  150.8   0.2     3   211    53   288    51   303 0.83 -
GT51.hmm             -            177 A5-S04_77_cg293_10   -            251   3.7e-62  204.2   0.0   1   1   7.3e-65   4.7e-62  203.9   0.0     2   176    57   230    56   231 0.98 -
GH84.hmm             -            295 A5-S04_77_cg301_1    -            406   3.4e-59  195.8   0.0   1   1   6.5e-62   4.2e-59  195.5   0.0     2   290    12   315    11   322 0.97 -
GH102.hmm            -            157 A5-S04_77_cg314_14   -            402   2.6e-48  159.3   0.0   1   1   5.7e-51   3.6e-48  158.8   0.0     1   157   125   281   125   281 0.98 -
GT2_Glycos_transf_2.hmm PF00535.25   170 A5-S04_77_cg330_7    -            226     2e-16   55.5   0.0   1   1   4.8e-19   3.1e-16   54.9   0.0     1   115     4   105     4   147 0.84 Glycosyl transferase family 2
GT19.hmm             -            354 A5-S04_77_cg332_9    -            400    1e-108  358.4   0.0   1   1  1.9e-111  1.2e-108  358.2   0.0     2   352     4   357     3   359 0.98 -
GH23.hmm             -            135 A5-S04_77_cg340_4    -            542   9.1e-30   99.2   1.8   1   1   5.5e-32   1.8e-29   98.3   1.8    11   126   184   317   174   324 0.90 -
GT4.hmm              -            160 A5-S04_77_cg347_19   -            381   1.5e-29   98.0   0.0   1   1   3.5e-32   2.3e-29   97.5   0.0     9   159   194   348   187   349 0.94 -
CE11.hmm             -            271 A5-S04_77_cg356_13   -            294    3e-102  336.8   0.0   1   1  5.3e-105  3.4e-102  336.6   0.0     1   270     3   273     3   274 0.99 -
CE4.hmm              -            130 A5-S04_77_cg364_7    -            300   1.2e-16   56.4   0.0   1   1   4.8e-19   3.1e-16   55.1   0.0    24   126    81   184    65   188 0.84 -
GT2_Glyco_trans_2_3.hmm PF13632.5    197 A5-S04_77_cg370_2    -            360   1.4e-25   85.6   0.1   1   1   6.6e-28   2.1e-25   85.1   0.1     2   189    39   229    38   250 0.75 Glycosyl transferase family group 2
GT2_Glyco_tranf_2_3.hmm PF13641.5    230 A5-S04_77_cg370_2    -            360     3e-24   81.5   0.0   1   1   1.2e-26   3.9e-24   81.1   0.0    67   229    15   178     2   179 0.94 Glycosyltransferase like family 2
GH15.hmm             -            361 A5-S04_77_cg374_2    -            608   3.3e-85  281.7   0.3   1   1   6.6e-88   4.2e-85  281.3   0.3     2   360   225   594   224   595 0.86 -
CE3.hmm              -            194 A5-S04_77_cg376_2    -            234   3.3e-15   51.8   0.0   1   1   4.8e-17   3.1e-14   48.6   0.0     3   192    55   225    54   227 0.86 -
GT20.hmm             -            475 A5-S04_77_cg395_5    -            505  6.4e-172  567.5   0.0   1   1  1.3e-174  8.5e-172  567.1   0.0    12   472    11   475     2   475 0.95 -
CE4.hmm              -            130 A5-S04_77_cg416_1    -            299   5.8e-19   63.9   0.1   1   1   1.7e-21   1.1e-18   63.0   0.1    19   126    73   181    62   184 0.82 -
GH23.hmm             -            135 A5-S04_77_cg434_1    -            305   1.1e-24   82.7   3.1   1   1   2.9e-27   1.8e-24   82.1   2.1     3   120   107   242   105   253 0.91 -
GH109.hmm            -            126 A5-S04_77_cg436_3    -            317   1.7e-16   56.1   0.4   1   1   3.3e-17   2.1e-14   49.3   0.4     1   119     5   111     5   117 0.90 -
#
# Program:         hmmscan
# Version:         3.3.1 (Jul 2020)
# Pipeline mode:   SCAN
# Query file:      /beegfs/home/lxd/2_sea_metagenomics/6.metabat2/bins_redup_refinem_drep/derep_70_10/derepbins_prodigal/A5-S04_77.proteins.faa
# Target file:     /beegfs/home/lxd/4_salt_metagenomics/tools/CAZy/dbCAN-HMMdb-V8.txt
# Option settings: hmmscan --tblout A5-S04_77.tbl --domtblout A5-S04_77_dom.tbl --acc --noali --notextw -E 1e-14 --domE 1e-14 --cpu 30 /beegfs/home/lxd/4_salt_metagenomics/tools/CAZy/dbCAN-HMMdb-V8.txt /beegfs/home/lxd/2_sea_metagenomics/6.metabat2/bins_redup_refinem_drep/derep_70_10/derepbins_prodigal/A5-S04_77.proteins.faa 
# Current dir:     /beegfs/home/lxd/2_sea_metagenomics/6.metabat2/bins_redup_refinem_drep/derep_70_10/derepbins_cazy
# Date:            Thu Mar  4 10:39:30 2021
# [ok]
