#                                                                            --- full sequence --- -------------- this domain -------------   hmm coord   ali coord   env coord
# target name        accession   tlen query name           accession   qlen   E-value  score  bias   #  of  c-Evalue  i-Evalue  score  bias  from    to  from    to  from    to  acc description of target
#------------------- ---------- ----- -------------------- ---------- ----- --------- ------ ----- --- --- --------- --------- ------ ----- ----- ----- ----- ----- ----- ----- ---- ---------------------
GH103.hmm            -            295 A5-S04_155_cg3_5     -            343  4.8e-114  375.7   0.0   1   1  8.6e-117  5.5e-114  375.5   0.0     1   294    31   339    31   340 0.97 -
CE4.hmm              -            130 A5-S04_155_cg15_4    -            289   2.4e-18   61.9   0.0   1   1     6e-21   3.9e-18   61.2   0.0     8   126    18   159    12   163 0.80 -
GT4.hmm              -            160 A5-S04_155_cg36_5    -            346   1.8e-31  104.3   0.0   1   1   9.3e-34     3e-31  103.6   0.0     6   154   168   310   164   316 0.96 -
GT5.hmm              -            472 A5-S04_155_cg36_5    -            346   2.2e-16   54.8   0.0   1   1   9.9e-19   3.2e-16   54.3   0.0   284   450   165   316   146   341 0.80 -
GT4.hmm              -            160 A5-S04_155_cg47_18   -            385   1.6e-32  107.7   0.0   1   1   3.6e-35   2.3e-32  107.2   0.0    13   159   201   349   193   350 0.93 -
GT81.hmm                -            293 A5-S04_155_cg50_5    -            345   7.6e-19   62.9   0.0   1   1   3.1e-21     1e-18   62.5   0.0    20   215    21   200    10   245 0.86 -
GT2_Glycos_transf_2.hmm PF00535.25   170 A5-S04_155_cg50_5    -            345   1.5e-16   56.0   0.0   1   1   6.2e-19     2e-16   55.6   0.0     2   140    26   152    25   181 0.86 Glycosyl transferase family 2
GT41.hmm             -            705 A5-S04_155_cg54_3    -            565   7.6e-33  109.2   1.8   1   2     7e-20   4.5e-17   57.1   0.4    26   191    17   172     2   174 0.75 -
GT41.hmm             -            705 A5-S04_155_cg54_3    -            565   7.6e-33  109.2   1.8   2   2   1.2e-15   7.9e-13   43.0   0.0    82   191   107   206   105   208 0.94 -
GT51.hmm             -            177 A5-S04_155_cg56_11   -            620   5.6e-68  223.2   0.0   1   1   1.3e-70   8.1e-68  222.7   0.0     1   177    53   229    53   229 0.99 -
CE10.hmm             -            341 A5-S04_155_cg61_4    -            292   9.8e-20   66.7   0.3   1   1     2e-22   1.3e-19   66.3   0.3    48   208    30   191     9   213 0.81 -
GH102.hmm            -            157 A5-S04_155_cg68_12   -            409   1.9e-58  192.2   0.0   1   1     4e-61   2.6e-58  191.8   0.0     1   157   146   302   146   302 0.99 -
GT4.hmm              -            160 A5-S04_155_cg75_9    -            387   3.1e-27   90.5   0.0   1   1   1.4e-29   4.4e-27   90.0   0.0     6   157   198   348   193   352 0.94 -
GT5.hmm              -            472 A5-S04_155_cg75_9    -            387   1.3e-16   55.6   0.0   1   1   4.9e-19   1.6e-16   55.3   0.0   254   471   165   376   128   377 0.84 -
GH23.hmm             -            135 A5-S04_155_cg112_15  -            188   1.2e-26   89.1   0.2   1   1   2.8e-29   1.8e-26   88.6   0.2     6   119    59   173    56   183 0.91 -
GT4.hmm              -            160 A5-S04_155_cg119_3   -            421   1.6e-32  107.7   0.0   1   1   7.2e-35   2.3e-32  107.2   0.0    23   159   225   358   203   359 0.89 -
GT5.hmm              -            472 A5-S04_155_cg119_3   -            421   7.8e-17   56.3   0.0   1   1   3.2e-19     1e-16   55.9   0.0   272   466   190   378   133   383 0.84 -
GT4.hmm              -            160 A5-S04_155_cg119_4   -            433     3e-30  100.3   0.0   1   1   7.5e-33   4.8e-30   99.7   0.0    10   157   228   380   223   383 0.95 -
AA3_2.hmm            -            568 A5-S04_155_cg127_7   -            535  9.1e-159  525.0   0.0   1   1  8.4e-161  1.1e-158  524.8   0.0     2   567     5   532     4   533 0.95 -
AA3.hmm              -            618 A5-S04_155_cg127_7   -            535    1e-100  333.2   0.0   1   1  8.9e-103  1.1e-100  333.0   0.0    87   400     3   533     1   534 0.88 -
AA3_3.hmm            -            590 A5-S04_155_cg127_7   -            535   6.7e-84  277.6   0.0   1   2   1.9e-67   2.4e-65  216.3   0.0     2   317     5   305     4   321 0.90 -
AA3_3.hmm            -            590 A5-S04_155_cg127_7   -            535   6.7e-84  277.6   0.0   2   2     7e-15   8.9e-13   42.7   0.0   522   588   466   533   450   534 0.89 -
AA3_1.hmm            -            548 A5-S04_155_cg127_7   -            535   5.9e-54  178.8   0.0   1   1   6.7e-56   8.6e-54  178.3   0.0    13   546     2   532     1   534 0.81 -
AA8.hmm              -            815 A5-S04_155_cg127_7   -            535   9.9e-39  128.2   0.0   1   1   6.8e-40   8.7e-38  125.0   0.0   243   776     3   533     1   534 0.78 -
AA4.hmm              -            522 A5-S04_155_cg133_3   -            496   9.2e-24   79.2   0.0   1   1   3.9e-20   1.2e-17   59.0   0.0    14   198    14   196     4   252 0.86 -
AA7.hmm              -            458 A5-S04_155_cg133_3   -            496   2.4e-17   59.0   4.9   1   1   1.5e-19   4.8e-17   58.0   4.9    11   195    48   240    45   300 0.90 -
CE3.hmm              -            194 A5-S04_155_cg137_6   -            235   5.7e-15   51.0   0.0   1   1   1.2e-16     8e-14   47.3   0.0     2   186    34   199    33   201 0.87 -
GT2_Glycos_transf_2.hmm PF00535.25   170 A5-S04_155_cg144_6   -            245   6.5e-25   83.2   0.0   1   1   1.4e-27     9e-25   82.7   0.0     1   166     6   171     6   174 0.89 Glycosyl transferase family 2
GT83.hmm             -            540 A5-S04_155_cg144_7   -            558     4e-94  311.3  64.9   1   1   8.3e-97   5.3e-94  310.9  64.9     8   502    11   504     6   536 0.77 -
CE11.hmm             -            271 A5-S04_155_cg150_4   -            317    3e-106  349.9   0.0   1   1  5.4e-109  3.5e-106  349.7   0.0     1   270     7   278     7   279 0.98 -
GT28.hmm             -            157 A5-S04_155_cg150_11  -            383   3.4e-46  152.1   0.2   1   1   5.4e-49   3.4e-46  152.1   0.2     2   156   195   356   194   357 0.95 -
CE4.hmm              -            130 A5-S04_155_cg153_2   -            286   5.9e-18   60.6   0.0   1   1   1.9e-20   1.2e-17   59.6   0.0    25   123    56   156    37   161 0.91 -
GT4.hmm              -            160 A5-S04_155_cg160_6   -            410   3.4e-31  103.4   0.0   1   1   1.6e-33   5.3e-31  102.8   0.0     4   151   213   361   210   370 0.94 -
GT5.hmm              -            472 A5-S04_155_cg160_6   -            410   3.4e-20   67.4   0.0   1   1   1.5e-22   4.7e-20   66.9   0.0   278   471   206   395   159   396 0.83 -
GH3.hmm              -            216 A5-S04_155_cg166_5   -            347   9.3e-45  148.1   0.0   1   1   2.5e-47   1.6e-44  147.3   0.0    13   215    61   285    52   286 0.89 -
CE4.hmm              -            130 A5-S04_155_cg170_6   -            298   1.7e-17   59.1   0.0   1   1   4.9e-20   3.2e-17   58.3   0.0    24   123    80   182    62   187 0.85 -
GT4.hmm              -            160 A5-S04_155_cg175_6   -            372   2.2e-29   97.5   0.0   1   1     5e-32   3.2e-29   97.0   0.0     7   152   189   331   183   338 0.92 -
GT4.hmm              -            160 A5-S04_155_cg175_7   -            312   3.4e-25   83.9   0.0   1   1   7.6e-28   4.9e-25   83.4   0.0     4   151   137   279   134   286 0.93 -
GH74.hmm             -            233 A5-S04_155_cg189_5   -            348   4.5e-34  113.1   0.8   1   1   2.6e-15   1.7e-12   42.5   0.0    15   125   180   300   174   311 0.88 -
GH23.hmm             -            135 A5-S04_155_cg194_1   -            499   2.9e-26   87.9   5.1   1   1   8.9e-29   5.7e-26   86.9   0.1    17   122   347   477   337   485 0.91 -
GT41.hmm             -            705 A5-S04_155_cg207_5   -            832  1.2e-241  799.4  37.9   1   9   3.1e-19     2e-16   54.9   3.9    80   191    22   123     2   124 0.85 -
GT41.hmm             -            705 A5-S04_155_cg207_5   -            832  1.2e-241  799.4  37.9   2   9   3.4e-18   2.2e-15   51.5   2.6   118   191   117   191   117   192 0.96 -
GT41.hmm             -            705 A5-S04_155_cg207_5   -            832  1.2e-241  799.4  37.9   3   9   1.8e-16   1.1e-13   45.8   0.9   124   191   158   225   156   226 0.91 -
GT41.hmm             -            705 A5-S04_155_cg207_5   -            832  1.2e-241  799.4  37.9   4   9   1.8e-20   1.1e-17   59.1   0.7   123   191   191   259   190   260 0.94 -
GT41.hmm             -            705 A5-S04_155_cg207_5   -            832  1.2e-241  799.4  37.9   5   9     8e-19   5.1e-16   53.6   1.4   119   191   220   293   219   295 0.95 -
GT41.hmm             -            705 A5-S04_155_cg207_5   -            832  1.2e-241  799.4  37.9   6   9   5.5e-19   3.5e-16   54.1   0.5   122   191   258   327   256   328 0.91 -
GT41.hmm             -            705 A5-S04_155_cg207_5   -            832  1.2e-241  799.4  37.9   7   9   3.5e-19   2.3e-16   54.8   0.2   123   191   293   361   292   362 0.96 -
GT41.hmm             -            705 A5-S04_155_cg207_5   -            832  1.2e-241  799.4  37.9   8   9   9.2e-20   5.9e-17   56.7   0.1   120   191   323   395   322   395 0.94 -
GT41.hmm             -            705 A5-S04_155_cg207_5   -            832  1.2e-241  799.4  37.9   9   9  4.6e-139    3e-136  451.0   0.0   123   507   361   832   360   832 0.97 -
CE10.hmm             -            341 A5-S04_155_cg210_9   -            291     9e-47  155.6   1.7   1   1   2.5e-49   1.6e-46  154.8   1.7    58   334    26   280    12   286 0.83 -
AA3_2.hmm            -            568 A5-S04_155_cg211_2   -            541  5.1e-154  509.3   0.0   1   1  5.5e-156  7.1e-154  508.9   0.0     3   566     4   530     2   532 0.94 -
AA3.hmm              -            618 A5-S04_155_cg211_2   -            541   7.8e-97  320.4   0.0   1   1   7.9e-99     1e-96  320.0   0.0    90   400     4   532     2   538 0.87 -
AA3_3.hmm            -            590 A5-S04_155_cg211_2   -            541   6.8e-71  234.6   0.3   1   1   3.6e-57   4.6e-55  182.3   0.0     3   312     4   298     2   304 0.91 -
AA3_1.hmm            -            548 A5-S04_155_cg211_2   -            541     9e-56  184.8   1.0   1   2   7.3e-32   9.4e-30   98.9   0.0    91   320    74   298    63   304 0.83 -
AA3_1.hmm            -            548 A5-S04_155_cg211_2   -            541     9e-56  184.8   1.0   2   2   2.6e-19   3.4e-17   57.5   0.0   407   544   390   529   377   532 0.79 -
AA8.hmm              -            815 A5-S04_155_cg211_2   -            541   1.2e-42  141.1   2.7   1   2   1.6e-21     2e-19   64.3   0.5   322   549    76   298    68   304 0.80 -
AA8.hmm              -            815 A5-S04_155_cg211_2   -            541   1.2e-42  141.1   2.7   2   2     2e-18   2.6e-16   54.0   0.0   636   774   390   530   388   539 0.81 -
GT83.hmm             -            540 A5-S04_155_cg212_4   -            536   1.4e-41  137.9  59.6   1   1   2.8e-44   1.8e-41  137.5  59.6    15   379    52   410    43   460 0.72 -
GT83.hmm             -            540 A5-S04_155_cg221_3   -            360   1.2e-23   78.8  53.7   1   1   2.3e-26   1.5e-23   78.5  53.7     7   352    22   357    17   360 0.78 -
GH73.hmm             -            128 A5-S04_155_cg226_16  -            386   2.5e-16   55.6   0.0   1   1   6.5e-19   4.2e-16   54.9   0.0    12   128   238   367   233   367 0.77 -
CE4.hmm              -            130 A5-S04_155_cg226_17  -            361   1.9e-30  101.0   0.0   1   1   5.9e-33   3.8e-30  100.1   0.0     5   124   101   227    97   232 0.94 -
CE10.hmm             -            341 A5-S04_155_cg244_10  -            294   1.2e-32  109.1   0.1   1   1   2.4e-35   1.5e-32  108.8   0.1    62   309    47   270     9   292 0.82 -
AA3_2.hmm            -            568 A5-S04_155_cg247_1   -            120   1.2e-32  108.6   0.0   1   1   4.1e-35   1.3e-32  108.5   0.0   453   567     2   117     1   118 0.98 -
AA3.hmm              -            618 A5-S04_155_cg247_1   -            120   3.1e-25   83.9   0.0   1   1     1e-27   3.3e-25   83.8   0.0   315   400    16   118     2   119 0.77 -
GT51.hmm             -            177 A5-S04_155_cg255_6   -            827   5.3e-66  216.8   0.0   1   1   1.5e-68   9.5e-66  215.9   0.0     1   176    55   233    55   234 0.97 -
AA3_2.hmm            -            568 A5-S04_155_cg263_5   -            540  1.8e-161  534.0   0.0   1   1  1.7e-163  2.1e-161  533.7   0.0     2   566     2   529     1   531 0.93 -
AA3.hmm              -            618 A5-S04_155_cg263_5   -            540    5e-101  334.2   0.0   1   1  4.8e-103  6.1e-101  333.9   0.0    89   399     2   530     1   535 0.89 -
AA3_3.hmm            -            590 A5-S04_155_cg263_5   -            540   1.2e-77  256.9   0.0   1   2   8.9e-61   1.1e-58  194.2   0.0     2   316     2   301     1   324 0.92 -
AA3_3.hmm            -            590 A5-S04_155_cg263_5   -            540   1.2e-77  256.9   0.0   2   2   2.6e-15   3.3e-13   44.1   0.1   510   586   454   529   450   531 0.93 -
AA3_1.hmm            -            548 A5-S04_155_cg263_5   -            540   5.2e-51  169.1   0.0   1   1   5.4e-43   6.9e-41  135.7   0.0    93   546    75   530    63   532 0.79 -
AA8.hmm              -            815 A5-S04_155_cg263_5   -            540   2.2e-41  136.9   0.6   1   2     6e-29   7.7e-27   88.8   1.7   245   515     2   272     1   328 0.80 -
AA8.hmm              -            815 A5-S04_155_cg263_5   -            540   2.2e-41  136.9   0.6   2   2   8.2e-15   1.1e-12   42.1   0.0   699   780   458   535   389   539 0.85 -
GT19.hmm             -            354 A5-S04_155_cg269_5   -            409  9.8e-113  371.6   0.0   1   1  1.8e-115  1.1e-112  371.4   0.0     1   351    18   377    18   380 0.96 -
AA3_2.hmm            -            568 A5-S04_155_cg276_4   -            103   8.9e-38  125.6   0.0   1   1   6.1e-40   9.7e-38  125.4   0.0     1   101     3   103     3   103 0.93 -
AA3.hmm              -            618 A5-S04_155_cg276_4   -            103     2e-29   97.7   0.0   1   1   1.4e-31   2.2e-29   97.6   0.0    86   174     1   103     1   103 0.79 -
AA3_3.hmm            -            590 A5-S04_155_cg276_4   -            103   9.8e-17   55.8   0.0   1   1   6.7e-19   1.1e-16   55.6   0.0     2   104     4   103     3   103 0.88 -
AA3_1.hmm            -            548 A5-S04_155_cg276_4   -            103   2.2e-15   51.5   0.1   1   1   2.2e-17   3.5e-15   50.8   0.1    14   119     2   103     1   103 0.76 -
GT2_Glycos_transf_2.hmm PF00535.25   170 A5-S04_155_cg279_5   -            334   1.1e-31  105.2   0.0   1   1   2.8e-34   1.8e-31  104.5   0.0     1   121    17   135    17   175 0.84 Glycosyl transferase family 2
GT30.hmm             -            177 A5-S04_155_cg303_5   -            461   3.6e-61  201.0   0.0   1   1   1.2e-63   7.5e-61  200.0   0.0     2   175    46   221    45   222 0.98 -
GT4.hmm              -            160 A5-S04_155_cg304_2   -            785   6.2e-71  232.6   0.0   1   2   5.9e-41   1.9e-38  127.0   0.0    10   159   205   353   200   354 0.97 -
GT4.hmm              -            160 A5-S04_155_cg304_2   -            785   6.2e-71  232.6   0.0   2   2   3.1e-33   9.8e-31  101.9   0.0    12   145   616   745   608   752 0.90 -
GT5.hmm              -            472 A5-S04_155_cg304_2   -            785   1.4e-36  121.4   0.0   1   2   2.8e-21   8.9e-19   62.7   0.0   290   438   202   345   182   376 0.85 -
GT5.hmm              -            472 A5-S04_155_cg304_2   -            785   1.4e-36  121.4   0.0   2   2   6.8e-19   2.2e-16   54.8   0.0   277   407   600   725   577   749 0.81 -
AA4.hmm              -            522 A5-S04_155_cg307_5   -            478     6e-22   73.2   0.0   1   1   4.8e-21   1.5e-18   61.9   0.0    51   245    39   228     5   240 0.82 -
AA7.hmm              -            458 A5-S04_155_cg307_5   -            478   8.2e-21   70.4   2.7   1   1   2.6e-22   8.3e-20   67.1   2.5    11   194    38   231    32   300 0.86 -
#
# Program:         hmmscan
# Version:         3.3.1 (Jul 2020)
# Pipeline mode:   SCAN
# Query file:      /beegfs/home/lxd/2_sea_metagenomics/6.metabat2/bins_redup_refinem_drep/derep_70_10/derepbins_prodigal/A5-S04_155.proteins.faa
# Target file:     /beegfs/home/lxd/4_salt_metagenomics/tools/CAZy/dbCAN-HMMdb-V8.txt
# Option settings: hmmscan --tblout A5-S04_155.tbl --domtblout A5-S04_155_dom.tbl --acc --noali --notextw -E 1e-14 --domE 1e-14 --cpu 30 /beegfs/home/lxd/4_salt_metagenomics/tools/CAZy/dbCAN-HMMdb-V8.txt /beegfs/home/lxd/2_sea_metagenomics/6.metabat2/bins_redup_refinem_drep/derep_70_10/derepbins_prodigal/A5-S04_155.proteins.faa 
# Current dir:     /beegfs/home/lxd/2_sea_metagenomics/6.metabat2/bins_redup_refinem_drep/derep_70_10/derepbins_cazy
# Date:            Thu Mar  4 10:07:24 2021
# [ok]
