#                                                                            --- full sequence --- -------------- this domain -------------   hmm coord   ali coord   env coord
# target name        accession   tlen query name           accession   qlen   E-value  score  bias   #  of  c-Evalue  i-Evalue  score  bias  from    to  from    to  from    to  acc description of target
#------------------- ---------- ----- -------------------- ---------- ----- --------- ------ ----- --- --- --------- --------- ------ ----- ----- ----- ----- ----- ----- ----- ---- ---------------------
GT2_Glycos_transf_2.hmm PF00535.25   170 A5-S03_71_cg1_3      -            297     6e-36  119.1   0.1   1   1   4.3e-38   1.4e-35  117.9   0.1     1   168    11   191    11   192 0.98 Glycosyl transferase family 2
GT81.hmm                -            293 A5-S03_71_cg1_3      -            297   3.5e-16   54.2   0.0   1   1   1.8e-18   5.8e-16   53.5   0.0    18   136     5   131     1   141 0.87 -
GH65.hmm             -            372 A5-S03_71_cg2_6      -            794    9e-148  487.4   1.4   1   1  1.8e-150  1.2e-147  487.0   1.4     1   371   345   721   345   722 0.99 -
GT41.hmm             -            705 A5-S03_71_cg3_2      -            405   5.2e-44  146.1  24.9   1   4   9.4e-15     6e-12   40.1   0.3    86   191    36   147    23   153 0.90 -
GT41.hmm             -            705 A5-S03_71_cg3_2      -            405   5.2e-44  146.1  24.9   2   4   5.1e-17   3.3e-14   47.6   0.7    80   191   156   273   148   280 0.92 -
GT41.hmm             -            705 A5-S03_71_cg3_2      -            405   5.2e-44  146.1  24.9   3   4     5e-17   3.2e-14   47.7   0.9    78   191   196   315   191   322 0.89 -
GT41.hmm             -            705 A5-S03_71_cg3_2      -            405   5.2e-44  146.1  24.9   4   4   6.5e-17   4.2e-14   47.3   3.8    80   191   240   357   232   401 0.89 -
GT20.hmm             -            475 A5-S03_71_cg3_19     -            494  1.5e-158  523.4   0.0   1   1  2.9e-161  1.9e-158  523.1   0.0    10   474    15   486     7   487 0.95 -
GT4.hmm              -            160 A5-S03_71_cg14_5     -            399   7.5e-35  115.3   0.0   1   1   3.5e-37   1.1e-34  114.7   0.0     7   153   205   352   200   360 0.95 -
GT5.hmm              -            472 A5-S03_71_cg14_5     -            399   1.1e-21   72.4   0.0   1   1   9.2e-24     3e-21   70.9   0.0   274   468   191   384   163   387 0.87 -
CE11.hmm             -            271 A5-S03_71_cg15_7     -            299  2.4e-104  343.7   0.0   1   1  4.3e-107  2.8e-104  343.5   0.0     1   270     4   271     4   272 0.99 -
GH23.hmm             -            135 A5-S03_71_cg16_7     -            222   3.9e-34  113.4   0.1   1   1   8.7e-37   5.6e-34  112.9   0.1     9   123    72   185    66   196 0.93 -
GT41.hmm             -            705 A5-S03_71_cg17_16    -            351   1.7e-37  124.6   6.4   1   2   1.9e-18   1.2e-15   52.4   0.1    50   191    30   161    18   163 0.92 -
GT41.hmm             -            705 A5-S03_71_cg17_16    -            351   1.7e-37  124.6   6.4   2   2   4.3e-16   2.8e-13   44.5   0.9   127   216   234   310   230   343 0.80 -
GT4.hmm              -            160 A5-S03_71_cg18_21    -            350   1.3e-18   62.4   0.0   1   1   5.5e-21   3.5e-18   61.1   0.0     7   159   162   313   156   314 0.92 -
GT4.hmm              -            160 A5-S03_71_cg20_4     -            373   1.5e-43  143.5   0.0   1   1     7e-46   2.3e-43  143.0   0.0     6   159   192   342   188   343 0.98 -
GT5.hmm              -            472 A5-S03_71_cg20_4     -            373   1.3e-21   72.0   0.0   1   1   1.7e-21   5.5e-19   63.4   0.0   296   471   199   367   170   368 0.80 -
GT4.hmm              -            160 A5-S03_71_cg23_9     -            141   5.1e-16   54.1   0.0   1   1   1.2e-18   7.6e-16   53.5   0.0   100   159     1    60     1    61 0.97 -
CE14.hmm             -            124 A5-S03_71_cg24_10    -            240   6.1e-22   74.0   0.0   1   1   1.6e-24   1.1e-21   73.2   0.0     1   116     8   106     8   118 0.92 -
GT83.hmm             -            540 A5-S03_71_cg28_9     -            504   5.8e-19   63.3  48.9   1   1   1.2e-21   7.9e-19   62.8  48.9    57   362    61   372    22   410 0.70 -
GT2_Glycos_transf_2.hmm PF00535.25   170 A5-S03_71_cg30_7     -            231   1.2e-19   66.0   0.0   1   1   2.5e-22   1.6e-19   65.7   0.0     1   129     3   120     3   153 0.83 Glycosyl transferase family 2
GT41.hmm             -            705 A5-S03_71_cg38_13    -            212   1.2e-24   82.1   0.0   1   1   1.8e-17   1.1e-14   49.1   0.0   122   191    18    87     2    90 0.88 -
GH109.hmm            -            126 A5-S03_71_cg41_17    -            316   3.9e-16   54.9   0.1   1   1   2.2e-18   1.4e-15   53.1   0.1     2   122     8   116     7   119 0.91 -
GT19.hmm             -            354 A5-S03_71_cg41_18    -            384  3.8e-124  409.1   0.0   1   1  6.9e-127  4.4e-124  408.9   0.0     1   351     5   358     5   361 0.97 -
GT30.hmm             -            177 A5-S03_71_cg41_20    -            426   2.4e-59  195.1   0.0   1   1   8.1e-62   5.2e-59  194.0   0.0     3   175    34   214    33   216 0.96 -
GT9.hmm              -            225 A5-S03_71_cg41_22    -            360   4.4e-64  211.8   0.3   1   1   8.5e-67   5.4e-64  211.5   0.3     3   223    85   335    83   337 0.90 -
GH3.hmm              -            216 A5-S03_71_cg44_1     -            239   2.5e-51  169.6   0.0   1   1   5.3e-54   3.4e-51  169.2   0.0     9   175    63   239    56   239 0.95 -
AA5.hmm              -           1281 A5-S03_71_cg46_3     -            314   2.4e-24   80.3  12.4   1   1     1e-22   3.2e-20   66.6   6.5   659   886    22   231    16   232 0.83 -
GT4.hmm              -            160 A5-S03_71_cg53_34    -            348   2.6e-26   87.5   0.0   1   1     6e-29   3.9e-26   86.9   0.0     5   148   167   306   164   318 0.85 -
GH78.hmm             -            504 A5-S03_71_cg53_35    -            722   4.3e-16   53.9   0.1   1   1   8.1e-18   5.2e-15   50.3   0.0   205   355   371   550   300   602 0.79 -
GT2_Glycos_transf_2.hmm PF00535.25   170 A5-S03_71_cg55_2     -            309   2.6e-35  117.0   0.1   1   1   5.7e-38   3.7e-35  116.5   0.1     1   166     7   167     7   171 0.92 Glycosyl transferase family 2
GT41.hmm             -            705 A5-S03_71_cg56_3     -            236   4.2e-20   67.1   0.2   1   1   2.9e-16   1.8e-13   45.1   0.2    98   191    39   133    31   138 0.83 -
GT41.hmm             -            705 A5-S03_71_cg60_3     -            347   1.2e-34  115.1  13.3   1   2   8.8e-17   5.7e-14   46.8   1.8    80   191    14   131     4   137 0.89 -
GT41.hmm             -            705 A5-S03_71_cg60_3     -            347   1.2e-34  115.1  13.3   2   2   6.3e-17     4e-14   47.3   1.1    79   191   139   257   132   264 0.92 -
GT41.hmm             -            705 A5-S03_71_cg66_3     -            596   3.1e-45  150.2  22.3   1   2     8e-15   5.1e-12   40.4   1.2   120   191   124   196   120   198 0.93 -
GT41.hmm             -            705 A5-S03_71_cg66_3     -            596   3.1e-45  150.2  22.3   2   2   9.6e-17   6.1e-14   46.7   0.3    61   191   382   503   366   503 0.92 -
GT51.hmm             -            177 A5-S03_71_cg66_118   -            787   4.1e-66  217.1   0.0   1   1     1e-68   6.6e-66  216.4   0.0     2   177    60   235    59   235 0.98 -
GT41.hmm             -            705 A5-S03_71_cg79_10    -            253   6.2e-28   93.0   3.0   1   2   7.9e-16   5.1e-13   43.7   0.3    82   190    30   128    19   131 0.93 -
GT41.hmm             -            705 A5-S03_71_cg79_10    -            253   6.2e-28   93.0   3.0   2   2   1.1e-17   7.2e-15   49.8   0.2    86   191   138   233   132   252 0.89 -
AA4.hmm              -            522 A5-S03_71_cg83_12    -            493   1.8e-27   91.5   0.8   1   1     3e-24   1.9e-21   71.5   1.3    15   197     6   186     2   274 0.83 -
GT9.hmm              -            225 A5-S03_71_cg85_31    -            353   3.4e-61  202.3   0.0   1   1   7.1e-64   4.6e-61  201.9   0.0     2   218    69   299    68   305 0.85 -
CE10.hmm             -            341 A5-S03_71_cg93_2     -            321   4.2e-46  153.4   0.5   1   1   8.1e-49   5.2e-46  153.1   0.5    70   311    47   293    17   318 0.84 -
AA7.hmm              -            458 A5-S03_71_cg113_6    -            160   1.2e-17   60.0   0.1   1   1   2.2e-20   1.4e-17   59.7   0.1    11   110    35   136    32   159 0.86 -
GT4.hmm              -            160 A5-S03_71_cg119_7    -            417   6.5e-28   92.7   0.0   1   1   4.1e-30   1.3e-27   91.7   0.0     9   153   231   370   227   376 0.92 -
GT5.hmm              -            472 A5-S03_71_cg119_7    -            417   3.2e-24   80.7   0.0   1   1   1.2e-24   3.8e-22   73.8   0.0   255   472   194   402   188   402 0.87 -
GT4.hmm              -            160 A5-S03_71_cg119_11   -            368   1.9e-26   87.9   0.1   1   1   9.9e-29   3.2e-26   87.2   0.1    11   155   208   353   202   358 0.92 -
GT5.hmm              -            472 A5-S03_71_cg119_11   -            368   8.4e-15   49.6   0.0   1   1     7e-15   2.2e-12   41.6   0.0   273   408   189   323   160   367 0.83 -
CBM50.hmm            -             40 A5-S03_71_cg120_5    -            653   3.4e-37  121.9   4.8   1   1     1e-16   3.2e-14   48.4   0.5     1    39   599   641   599   641 0.89 -
GH23.hmm             -            135 A5-S03_71_cg120_5    -            653   2.5e-22   75.1   0.6   1   1   2.4e-24   7.8e-22   73.5   0.1     3   123   229   367   227   376 0.90 -
GT41.hmm             -            705 A5-S03_71_cg121_3    -            666   1.6e-19   65.1   0.3   1   1   3.9e-15   2.5e-12   41.4   0.1    58   191   442   565   430   570 0.91 -
CBM50.hmm            -             40 A5-S03_71_cg135_14   -            632   4.8e-43  140.6   1.7   1   2   4.6e-17   1.5e-14   49.4   0.3     1    39   521   562   521   563 0.91 -
CBM50.hmm            -             40 A5-S03_71_cg135_14   -            632   4.8e-43  140.6   1.7   2   2   4.7e-16   1.5e-13   46.2   0.0     1    40   577   620   577   620 0.93 -
GH23.hmm             -            135 A5-S03_71_cg135_14   -            632   1.1e-22   76.3   0.3   1   1   5.9e-25   1.9e-22   75.5   0.3     3   120   223   353   221   365 0.92 -
CE4.hmm              -            130 A5-S03_71_cg143_8    -            384   9.6e-31  102.0   0.1   1   1     3e-33   1.9e-30  101.0   0.1     8   123   143   273   137   279 0.90 -
GH15.hmm             -            361 A5-S03_71_cg144_5    -            662   1.2e-81  270.0   0.0   1   1   2.8e-84   1.8e-81  269.4   0.0    16   358   284   640   273   643 0.90 -
GT4.hmm              -            160 A5-S03_71_cg144_6    -            417   1.2e-28   95.2   0.0   1   1   3.6e-31   2.3e-28   94.2   0.0     5   135   191   345   188   356 0.86 -
GH23.hmm             -            135 A5-S03_71_cg144_8    -            228   3.4e-24   81.2   0.3   1   1   7.2e-27   4.6e-24   80.8   0.3    11   120    80   228    71   228 0.91 -
GT41.hmm             -            705 A5-S03_71_cg163_10   -            162   3.5e-16   54.1   0.0   1   1   3.3e-15   2.1e-12   41.6   0.0    82   191     8   106     3   110 0.93 -
GH15.hmm             -            361 A5-S03_71_cg164_7    -            546   2.8e-84  278.6   0.1   1   1     6e-87   3.9e-84  278.2   0.1     2   360   160   534   159   535 0.89 -
AA12.hmm             -            401 A5-S03_71_cg166_8    -            379   7.1e-18   59.6   0.0   1   1   1.4e-15   8.7e-13   42.9   0.1   185   344   196   328   186   374 0.80 -
CE10.hmm             -            341 A5-S03_71_cg168_6    -            654   5.4e-26   87.3   0.1   1   1   2.4e-28   7.6e-26   86.8   0.1    53   316   339   602   265   613 0.76 -
CE1.hmm              -            227 A5-S03_71_cg168_6    -            654   7.5e-17   57.1   0.0   1   1     4e-19   1.3e-16   56.4   0.0    10   214   368   601   363   611 0.73 -
CE7.hmm              -            313 A5-S03_71_cg170_7    -            257   6.7e-17   56.6   0.2   1   1   1.1e-15   7.1e-13   43.4   0.4    51   208    29   170    25   177 0.85 -
GT4.hmm              -            160 A5-S03_71_cg179_1    -            402   8.5e-27   89.1   0.0   1   1   1.9e-29   1.2e-26   88.6   0.0     5   160   212   371   208   371 0.88 -
GT41.hmm             -            705 A5-S03_71_cg182_3    -            239   1.5e-26   88.4   9.3   1   2   8.5e-16   5.4e-13   43.6   0.2    82   185     4    97     1   103 0.90 -
GT41.hmm             -            705 A5-S03_71_cg182_3    -            239   1.5e-26   88.4   9.3   2   2   3.8e-17   2.4e-14   48.0   3.7    77   190   113   216    98   226 0.82 -
GT4.hmm              -            160 A5-S03_71_cg183_1    -            347   4.3e-24   80.3   0.0   1   1     1e-26   6.7e-24   79.7   0.0     5   120   222   346   218   347 0.84 -
GT41.hmm             -            705 A5-S03_71_cg193_3    -            191   4.4e-18   60.4   0.4   1   1   1.3e-17     8e-15   49.6   0.2    74   191    26   132    18   139 0.92 -
GT2_Glycos_transf_2.hmm PF00535.25   170 A5-S03_71_cg193_29   -            240   5.5e-22   73.6   0.0   1   1   1.1e-24   7.3e-22   73.3   0.0     1   132    11   132    11   162 0.84 Glycosyl transferase family 2
GT2_Glyco_tranf_2_3.hmm PF13641.5    230 A5-S03_71_cg195_4    -            527   7.1e-26   86.8   0.0   1   1   4.7e-28   9.9e-26   86.3   0.0     4   228    64   290    62   292 0.87 Glycosyltransferase like family 2
GT2_Glycos_transf_2.hmm PF00535.25   170 A5-S03_71_cg195_4    -            527   1.4e-24   82.1   0.0   1   1     1e-26   2.2e-24   81.5   0.0     3   168    67   237    65   239 0.95 Glycosyl transferase family 2
GT2_Glyco_trans_2_3.hmm PF13632.5    197 A5-S03_71_cg195_4    -            527   3.8e-24   81.0   1.6   1   1   1.8e-26   3.8e-24   81.0   1.6     2   192   152   342   151   374 0.81 Glycosyl transferase family group 2
GH15.hmm             -            361 A5-S03_71_cg197_1    -            572   2.6e-74  245.8   0.2   1   1   5.7e-77   3.6e-74  245.4   0.2     2   328   226   569   225   572 0.88 -
CE16.hmm             -            267 A5-S03_71_cg201_3    -            413   3.9e-15   51.3   0.0   1   1   3.9e-17   2.5e-14   48.7   0.0    59   266   181   402   179   403 0.82 -
AA1.hmm              -            943 A5-S03_71_cg202_22   -            339   6.1e-35  116.0  10.3   1   1   1.8e-33   3.9e-31  103.4   6.9   418   566    72   220    60   234 0.77 -
AA1_3.hmm            -            312 A5-S03_71_cg202_22   -            339   2.9e-19   64.7   3.1   1   1   2.7e-21   5.7e-19   63.7   1.3    11   135    87   207    76   221 0.83 -
AA1_2.hmm            -            337 A5-S03_71_cg202_22   -            339   2.3e-16   55.0   1.9   1   1   2.9e-16   6.2e-14   47.0   1.0     6   106   113   207   110   221 0.90 -
GT28.hmm             -            157 A5-S03_71_cg205_6    -            364   6.3e-57  187.0   0.1   1   1   1.5e-59   9.3e-57  186.5   0.1     1   157   185   347   185   347 0.96 -
GT4.hmm              -            160 A5-S03_71_cg206_5    -            422   3.2e-25   84.0   0.0   1   1   7.9e-28   5.1e-25   83.3   0.0     8   157   231   386   225   389 0.89 -
GH20.hmm             -            337 A5-S03_71_cg216_4    -            635     8e-44  145.6   0.0   1   1   1.9e-46   1.2e-43  145.0   0.0    10   312   139   429   132   451 0.77 -
GH23.hmm             -            135 A5-S03_71_cg221_4    -            715   1.7e-30  101.6   0.0   1   1   5.8e-33   3.7e-30  100.5   0.0     1   124   562   704   562   711 0.90 -
#
# Program:         hmmscan
# Version:         3.3.1 (Jul 2020)
# Pipeline mode:   SCAN
# Query file:      /beegfs/home/lxd/2_sea_metagenomics/6.metabat2/bins_redup_refinem_drep/derep_70_10/derepbins_prodigal/A5-S03_71.proteins.faa
# Target file:     /beegfs/home/lxd/4_salt_metagenomics/tools/CAZy/dbCAN-HMMdb-V8.txt
# Option settings: hmmscan --tblout A5-S03_71.tbl --domtblout A5-S03_71_dom.tbl --acc --noali --notextw -E 1e-14 --domE 1e-14 --cpu 30 /beegfs/home/lxd/4_salt_metagenomics/tools/CAZy/dbCAN-HMMdb-V8.txt /beegfs/home/lxd/2_sea_metagenomics/6.metabat2/bins_redup_refinem_drep/derep_70_10/derepbins_prodigal/A5-S03_71.proteins.faa 
# Current dir:     /beegfs/home/lxd/2_sea_metagenomics/6.metabat2/bins_redup_refinem_drep/derep_70_10/derepbins_cazy
# Date:            Thu Mar  4 09:39:02 2021
# [ok]
