#                                                                            --- full sequence --- -------------- this domain -------------   hmm coord   ali coord   env coord
# target name        accession   tlen query name           accession   qlen   E-value  score  bias   #  of  c-Evalue  i-Evalue  score  bias  from    to  from    to  from    to  acc description of target
#------------------- ---------- ----- -------------------- ---------- ----- --------- ------ ----- --- --- --------- --------- ------ ----- ----- ----- ----- ----- ----- ----- ---- ---------------------
GT2_Glyco_tranf_2_3.hmm PF13641.5    230 A5-S03_4_cg2_9       -            514   1.5e-25   85.7   0.0   1   1   1.1e-27   2.4e-25   85.0   0.0     3   228    56   283    55   285 0.88 Glycosyltransferase like family 2
GT2_Glycos_transf_2.hmm PF00535.25   170 A5-S03_4_cg2_9       -            514   1.7e-24   81.8   0.0   1   1   1.1e-26   2.4e-24   81.3   0.0     3   164    60   226    58   232 0.87 Glycosyl transferase family 2
GT2_Glyco_trans_2_3.hmm PF13632.5    197 A5-S03_4_cg2_9       -            514     6e-23   77.1   0.5   1   1   2.8e-25     6e-23   77.1   0.5     2   194   145   366   144   370 0.79 Glycosyl transferase family group 2
AA10.hmm             -            178 A5-S03_4_cg11_4      -            336   2.7e-41  137.3   0.0   1   1   1.7e-43   5.5e-41  136.3   0.0    43   177     6   137     1   138 0.89 -
CBM73.hmm            -             54 A5-S03_4_cg11_4      -            336   8.8e-21   69.0   2.3   1   1   6.4e-23     2e-20   67.8   2.3     7    52   286   331   279   333 0.92 -
GT41.hmm             -            705 A5-S03_4_cg12_4      -            334   1.3e-25   85.3   9.3   1   1   2.7e-19   1.7e-16   55.1   6.8    80   229   110   304    82   331 0.56 -
AA1.hmm              -            943 A5-S03_4_cg18_15     -            411   1.8e-23   78.0   1.9   1   1   3.2e-26   2.1e-23   77.8   1.9   436   553   113   250    43   283 0.80 -
AA1.hmm              -            943 A5-S03_4_cg18_16     -            295   5.5e-54  179.0   0.0   1   1   4.1e-56   6.5e-54  178.7   0.0   445   656    38   293    15   294 0.89 -
AA1_3.hmm            -            312 A5-S03_4_cg18_16     -            295   5.7e-50  165.5   0.0   1   1   4.5e-52   7.2e-50  165.2   0.0    10   250    26   292    19   294 0.86 -
AA1_2.hmm            -            337 A5-S03_4_cg18_16     -            295   3.5e-45  149.8   0.1   1   1   6.5e-47     1e-44  148.2   0.1     1   213    47   292    47   294 0.93 -
AA1_1.hmm            -            303 A5-S03_4_cg18_16     -            295   5.4e-33  109.7   0.0   1   1   6.9e-28   1.1e-25   85.6   0.0     4   143    44   173    41   199 0.87 -
GT20.hmm             -            475 A5-S03_4_cg18_18     -            167   1.4e-59  197.1   0.0   1   1   2.5e-62   1.6e-59  196.9   0.0    13   177     2   167     1   167 0.93 -
GH23.hmm             -            135 A5-S03_4_cg27_1      -            380   7.1e-26   86.6   0.9   1   1   6.1e-27   3.9e-24   81.0   0.0    18   125   225   352   216   364 0.91 -
GT28.hmm             -            157 A5-S03_4_cg31_3      -            357   4.5e-51  168.0   0.0   1   1     1e-53   6.6e-51  167.5   0.0     2   157   183   341   182   341 0.96 -
GT2_Glycos_transf_2.hmm PF00535.25   170 A5-S03_4_cg42_4      -            297   1.2e-21   72.6   0.0   1   1   2.7e-24   1.8e-21   72.0   0.0     1   114    39   155    39   193 0.92 Glycosyl transferase family 2
AA2.hmm              -            255 A5-S03_4_cg55_5      -            335   8.4e-22   73.1   0.0   1   1   1.6e-17     1e-14   49.9   0.0     8   117    92   203    86   206 0.85 -
GT4.hmm              -            160 A5-S03_4_cg58_2      -            382   1.1e-19   65.9   0.1   1   1   3.7e-22   2.4e-19   64.9   0.1     8   157   199   356   192   359 0.94 -
GT51.hmm             -            177 A5-S03_4_cg70_21     -            233   1.7e-48  159.8   0.0   1   1   3.2e-51     2e-48  159.5   0.0    12   175    56   218    47   220 0.96 -
AA7.hmm              -            458 A5-S03_4_cg71_8      -            952   2.5e-15   52.4   0.1   1   1     7e-15   4.5e-12   41.6   0.1    11   147    42   181    38   190 0.88 -
GT81.hmm             -            293 A5-S03_4_cg73_13     -            403   3.6e-63  208.4   0.0   1   1   1.2e-65   7.7e-63  207.4   0.0    14   265    28   319    14   339 0.79 -
GH23.hmm             -            135 A5-S03_4_cg85_1      -            292     4e-33  110.1   0.0   1   1   8.9e-36   5.7e-33  109.6   0.0    14   129   172   287   164   291 0.94 -
AA4.hmm              -            522 A5-S03_4_cg103_3     -            444   1.6e-18   61.9   0.0   1   1     5e-19   3.2e-16   54.3   0.0    43   260    25   236     3   250 0.87 -
AA4.hmm              -            522 A5-S03_4_cg103_4     -            496   1.8e-29   98.1   0.1   1   1     4e-28   1.3e-25   85.3   0.5    16   252    15   241     6   273 0.87 -
AA7.hmm              -            458 A5-S03_4_cg103_4     -            496   1.3e-19   66.5   0.6   1   1   1.1e-21   3.4e-19   65.1   0.6    13   194    49   237    45   251 0.86 -
GT9.hmm              -            225 A5-S03_4_cg111_6     -            372   2.3e-43  144.0   0.0   1   1   4.8e-46   3.1e-43  143.6   0.0     4   218   102   347    99   356 0.83 -
GT5.hmm              -            472 A5-S03_4_cg112_4     -            500  1.7e-168  556.4   0.0   1   1  6.1e-171    2e-168  556.2   0.0     1   472    12   496    12   496 0.96 -
GT4.hmm              -            160 A5-S03_4_cg112_4     -            500   7.5e-16   53.5   0.0   1   1   4.1e-18   1.3e-15   52.7   0.0     5   157   312   468   309   471 0.85 -
CE14.hmm             -            124 A5-S03_4_cg115_4     -            101   7.8e-16   54.3   0.0   1   1   1.3e-18   8.4e-16   54.2   0.0     1    71     7    77     7    96 0.92 -
GT4.hmm              -            160 A5-S03_4_cg120_2     -            399   4.1e-29   96.6   0.0   1   1     1e-31   6.5e-29   96.0   0.0     5   147   189   353   186   357 0.87 -
GH15.hmm             -            361 A5-S03_4_cg120_3     -            654   2.7e-84  278.7   0.4   1   1   5.3e-87   3.4e-84  278.4   0.4    13   358   280   639   269   642 0.90 -
CE10.hmm             -            341 A5-S03_4_cg120_4     -            348   1.1e-39  132.4   0.0   1   1   2.3e-42   1.4e-39  131.9   0.0    66   313    51   313    38   331 0.81 -
AA1.hmm              -            943 A5-S03_4_cg135_14    -            617   6.8e-28   92.6  13.7   1   1   6.9e-28   4.4e-25   83.3   2.7   443   668    78   349    48   371 0.77 -
GT2_Glycos_transf_2.hmm PF00535.25   170 A5-S03_4_cg140_3     -            240   1.5e-24   82.0   0.0   1   1   3.2e-27     2e-24   81.6   0.0     1   153     4   150     4   158 0.84 Glycosyl transferase family 2
GT20.hmm             -            475 A5-S03_4_cg146_1     -            605  4.7e-143  472.4   0.0   1   1  9.3e-146    6e-143  472.0   0.0   140   474     2   336     1   337 0.98 -
GH23.hmm             -            135 A5-S03_4_cg158_3     -            247   8.7e-26   86.3   0.0   1   1   1.8e-28   1.2e-25   85.9   0.0    16   122   122   233   112   244 0.88 -
CBM2.hmm             -            101 A5-S03_4_cg193_1     -            270     1e-45  149.7  21.0   1   2   3.9e-27   2.5e-24   81.1   6.0     2    91    50   135    49   138 0.91 -
CBM2.hmm             -            101 A5-S03_4_cg193_1     -            270     1e-45  149.7  21.0   2   2   3.6e-25   2.3e-22   74.7   7.1     2    83   190   268   189   269 0.95 -
CE10.hmm             -            341 A5-S03_4_cg195_3     -            569   2.3e-39  131.2   0.0   1   1   4.5e-42   2.9e-39  130.9   0.0    57   193   108   264    39   379 0.86 -
GT4.hmm              -            160 A5-S03_4_cg205_12    -            403   6.1e-32  105.8   0.0   1   1   1.5e-34   9.7e-32  105.2   0.0     4   156   192   356   189   361 0.88 -
GT4.hmm              -            160 A5-S03_4_cg210_2     -            409     1e-30  101.8   0.0   1   1   2.8e-33   1.8e-30  101.0   0.0     6   159   217   375   213   376 0.91 -
GT41.hmm             -            705 A5-S03_4_cg213_2     -            595   4.2e-43  143.1   3.6   1   2     7e-18   4.5e-15   50.5   0.0    59   190   134   289   122   290 0.88 -
GT41.hmm             -            705 A5-S03_4_cg213_2     -            595   4.2e-43  143.1   3.6   2   2   2.7e-15   1.8e-12   41.9   1.2    50   191   363   495   352   502 0.90 -
GT81.hmm             -            293 A5-S03_4_cg225_3     -            428   1.5e-65  216.3   0.0   1   1   2.9e-68   1.9e-65  215.9   0.0    19   264    12   256     1   284 0.92 -
GT41.hmm             -            705 A5-S03_4_cg241_8     -            227   6.1e-34  112.8   2.9   1   2   3.8e-22   2.5e-19   64.6   0.0    81   191     5   105     1   109 0.92 -
GT41.hmm             -            705 A5-S03_4_cg241_8     -            227   6.1e-34  112.8   2.9   2   2   7.6e-17   4.9e-14   47.0   0.7    86   208   112   216   106   224 0.87 -
GT4.hmm              -            160 A5-S03_4_cg242_3     -            393   9.7e-38  124.7   0.0   1   1   4.6e-40   1.5e-37  124.1   0.0     4   160   203   364   200   364 0.97 -
GT5.hmm              -            472 A5-S03_4_cg242_3     -            393   1.3e-17   58.9   0.0   1   1   2.7e-17   8.6e-15   49.6   0.0   277   436   195   353   152   369 0.84 -
GT51.hmm             -            177 A5-S03_4_cg244_4     -            886   1.1e-69  228.7   0.0   1   1   2.8e-72   1.8e-69  228.0   0.0     1   177    69   245    69   245 0.99 -
AA2.hmm              -            255 A5-S03_4_cg251_8     -            620   3.8e-33  110.3   0.2   1   1   4.4e-16   2.8e-13   45.2   0.4    23   253   349   614   337   616 0.74 -
GT4.hmm              -            160 A5-S03_4_cg253_4     -            418   7.5e-32  105.5   0.0   1   1   1.7e-34   1.1e-31  105.0   0.0     4   159   221   386   218   387 0.94 -
#
# Program:         hmmscan
# Version:         3.3.1 (Jul 2020)
# Pipeline mode:   SCAN
# Query file:      /beegfs/home/lxd/2_sea_metagenomics/6.metabat2/bins_redup_refinem_drep/derep_70_10/derepbins_prodigal/A5-S03_4.proteins.faa
# Target file:     /beegfs/home/lxd/4_salt_metagenomics/tools/CAZy/dbCAN-HMMdb-V8.txt
# Option settings: hmmscan --tblout A5-S03_4.tbl --domtblout A5-S03_4_dom.tbl --acc --noali --notextw -E 1e-14 --domE 1e-14 --cpu 30 /beegfs/home/lxd/4_salt_metagenomics/tools/CAZy/dbCAN-HMMdb-V8.txt /beegfs/home/lxd/2_sea_metagenomics/6.metabat2/bins_redup_refinem_drep/derep_70_10/derepbins_prodigal/A5-S03_4.proteins.faa 
# Current dir:     /beegfs/home/lxd/2_sea_metagenomics/6.metabat2/bins_redup_refinem_drep/derep_70_10/derepbins_cazy
# Date:            Thu Mar  4 09:29:12 2021
# [ok]
