#                                                                            --- full sequence --- -------------- this domain -------------   hmm coord   ali coord   env coord
# target name        accession   tlen query name           accession   qlen   E-value  score  bias   #  of  c-Evalue  i-Evalue  score  bias  from    to  from    to  from    to  acc description of target
#------------------- ---------- ----- -------------------- ---------- ----- --------- ------ ----- --- --- --------- --------- ------ ----- ----- ----- ----- ----- ----- ----- ---- ---------------------
GT41.hmm             -            705 A5-S03_100_cg6_3     -            209   1.6e-28   95.0   0.2   1   2   1.2e-17   7.5e-15   49.7   0.0   122   191    53   122     9   123 0.86 -
GT41.hmm             -            705 A5-S03_100_cg6_3     -            209   1.6e-28   95.0   0.2   2   2   3.7e-16   2.4e-13   44.8   0.0   123   197   122   191   121   202 0.90 -
GT81.hmm                -            293 A5-S03_100_cg11_5    -            345   7.6e-19   62.9   0.0   1   1   3.1e-21     1e-18   62.5   0.0    20   215    21   200    10   245 0.86 -
GT2_Glycos_transf_2.hmm PF00535.25   170 A5-S03_100_cg11_5    -            345   1.5e-16   56.0   0.0   1   1   6.2e-19     2e-16   55.6   0.0     2   140    26   152    25   181 0.86 Glycosyl transferase family 2
GH102.hmm            -            157 A5-S03_100_cg30_11   -            407   1.9e-58  192.2   0.0   1   1   3.9e-61   2.5e-58  191.8   0.0     1   157   144   300   144   300 0.99 -
GH23.hmm             -            135 A5-S03_100_cg38_5    -            188   1.3e-26   89.0   0.2   1   1   3.1e-29     2e-26   88.4   0.2     6   119    59   173    56   181 0.92 -
GT41.hmm             -            705 A5-S03_100_cg51_6    -            290     2e-15   51.6   0.7   1   1   9.2e-15   5.9e-12   40.2   0.1    60   191    55   183    23   187 0.81 -
GH23.hmm             -            135 A5-S03_100_cg66_9    -            686   8.4e-26   86.4   5.5   1   1   1.6e-28     1e-25   86.1   0.1    17   122   534   664   525   672 0.91 -
AA7.hmm              -            458 A5-S03_100_cg76_7    -            524   6.7e-17   57.5   0.8   1   1   5.7e-19   1.8e-16   56.1   0.8    13   148    59   197    54   211 0.91 -
AA4.hmm              -            522 A5-S03_100_cg76_7    -            524   4.4e-15   50.5   0.0   1   1   2.1e-17   6.6e-15   50.0   0.0    53   193    60   199    47   208 0.88 -
GH103.hmm            -            295 A5-S03_100_cg77_9    -            343  4.8e-114  375.7   0.0   1   1  8.6e-117  5.5e-114  375.5   0.0     1   294    31   339    31   340 0.97 -
CE10.hmm             -            341 A5-S03_100_cg82_11   -            294   1.5e-32  108.9   0.1   1   1   2.8e-35   1.8e-32  108.6   0.1    62   309    47   270     9   292 0.82 -
GT2_Glycos_transf_2.hmm PF00535.25   170 A5-S03_100_cg85_6    -            245   7.4e-26   86.2   0.0   1   1   1.6e-28     1e-25   85.8   0.0     1   166     6   171     6   174 0.89 Glycosyl transferase family 2
GT83.hmm             -            540 A5-S03_100_cg85_7    -            558   1.2e-93  309.7  64.8   1   1   2.5e-96   1.6e-93  309.4  64.8     8   501    11   503     6   530 0.78 -
GT4.hmm              -            160 A5-S03_100_cg86_2    -            371   6.9e-24   79.6   0.0   1   1   1.6e-26     1e-23   79.1   0.0     5   151   197   338   193   345 0.92 -
GT4.hmm              -            160 A5-S03_100_cg86_3    -            372   2.3e-29   97.5   0.0   1   1     5e-32   3.2e-29   97.0   0.0     7   152   189   331   183   338 0.92 -
GT41.hmm             -            705 A5-S03_100_cg92_4    -            565   9.8e-29   95.6   1.3   1   1   2.3e-17   1.5e-14   48.8   0.2    58   191    15   138     2   138 0.87 -
GT4.hmm              -            160 A5-S03_100_cg102_5   -            433   1.4e-30  101.4   0.0   1   1   3.5e-33   2.2e-30  100.7   0.0    10   159   228   382   223   383 0.96 -
GT4.hmm              -            160 A5-S03_100_cg102_6   -            421   7.3e-33  108.8   0.0   1   1   3.4e-35   1.1e-32  108.3   0.0    23   159   225   358   203   359 0.89 -
GT5.hmm              -            472 A5-S03_100_cg102_6   -            421   1.2e-16   55.7   0.0   1   1   5.1e-19   1.6e-16   55.2   0.0   272   449   190   362   133   382 0.83 -
AA4.hmm              -            522 A5-S03_100_cg106_5   -            478   1.5e-22   75.2   0.0   1   1   1.3e-21     4e-19   63.9   0.0    51   249    39   232     5   243 0.83 -
AA7.hmm              -            458 A5-S03_100_cg106_5   -            478   2.9e-21   71.9   3.4   1   1   7.7e-23   2.5e-20   68.8   3.0    11   202    38   240    32   322 0.86 -
AA4.hmm              -            522 A5-S03_100_cg111_24  -            496   9.2e-24   79.2   0.0   1   1   3.9e-20   1.2e-17   59.0   0.0    14   198    14   196     4   252 0.86 -
AA7.hmm              -            458 A5-S03_100_cg111_24  -            496   2.4e-17   59.0   4.9   1   1   1.5e-19   4.8e-17   58.0   4.9    11   195    48   240    45   300 0.90 -
GT51.hmm             -            177 A5-S03_100_cg114_12  -            619   5.6e-68  223.2   0.0   1   1   1.3e-70     8e-68  222.7   0.0     1   177    53   229    53   229 0.99 -
CE4.hmm              -            130 A5-S03_100_cg122_13  -            289   2.2e-18   62.0   0.0   1   1   5.7e-21   3.6e-18   61.3   0.0     8   126    18   159    12   163 0.80 -
GH102.hmm            -            157 A5-S03_100_cg126_4   -            174   6.3e-25   83.3   0.0   1   1   1.3e-27   8.3e-25   82.9   0.0    90   157     1    68     1    68 0.99 -
GT4.hmm              -            160 A5-S03_100_cg145_2   -            387   1.6e-27   91.5   0.0   1   1   7.5e-30   2.4e-27   90.9   0.0     6   152   198   343   193   351 0.94 -
GT5.hmm              -            472 A5-S03_100_cg145_2   -            387   1.4e-16   55.5   0.0   1   1   5.3e-19   1.7e-16   55.2   0.0   254   471   165   376   128   377 0.84 -
GT41.hmm             -            705 A5-S03_100_cg147_2   -            648   6.3e-79  261.5  14.4   1   5   8.2e-21   5.3e-18   60.2   0.7    78   191    17   120     4   122 0.87 -
GT41.hmm             -            705 A5-S03_100_cg147_2   -            648   6.3e-79  261.5  14.4   2   5   9.4e-21     6e-18   60.0   0.4   123   191   120   188   119   189 0.97 -
GT41.hmm             -            705 A5-S03_100_cg147_2   -            648   6.3e-79  261.5  14.4   3   5   1.8e-21   1.1e-18   62.4   2.1   123   191   188   256   187   257 0.96 -
GT41.hmm             -            705 A5-S03_100_cg147_2   -            648   6.3e-79  261.5  14.4   4   5   4.5e-20   2.9e-17   57.7   0.1   124   191   223   290   222   291 0.96 -
GT41.hmm             -            705 A5-S03_100_cg147_2   -            648   6.3e-79  261.5  14.4   5   5   2.8e-20   1.8e-17   58.4   0.0   123   191   256   324   255   502 0.77 -
CE10.hmm             -            341 A5-S03_100_cg154_7   -            292   2.1e-20   68.9   0.3   1   1   4.1e-23   2.6e-20   68.6   0.3    48   208    30   191     9   213 0.81 -
GH74.hmm             -            233 A5-S03_100_cg158_4   -            292   3.7e-31  103.6   0.0   1   1   5.3e-15   3.4e-12   41.5   0.0    16   112   181   287   178   291 0.93 -
GT30.hmm             -            177 A5-S03_100_cg165_5   -            461   3.6e-61  201.0   0.0   1   1   1.2e-63   7.5e-61  200.0   0.0     2   175    46   221    45   222 0.98 -
GT83.hmm             -            540 A5-S03_100_cg174_5   -            536   1.7e-41  137.6  59.8   1   1   3.5e-44   2.3e-41  137.2  59.8    15   379    52   410    43   460 0.72 -
GT41.hmm             -            705 A5-S03_100_cg181_2   -            543   2.7e-44  147.0  16.4   1   3   8.4e-21   5.4e-18   60.1   0.5    55   191    15   141     6   142 0.92 -
GT41.hmm             -            705 A5-S03_100_cg181_2   -            543   2.7e-44  147.0  16.4   2   3   1.2e-17     8e-15   49.6   3.6   122   191   140   209   140   211 0.98 -
GT41.hmm             -            705 A5-S03_100_cg181_2   -            543   2.7e-44  147.0  16.4   3   3   2.3e-16   1.5e-13   45.5   0.5    84   191   214   311   208   334 0.74 -
GH37.hmm             -            491 A5-S03_100_cg195_1   -            418  1.7e-103  342.4   0.1   1   1    3e-106    2e-103  342.2   0.1   142   489     1   395     1   397 0.94 -
GH3.hmm              -            216 A5-S03_100_cg215_22  -            347   9.3e-45  148.1   0.0   1   1   2.5e-47   1.6e-44  147.3   0.0    13   215    61   285    52   286 0.89 -
GT4.hmm              -            160 A5-S03_100_cg217_14  -            410   3.1e-31  103.5   0.0   1   1   1.6e-33   5.3e-31  102.8   0.0     4   151   213   361   210   370 0.94 -
GT5.hmm              -            472 A5-S03_100_cg217_14  -            410   3.5e-20   67.3   0.0   1   1   1.5e-22   4.8e-20   66.9   0.0   278   471   206   395   160   396 0.83 -
GH109.hmm            -            126 A5-S03_100_cg218_3   -            413   1.7e-15   52.9   0.0   1   1   7.8e-18     5e-15   51.3   0.0     3   122    12   122    10   125 0.93 -
GT4.hmm              -            160 A5-S03_100_cg238_14  -            385   1.1e-32  108.3   0.0   1   1   2.4e-35   1.5e-32  107.8   0.0    13   159   201   349   193   350 0.93 -
GT28.hmm             -            157 A5-S03_100_cg243_12  -            383   2.2e-46  152.7   0.2   1   1   3.5e-49   2.2e-46  152.7   0.2     2   157   195   357   194   357 0.96 -
CE11.hmm             -            271 A5-S03_100_cg243_19  -            317  1.8e-106  350.7   0.0   1   1  3.2e-109  2.1e-106  350.5   0.0     1   270     7   278     7   279 0.98 -
GT19.hmm             -            354 A5-S03_100_cg249_3   -            409  1.1e-112  371.4   0.0   1   1    2e-115  1.3e-112  371.2   0.0     1   351    18   377    18   380 0.96 -
CE4.hmm              -            130 A5-S03_100_cg263_9   -            361   1.9e-30  101.0   0.0   1   1   5.9e-33   3.8e-30  100.1   0.0     5   124   101   227    97   232 0.94 -
GH73.hmm             -            128 A5-S03_100_cg263_10  -            372   2.2e-16   55.8   0.0   1   1   5.5e-19   3.5e-16   55.1   0.0    12   128   224   353   219   353 0.76 -
AA3_2.hmm            -            568 A5-S03_100_cg265_8   -            540    9e-161  531.6   0.0   1   1  8.6e-163  1.1e-160  531.3   0.0     2   566     2   529     1   531 0.93 -
AA3.hmm              -            618 A5-S03_100_cg265_8   -            540  8.6e-101  333.4   0.0   1   1  8.2e-103  1.1e-100  333.1   0.0    89   399     2   530     1   535 0.89 -
AA3_3.hmm            -            590 A5-S03_100_cg265_8   -            540   1.2e-77  257.0   0.0   1   2   3.9e-61     5e-59  195.4   0.0     2   316     2   301     1   323 0.93 -
AA3_3.hmm            -            590 A5-S03_100_cg265_8   -            540   1.2e-77  257.0   0.0   2   2   5.6e-15   7.2e-13   43.0   0.1   510   586   454   529   450   531 0.93 -
AA3_1.hmm            -            548 A5-S03_100_cg265_8   -            540   1.7e-51  170.7   0.0   1   1   2.3e-43     3e-41  136.9   0.0    93   546    75   530    63   532 0.79 -
AA8.hmm              -            815 A5-S03_100_cg265_8   -            540   1.3e-41  137.6   0.8   1   2     8e-29     1e-26   88.4   1.8   245   515     2   272     1   327 0.81 -
AA8.hmm              -            815 A5-S03_100_cg265_8   -            540   1.3e-41  137.6   0.8   2   2   3.6e-15   4.6e-13   43.3   0.0   699   780   458   535   389   539 0.85 -
AA3_2.hmm            -            568 A5-S03_100_cg278_2   -            541  2.7e-154  510.2   0.0   1   1  2.9e-156  3.8e-154  509.8   0.0     3   566     4   530     2   532 0.94 -
AA3.hmm              -            618 A5-S03_100_cg278_2   -            541   3.4e-97  321.5   0.1   1   1   3.5e-99   4.5e-97  321.2   0.1    90   400     4   532     2   538 0.87 -
AA3_3.hmm            -            590 A5-S03_100_cg278_2   -            541   1.1e-71  237.3   0.3   1   1   5.4e-58     7e-56  185.0   0.0     3   312     4   298     2   304 0.91 -
AA3_1.hmm            -            548 A5-S03_100_cg278_2   -            541   1.6e-55  183.9   1.2   1   2   1.1e-31   1.5e-29   98.3   0.0    91   320    74   298    63   304 0.82 -
AA3_1.hmm            -            548 A5-S03_100_cg278_2   -            541   1.6e-55  183.9   1.2   2   2   2.6e-19   3.4e-17   57.5   0.0   407   544   390   529   377   532 0.79 -
AA8.hmm              -            815 A5-S03_100_cg278_2   -            541   3.2e-42  139.7   2.9   1   2   3.7e-21   4.7e-19   63.1   0.5   322   547    76   296    67   304 0.79 -
AA8.hmm              -            815 A5-S03_100_cg278_2   -            541   3.2e-42  139.7   2.9   2   2     2e-18   2.6e-16   54.0   0.0   636   774   390   530   388   539 0.81 -
GT2_Glycos_transf_2.hmm PF00535.25   170 A5-S03_100_cg279_5   -            334   3.5e-34  113.4   0.0   1   1   1.7e-36   5.4e-34  112.7   0.0     1   124    17   139    17   175 0.88 Glycosyl transferase family 2
GT2_Glyco_tranf_2_3.hmm PF13641.5    230 A5-S03_100_cg279_5   -            334   6.5e-15   50.9   0.1   1   1   4.1e-17   1.3e-14   49.9   0.1     4   136    16   142    14   221 0.70 Glycosyltransferase like family 2
GT83.hmm             -            540 A5-S03_100_cg280_2   -            659   1.8e-28   94.7  49.3   1   1   3.5e-31   2.2e-28   94.3  49.3     7   382    22   387    17   492 0.75 -
GT4.hmm              -            160 A5-S03_100_cg281_7   -            346   3.5e-31  103.4   0.0   1   1   1.7e-33   5.3e-31  102.7   0.0     5   154   167   310   163   316 0.96 -
GT5.hmm              -            472 A5-S03_100_cg281_7   -            346     4e-16   54.0   0.0   1   1   1.7e-18   5.4e-16   53.5   0.0   284   450   165   316   139   341 0.80 -
GT51.hmm             -            177 A5-S03_100_cg283_5   -            827   5.3e-66  216.8   0.0   1   1   1.5e-68   9.5e-66  215.9   0.0     1   176    55   233    55   234 0.97 -
AA3_2.hmm            -            568 A5-S03_100_cg285_3   -            535  6.4e-159  525.5   0.0   1   1  5.9e-161  7.6e-159  525.3   0.0     2   567     5   532     4   533 0.95 -
AA3.hmm              -            618 A5-S03_100_cg285_3   -            535  7.6e-102  336.9   0.0   1   1  6.6e-104  8.5e-102  336.8   0.0    87   400     3   533     1   534 0.88 -
AA3_3.hmm            -            590 A5-S03_100_cg285_3   -            535   7.3e-84  277.4   0.0   1   2   1.5e-67   1.9e-65  216.6   0.0     2   317     5   305     4   322 0.90 -
AA3_3.hmm            -            590 A5-S03_100_cg285_3   -            535   7.3e-84  277.4   0.0   2   2   9.6e-15   1.2e-12   42.2   0.0   522   588   466   533   450   534 0.89 -
AA3_1.hmm            -            548 A5-S03_100_cg285_3   -            535   1.4e-54  180.9   0.0   1   1   1.6e-56     2e-54  180.3   0.0    13   546     2   532     1   534 0.82 -
AA8.hmm              -            815 A5-S03_100_cg285_3   -            535     3e-39  129.9   0.0   1   1     2e-40   2.6e-38  126.8   0.0   243   776     3   533     1   534 0.79 -
CE4.hmm              -            130 A5-S03_100_cg306_2   -            303   1.4e-15   53.0   0.0   1   1   9.3e-18     6e-15   50.9   0.0    16   127    74   186    65   189 0.85 -
CE3.hmm              -            194 A5-S03_100_cg322_2   -            259   8.2e-15   50.5   0.0   1   1   1.7e-16   1.1e-13   46.9   0.0     2   186    58   223    57   225 0.87 -
AA1.hmm              -            943 A5-S03_100_cg325_5   -            221   1.3e-33  111.6   3.6   1   1   6.5e-36   1.4e-33  111.5   3.6   458   550    94   190    55   218 0.85 -
AA1_3.hmm            -            312 A5-S03_100_cg325_5   -            221   7.6e-22   73.1   0.2   1   1   4.4e-24   9.4e-22   72.8   0.2    39   134    93   187    72   210 0.86 -
AA1_2.hmm            -            337 A5-S03_100_cg325_5   -            221   1.8e-20   68.5   0.4   1   1   1.1e-22   2.4e-20   68.1   0.4    12   111    96   193    93   197 0.90 -
#
# Program:         hmmscan
# Version:         3.3.1 (Jul 2020)
# Pipeline mode:   SCAN
# Query file:      /beegfs/home/lxd/2_sea_metagenomics/6.metabat2/bins_redup_refinem_drep/derep_70_10/derepbins_prodigal/A5-S03_100.proteins.faa
# Target file:     /beegfs/home/lxd/4_salt_metagenomics/tools/CAZy/dbCAN-HMMdb-V8.txt
# Option settings: hmmscan --tblout A5-S03_100.tbl --domtblout A5-S03_100_dom.tbl --acc --noali --notextw -E 1e-14 --domE 1e-14 --cpu 30 /beegfs/home/lxd/4_salt_metagenomics/tools/CAZy/dbCAN-HMMdb-V8.txt /beegfs/home/lxd/2_sea_metagenomics/6.metabat2/bins_redup_refinem_drep/derep_70_10/derepbins_prodigal/A5-S03_100.proteins.faa 
# Current dir:     /beegfs/home/lxd/2_sea_metagenomics/6.metabat2/bins_redup_refinem_drep/derep_70_10/derepbins_cazy
# Date:            Thu Mar  4 08:52:11 2021
# [ok]
