#                                                                            --- full sequence --- -------------- this domain -------------   hmm coord   ali coord   env coord
# target name        accession   tlen query name           accession   qlen   E-value  score  bias   #  of  c-Evalue  i-Evalue  score  bias  from    to  from    to  from    to  acc description of target
#------------------- ---------- ----- -------------------- ---------- ----- --------- ------ ----- --- --- --------- --------- ------ ----- ----- ----- ----- ----- ----- ----- ---- ---------------------
GT51.hmm             -            177 A5-S03_47_cg6_1      -            766   1.2e-61  202.6   0.0   1   1   2.7e-64   1.7e-61  202.1   0.0     1   177    58   235    58   235 0.97 -
GT28.hmm             -            157 A5-S03_47_cg7_12     -            365   1.6e-49  163.0   0.6   1   1   3.6e-52   2.3e-49  162.4   0.6     2   157   189   348   188   348 0.93 -
CE11.hmm             -            271 A5-S03_47_cg7_18     -            304  6.1e-115  378.4   0.0   1   1  1.1e-117  6.9e-115  378.3   0.0     1   270     3   274     3   275 0.99 -
AA1.hmm              -            943 A5-S03_47_cg27_8     -            559   4.8e-34  113.0   7.2   1   1   4.2e-36   6.8e-34  112.5   7.2   459   664   193   444   189   464 0.82 -
AA1_2.hmm            -            337 A5-S03_47_cg27_8     -            559   1.3e-23   78.8   0.5   1   1   2.5e-25     4e-23   77.2   0.5    12   230   194   452   191   454 0.82 -
AA1_3.hmm            -            312 A5-S03_47_cg27_8     -            559   8.6e-23   76.2   0.3   1   1   1.2e-24   1.9e-22   75.1   0.3    40   262   192   447   176   482 0.77 -
AA12.hmm             -            401 A5-S03_47_cg37_5     -            296   1.2e-15   52.3   0.0   1   1   1.6e-17     1e-14   49.2   0.0   116   399     8   288     2   290 0.74 -
GT9.hmm              -            225 A5-S03_47_cg48_2     -            388   2.2e-47  157.1   0.4   1   1     6e-50   3.8e-47  156.3   0.1     4   204    96   325    93   341 0.86 -
CBM9.hmm             -            182 A5-S03_47_cg50_2     -            786   6.6e-21   70.5   2.9   1   1   1.1e-23   7.2e-21   70.4   0.3     2   148   109   263   108   287 0.83 -
GH130.hmm            -            296 A5-S03_47_cg60_4     -            315     5e-97  319.6   0.0   1   1  8.9e-100   5.7e-97  319.4   0.0     2   296     8   305     7   305 0.98 -
GT4.hmm              -            160 A5-S03_47_cg60_5     -            338   1.5e-30  101.3   0.0   1   1   4.6e-33   2.9e-30  100.3   0.0     9   150   170   305   165   313 0.91 -
CE11.hmm             -            271 A5-S03_47_cg77_1     -            113   3.5e-35  116.9   0.1   1   1   6.2e-38     4e-35  116.7   0.1   188   270     1    83     1    84 0.98 -
GT4.hmm              -            160 A5-S03_47_cg93_3     -            358     1e-19   66.1   0.0   1   1   4.3e-22   2.8e-19   64.7   0.0    22   156   193   323   176   327 0.89 -
GT4.hmm              -            160 A5-S03_47_cg93_4     -            409   4.7e-34  112.7   0.0   1   1   1.6e-35     1e-32  108.4   0.0    12   135   193   314   185   317 0.97 -
CE10.hmm             -            341 A5-S03_47_cg109_1    -            293   2.8e-57  190.2   0.1   1   1   4.9e-60   3.2e-57  190.0   0.1    79   332    55   292     5   293 0.83 -
CBM9.hmm             -            182 A5-S03_47_cg111_2    -            723   5.5e-23   77.3   1.4   1   1   8.5e-26   5.5e-23   77.3   1.4     2   165    48   215    47   227 0.80 -
AA6.hmm              -            195 A5-S03_47_cg122_5    -            200   2.5e-67  221.4   0.0   1   1   4.3e-70   2.8e-67  221.3   0.0     2   194     5   192     4   193 0.92 -
GH23.hmm             -            135 A5-S03_47_cg122_9    -            214   7.1e-20   67.2   0.0   1   1   1.9e-22   1.2e-19   66.5   0.0     8   120   104   205    98   212 0.89 -
GH3.hmm              -            216 A5-S03_47_cg125_3    -            348   2.6e-51  169.5   0.3   1   1   6.4e-54   4.1e-51  168.9   0.3     9   215    57   280    48   281 0.89 -
CE1.hmm              -            227 A5-S03_47_cg128_2    -            369   5.1e-32  106.7   0.0   1   1   1.2e-34   7.6e-32  106.1   0.0     7   208    33   350    30   366 0.85 -
GT9.hmm              -            225 A5-S03_47_cg151_2    -            355   5.3e-56  185.3   0.0   1   1   1.2e-58   7.4e-56  184.8   0.0     2   221    74   320    73   324 0.86 -
CBM9.hmm             -            182 A5-S03_47_cg152_4    -            365   6.4e-21   70.6   2.0   1   1   1.4e-23   8.9e-21   70.1   2.0     1   169    46   221    46   228 0.84 -
GH103.hmm            -            295 A5-S03_47_cg159_2    -            340  8.8e-115  378.1   0.0   1   1  1.6e-117    1e-114  377.8   0.0     1   294    31   324    31   325 0.99 -
AA7.hmm              -            458 A5-S03_47_cg162_8    -            972   1.5e-17   59.6   0.8   1   1   1.1e-18     7e-16   54.2   0.8    11   152    42   186    37   190 0.90 -
CE4.hmm              -            130 A5-S03_47_cg169_3    -            366   2.7e-30  100.5   0.0   1   1   7.8e-33     5e-30   99.7   0.0     4   122    83   217    80   223 0.91 -
GH73.hmm             -            128 A5-S03_47_cg169_4    -            266   1.1e-23   79.3   0.0   1   1   2.6e-26   1.7e-23   78.8   0.0    11   128   134   261   129   261 0.82 -
GH23.hmm             -            135 A5-S03_47_cg173_5    -            443     1e-23   79.6   0.1   1   1   5.7e-26   3.7e-23   77.8   0.0     2   120   132   270   131   282 0.94 -
GT30.hmm             -            177 A5-S03_47_cg179_6    -            453   1.9e-51  169.3   0.0   1   1   4.3e-54   2.8e-51  168.8   0.0     5   176    35   207    31   208 0.96 -
GT30.hmm             -            177 A5-S03_47_cg179_10   -            438   6.1e-72  236.1   0.2   1   1   2.2e-74   1.4e-71  234.9   0.1     2   176    32   209    31   210 0.98 -
GH23.hmm             -            135 A5-S03_47_cg182_2    -            774   4.9e-18   61.2   0.1   1   1   3.3e-20     1e-17   60.2   0.1     6   124   152   269   147   291 0.83 -
GT4.hmm              -            160 A5-S03_47_cg192_4    -            698   5.2e-35  115.8   0.0   1   1   3.2e-37     1e-34  114.8   0.0     9   159   514   662   509   663 0.97 -
GT5.hmm              -            472 A5-S03_47_cg192_4    -            698   1.6e-19   65.1   0.0   1   1   1.3e-21   4.1e-19   63.8   0.0   238   470   480   686   451   688 0.82 -
GT41.hmm             -            705 A5-S03_47_cg205_3    -            167   1.7e-16   55.2   1.2   1   1   4.1e-19   2.6e-16   54.6   1.2    62   214    12   146     2   157 0.88 -
GT2_Glycos_transf_2.hmm PF00535.25   170 A5-S03_47_cg206_2    -            241   9.9e-15   50.0   0.0   1   1   2.7e-17   1.7e-14   49.3   0.0     2   133     5   136     4   165 0.75 Glycosyl transferase family 2
CBM50.hmm            -             40 A5-S03_47_cg222_11   -            238   3.3e-15   51.5   0.4   1   1   2.7e-17   1.7e-14   49.2   0.1     1    38    45    86    45    87 0.90 -
GH23.hmm             -            135 A5-S03_47_cg224_2    -            453     8e-24   80.0   0.5   1   1   4.4e-26   2.8e-23   78.2   0.1    11   123   277   428   267   438 0.91 -
GH109.hmm            -            126 A5-S03_47_cg232_8    -            354   9.2e-16   53.7   0.0   1   1   4.1e-18   2.6e-15   52.2   0.0     2   119     5   114     4   120 0.90 -
GH119.hmm            -           1070 A5-S03_47_cg243_4    -            453   4.8e-23   75.9   8.8   1   1   2.1e-25   1.3e-22   74.5   9.1   804   901   319   415   274   422 0.82 -
GT19.hmm             -            354 A5-S03_47_cg252_5    -            399  1.2e-123  407.5   0.0   1   1  2.2e-126  1.4e-123  407.3   0.0     2   353    16   374    15   375 0.96 -
GT41.hmm             -            705 A5-S03_47_cg254_2    -            279   5.7e-20   66.6   0.8   1   1     3e-22   1.9e-19   64.9   0.7    30   191   121   272    73   276 0.85 -
GH103.hmm            -            295 A5-S03_47_cg256_6    -            345   1.1e-92  305.6   0.3   1   1   2.2e-95   1.4e-92  305.2   0.3    11   294    42   326    33   327 0.94 -
GT41.hmm             -            705 A5-S03_47_cg263_13   -            279   2.3e-20   67.9   1.4   1   1   2.7e-22   1.7e-19   65.1   1.4    29   191   120   272    84   275 0.85 -
#
# Program:         hmmscan
# Version:         3.3.1 (Jul 2020)
# Pipeline mode:   SCAN
# Query file:      /beegfs/home/lxd/2_sea_metagenomics/6.metabat2/bins_redup_refinem_drep/derep_70_10/derepbins_prodigal/A5-S03_47.proteins.faa
# Target file:     /beegfs/home/lxd/4_salt_metagenomics/tools/CAZy/dbCAN-HMMdb-V8.txt
# Option settings: hmmscan --tblout A5-S03_47.tbl --domtblout A5-S03_47_dom.tbl --acc --noali --notextw -E 1e-14 --domE 1e-14 --cpu 30 /beegfs/home/lxd/4_salt_metagenomics/tools/CAZy/dbCAN-HMMdb-V8.txt /beegfs/home/lxd/2_sea_metagenomics/6.metabat2/bins_redup_refinem_drep/derep_70_10/derepbins_prodigal/A5-S03_47.proteins.faa 
# Current dir:     /beegfs/home/lxd/2_sea_metagenomics/6.metabat2/bins_redup_refinem_drep/derep_70_10/derepbins_cazy
# Date:            Thu Mar  4 09:27:03 2021
# [ok]
