#                                                                            --- full sequence --- -------------- this domain -------------   hmm coord   ali coord   env coord
# target name        accession   tlen query name           accession   qlen   E-value  score  bias   #  of  c-Evalue  i-Evalue  score  bias  from    to  from    to  from    to  acc description of target
#------------------- ---------- ----- -------------------- ---------- ----- --------- ------ ----- --- --- --------- --------- ------ ----- ----- ----- ----- ----- ----- ----- ---- ---------------------
GT9.hmm              -            225 A5-S04_220_cg11_3    -            351     5e-49  162.5   0.1   1   1   9.8e-52   6.3e-49  162.2   0.1     2   222    86   331    85   334 0.85 -
GT4.hmm              -            160 A5-S04_220_cg11_5    -            364   9.5e-31  101.9   0.0   1   1   2.6e-33   1.7e-30  101.1   0.0     8   159   180   326   175   327 0.95 -
GT41.hmm             -            705 A5-S04_220_cg13_11   -            603   1.3e-39  131.6   0.0   1   2   1.3e-15   8.5e-13   42.9   0.2    83   191     6   104     2   110 0.90 -
GT41.hmm             -            705 A5-S04_220_cg13_11   -            603   1.3e-39  131.6   0.0   2   2   5.5e-22   3.5e-19   64.0   0.2    86   190   110   204   105   205 0.94 -
GT19.hmm             -            354 A5-S04_220_cg18_18   -            390  3.1e-124  409.5   0.0   1   1  5.5e-127  3.5e-124  409.3   0.0     2   353    10   368     9   369 0.97 -
GT41.hmm             -            705 A5-S04_220_cg19_12   -            201   3.9e-16   54.0   0.2   1   1   6.8e-19   4.4e-16   53.8   0.2    55   191    45   172    21   198 0.89 -
GT41.hmm             -            705 A5-S04_220_cg25_1    -            660    5e-145  480.0   0.1   1   2   3.4e-16   2.2e-13   44.9   1.0    61   191     9   129     5   130 0.92 -
GT41.hmm             -            705 A5-S04_220_cg25_1    -            660    5e-145  480.0   0.1   2   2  8.7e-135  5.6e-132  436.9   0.0    81   522    97   650    94   652 0.95 -
GT41.hmm             -            705 A5-S04_220_cg31_28   -            758   2.8e-27   90.8   9.0   1   2   1.3e-20   8.2e-18   59.5   1.8    23   191     9   167     2   168 0.87 -
GT41.hmm             -            705 A5-S04_220_cg31_28   -            758   2.8e-27   90.8   9.0   2   2   1.7e-15   1.1e-12   42.6   0.4    81   192   135   247   134   394 0.75 -
GH23.hmm             -            135 A5-S04_220_cg31_49   -            195   2.4e-19   65.5   0.0   1   1   4.9e-22   3.1e-19   65.1   0.0     8   120    86   186    80   194 0.87 -
AA6.hmm              -            195 A5-S04_220_cg31_53   -            202   3.7e-65  214.4   0.0   1   1   6.4e-68   4.1e-65  214.2   0.0     2   195     5   195     4   195 0.93 -
GT41.hmm             -            705 A5-S04_220_cg34_2    -            765   1.1e-18   62.4   7.0   1   1   2.2e-15   1.4e-12   42.2   0.3    64   215   365   507   353   561 0.87 -
AA12.hmm             -            401 A5-S04_220_cg35_5    -            420   2.7e-27   90.6   0.0   1   1   1.1e-29   7.1e-27   89.3   0.0    11   399    28   411    18   413 0.77 -
GT41.hmm             -            705 A5-S04_220_cg36_1    -            258   5.8e-26   86.5   9.0   1   1   1.7e-18   1.1e-15   52.5   0.8    88   191     7   100     1   105 0.89 -
GT41.hmm             -            705 A5-S04_220_cg36_2    -            498   1.6e-31  104.8  12.0   1   2   1.5e-16   9.8e-14   46.0   1.2   117   191    90   165    86   169 0.87 -
GT41.hmm             -            705 A5-S04_220_cg36_2    -            498   1.6e-31  104.8  12.0   2   2   8.8e-16   5.7e-13   43.5   0.5    87   191   173   266   163   385 0.85 -
AA7.hmm              -            458 A5-S04_220_cg41_4    -            192     4e-62  206.6   3.4   1   1     7e-65   4.5e-62  206.4   3.4     3   166    10   173     8   175 0.98 -
CE1.hmm              -            227 A5-S04_220_cg47_31   -            213   1.5e-33  111.7   0.0   1   1   2.7e-36   1.7e-33  111.5   0.0    52   225     3   208     1   210 0.83 -
GT9.hmm              -            225 A5-S04_220_cg48_9    -            361   2.6e-49  163.4   0.2   1   1   5.1e-52   3.3e-49  163.1   0.2     2   204    80   314    79   340 0.85 -
CE1.hmm              -            227 A5-S04_220_cg58_9    -            271   1.5e-20   69.2   0.0   1   1   3.1e-23     2e-20   68.8   0.0     6   143    37   190    33   248 0.73 -
AA1.hmm              -            943 A5-S04_220_cg59_1    -            374   3.9e-58  192.7   0.5   1   1   3.3e-60   5.3e-58  192.3   0.5   450   680    68   348    37   365 0.79 -
AA1_3.hmm            -            312 A5-S04_220_cg59_1    -            374   1.2e-49  164.4   0.2   1   1   8.8e-51   1.4e-48  160.9   0.2    12   268    55   343    47   357 0.86 -
AA1_2.hmm            -            337 A5-S04_220_cg59_1    -            374   5.4e-46  152.4   0.1   1   1   4.1e-47   6.6e-45  148.8   0.1     1   233    74   344    74   363 0.88 -
AA1_1.hmm            -            303 A5-S04_220_cg59_1    -            374   3.6e-36  120.1   0.0   1   1   1.1e-26   1.8e-24   81.7   0.1     4   166    71   220    68   227 0.87 -
GT4.hmm              -            160 A5-S04_220_cg62_4    -            362   4.3e-35  116.0   0.0   1   1   2.5e-37     8e-35  115.2   0.0     4   159   177   330   174   331 0.98 -
GT5.hmm              -            472 A5-S04_220_cg62_4    -            362   1.9e-17   58.3   0.0   1   1   1.1e-19   3.4e-17   57.5   0.0   284   471   174   355   151   356 0.82 -
GT9.hmm              -            225 A5-S04_220_cg62_5    -            366   4.4e-54  179.1   0.0   1   1   1.2e-56   7.6e-54  178.3   0.0     2   217    91   335    90   345 0.84 -
GT41.hmm             -            705 A5-S04_220_cg62_11   -            552   1.6e-23   78.4   1.6   1   1   1.7e-19   1.1e-16   55.8   0.1    69   191   126   238    99   326 0.89 -
GT51.hmm             -            177 A5-S04_220_cg67_3    -            241   9.9e-52  170.3   0.0   1   1     2e-54   1.3e-51  169.9   0.0    14   170    78   234    69   239 0.96 -
GT5.hmm              -            472 A5-S04_220_cg69_3    -            491  2.3e-172  569.1   0.0   1   1    8e-175  2.6e-172  569.0   0.0     1   472     7   484     7   484 0.95 -
GT4.hmm              -            160 A5-S04_220_cg69_3    -            491   5.1e-15   50.8   0.0   1   1   2.5e-17     8e-15   50.2   0.0     6   153   300   452   296   462 0.82 -
CE1.hmm              -            227 A5-S04_220_cg69_4    -            242   1.7e-15   52.7   0.0   1   1   3.1e-18     2e-15   52.4   0.0    77   221    78   238    28   241 0.73 -
CE1.hmm              -            227 A5-S04_220_cg69_6    -            379   3.2e-34  113.9   0.0   1   1   6.6e-37   4.2e-34  113.5   0.0     2   222   147   367   146   370 0.81 -
GT30.hmm             -            177 A5-S04_220_cg82_4    -            426   1.2e-69  228.6   0.0   1   1   8.6e-71   5.5e-68  223.2   0.0     2   176    33   210    32   211 0.98 -
CBM50.hmm            -             40 A5-S04_220_cg87_3    -            546   2.1e-42  138.6   5.2   1   2   3.4e-16   1.1e-13   46.7   0.0     1    39   428   470   428   470 0.92 -
CBM50.hmm            -             40 A5-S04_220_cg87_3    -            546   2.1e-42  138.6   5.2   2   2   5.6e-18   1.8e-15   52.4   0.0     1    38   493   534   493   535 0.88 -
GH23.hmm             -            135 A5-S04_220_cg87_3    -            546   9.4e-22   73.3   0.1   1   1     6e-24   1.9e-21   72.3   0.1    20   120   138   258   100   267 0.89 -
AA3.hmm              -            618 A5-S04_220_cg89_16   -            551   2.6e-58  193.1   0.0   1   1   2.6e-60   3.4e-58  192.7   0.0    87   398     9   542     5   548 0.78 -
AA3_2.hmm            -            568 A5-S04_220_cg89_16   -            551   3.1e-32  107.3   0.1   1   1   1.7e-20   2.1e-18   61.6   0.0     3   280    12   301    10   302 0.78 -
AA3_1.hmm            -            548 A5-S04_220_cg89_16   -            551   4.6e-31  103.2   0.0   1   1   1.4e-15   1.7e-13   45.2   0.0    14   123     9   119     2   123 0.80 -
AA3.hmm              -            618 A5-S04_220_cg100_1   -            319   4.5e-30   99.8   0.0   1   1   2.7e-32   5.7e-30   99.5   0.0    88   261    13   304     7   316 0.73 -
AA3_2.hmm            -            568 A5-S04_220_cg100_1   -            319   2.7e-18   61.2   0.0   1   1   1.9e-20   4.1e-18   60.6   0.0     4   280    16   302    13   303 0.74 -
AA3.hmm              -            618 A5-S04_220_cg100_3   -            556   2.4e-56  186.6   0.0   1   1   2.3e-58   2.9e-56  186.4   0.0    87   397    12   546     2   554 0.78 -
AA3_2.hmm            -            568 A5-S04_220_cg100_3   -            556   2.4e-29   97.7   0.0   1   1   2.8e-18   3.6e-16   54.2   0.0     4   280    16   303    13   304 0.68 -
AA3_1.hmm            -            548 A5-S04_220_cg100_3   -            556     8e-28   92.5   0.0   1   1   7.5e-18   9.6e-16   52.7   0.0   195   544   224   546   184   550 0.78 -
GT51.hmm             -            177 A5-S04_220_cg102_10  -            869   1.1e-65  215.8   0.0   1   1   2.6e-68   1.7e-65  215.1   0.0     1   176    58   233    58   234 0.99 -
GT41.hmm             -            705 A5-S04_220_cg111_2   -            963   1.7e-47  157.6  17.3   1   3   2.4e-16   1.6e-13   45.4   1.6    98   191    24   114     1   117 0.75 -
GT41.hmm             -            705 A5-S04_220_cg111_2   -            963   1.7e-47  157.6  17.3   2   3   7.3e-18   4.7e-15   50.4   0.2   119   191   177   250   177   277 0.91 -
GT41.hmm             -            705 A5-S04_220_cg111_2   -            963   1.7e-47  157.6  17.3   3   3   5.5e-15   3.5e-12   40.9   2.2    55   190   505   630   491   638 0.87 -
GH74.hmm             -            233 A5-S04_220_cg113_1   -            192   1.3e-23   78.8  10.6   1   2   1.5e-16   9.5e-14   46.6   2.5    41   113    70   150    41   154 0.91 -
GH74.hmm             -            233 A5-S04_220_cg113_1   -            192   1.3e-23   78.8  10.6   2   2     1e-15   6.5e-13   43.9   1.2    43   104   128   192   125   192 0.88 -
CE10.hmm             -            341 A5-S04_220_cg116_4   -            684   4.5e-24   81.0   0.4   1   1     2e-26   6.5e-24   80.4   0.4    76   326   432   669   396   677 0.84 -
GT28.hmm             -            157 A5-S04_220_cg118_10  -            377   4.5e-52  171.2   0.1   1   1   1.1e-54   6.9e-52  170.6   0.1     2   156   189   348   188   349 0.96 -
CE11.hmm             -            271 A5-S04_220_cg118_17  -            289  8.5e-112  368.1   0.0   1   1  1.5e-114  9.7e-112  367.9   0.0    13   270     1   260     1   261 0.99 -
GT41.hmm             -            705 A5-S04_220_cg119_2   -            557   1.5e-26   88.4   0.0   1   1   5.5e-16   3.5e-13   44.2   0.2    51   191    10   140     1   142 0.92 -
GT41.hmm             -            705 A5-S04_220_cg119_4   -            644   1.1e-33  112.0   4.4   1   2   4.6e-15   2.9e-12   41.2   5.0    41   191    11   150     3   152 0.73 -
GT41.hmm             -            705 A5-S04_220_cg119_4   -            644   1.1e-33  112.0   4.4   2   2   5.2e-15   3.3e-12   41.0   0.0   123   191   218   286   217   545 0.84 -
GT41.hmm             -            705 A5-S04_220_cg119_8   -            715   2.1e-47  157.3  13.7   1   2   2.4e-24   1.5e-21   71.9   1.5    49   191    10   142     2   142 0.93 -
GT41.hmm             -            705 A5-S04_220_cg119_8   -            715   2.1e-47  157.3  13.7   2   2     1e-17   6.4e-15   50.0   0.2   120   191   138   210   136   210 0.94 -
GT41.hmm             -            705 A5-S04_220_cg127_7   -            700    5e-161  532.9  12.4   1   4     7e-15   4.5e-12   40.6   3.1    85   190    16   111     3   112 0.86 -
GT41.hmm             -            705 A5-S04_220_cg127_7   -            700    5e-161  532.9  12.4   2   4   1.4e-15   8.7e-13   42.9   0.1   123   204   180   261   177   269 0.92 -
GT41.hmm             -            705 A5-S04_220_cg127_7   -            700    5e-161  532.9  12.4   3   4     5e-55   3.2e-52  173.2   0.0   521   685   308   473   291   474 0.90 -
GT41.hmm             -            705 A5-S04_220_cg127_7   -            700    5e-161  532.9  12.4   4   4   8.5e-78   5.5e-75  248.5   0.0   304   516   462   693   461   698 0.96 -
CE10.hmm             -            341 A5-S04_220_cg151_8   -            801     9e-23   76.7   0.5   1   1   5.1e-25   1.6e-22   75.8   0.5    80   321   554   785   501   796 0.82 -
CE1.hmm              -            227 A5-S04_220_cg151_8   -            801   1.8e-22   75.5   0.2   1   1   1.8e-24   5.8e-22   73.8   0.2    10   198   558   765   549   796 0.72 -
CE4.hmm              -            130 A5-S04_220_cg153_1   -            252   1.2e-21   72.6   0.0   1   1   2.9e-24   1.9e-21   71.9   0.0    22   126    46   154    30   157 0.88 -
GT83.hmm             -            540 A5-S04_220_cg162_2   -            577   5.8e-88  291.0  53.6   1   1   1.1e-90   6.9e-88  290.8  53.6     5   500    10   506     6   539 0.78 -
GT2_Glycos_transf_2.hmm PF00535.25   170 A5-S04_220_cg162_4   -            257   1.1e-29   98.7   0.0   1   1   4.8e-32   1.5e-29   98.2   0.0     1   131    15   149    15   178 0.91 Glycosyl transferase family 2
GT2_Glyco_tranf_2_3.hmm PF13641.5    230 A5-S04_220_cg162_4   -            257   2.2e-15   52.4   0.0   1   1   1.2e-17   3.9e-15   51.6   0.0     4   136    14   145    12   191 0.86 Glycosyltransferase like family 2
AA4.hmm              -            522 A5-S04_220_cg166_5   -            475   3.4e-25   83.9   0.0   1   1   1.6e-22     5e-20   66.9   0.0    44   194    41   191     9   237 0.85 -
AA7.hmm              -            458 A5-S04_220_cg166_5   -            475   7.5e-17   57.4   0.4   1   1   1.3e-18   4.3e-16   54.9   0.4    12   210    48   256    42   269 0.91 -
GH3.hmm              -            216 A5-S04_220_cg170_19  -            348   6.5e-52  171.5   0.0   1   1   1.2e-54   7.9e-52  171.2   0.0     5   215    52   280    48   281 0.91 -
GH103.hmm            -            295 A5-S04_220_cg171_6   -            344   2.2e-94  311.1   0.0   1   1     4e-97   2.6e-94  310.9   0.0     6   294    44   334    40   335 0.94 -
CE10.hmm             -            341 A5-S04_220_cg174_11  -            647     3e-28   94.7   0.0   1   1     7e-31   4.5e-28   94.1   0.0    84   323   398   622   351   633 0.81 -
GT41.hmm             -            705 A5-S04_220_cg180_4   -            796   5.5e-31  103.1   2.7   1   1   5.8e-17   3.7e-14   47.4   1.0    61   191   467   587   364   587 0.84 -
CE10.hmm             -            341 A5-S04_220_cg188_6   -            465   3.9e-22   74.6   0.1   1   1   8.2e-25   5.2e-22   74.2   0.1    86   315   221   447   119   455 0.84 -
#
# Program:         hmmscan
# Version:         3.3.1 (Jul 2020)
# Pipeline mode:   SCAN
# Query file:      /beegfs/home/lxd/2_sea_metagenomics/6.metabat2/bins_redup_refinem_drep/derep_70_10/derepbins_prodigal/A5-S04_220.proteins.faa
# Target file:     /beegfs/home/lxd/4_salt_metagenomics/tools/CAZy/dbCAN-HMMdb-V8.txt
# Option settings: hmmscan --tblout A5-S04_220.tbl --domtblout A5-S04_220_dom.tbl --acc --noali --notextw -E 1e-14 --domE 1e-14 --cpu 30 /beegfs/home/lxd/4_salt_metagenomics/tools/CAZy/dbCAN-HMMdb-V8.txt /beegfs/home/lxd/2_sea_metagenomics/6.metabat2/bins_redup_refinem_drep/derep_70_10/derepbins_prodigal/A5-S04_220.proteins.faa 
# Current dir:     /beegfs/home/lxd/2_sea_metagenomics/6.metabat2/bins_redup_refinem_drep/derep_70_10/derepbins_cazy
# Date:            Thu Mar  4 10:19:21 2021
# [ok]
