#                                                                            --- full sequence --- -------------- this domain -------------   hmm coord   ali coord   env coord
# target name        accession   tlen query name           accession   qlen   E-value  score  bias   #  of  c-Evalue  i-Evalue  score  bias  from    to  from    to  from    to  acc description of target
#------------------- ---------- ----- -------------------- ---------- ----- --------- ------ ----- --- --- --------- --------- ------ ----- ----- ----- ----- ----- ----- ----- ---- ---------------------
GT83.hmm             -            540 A5-S03_68_cg3_1      -            314   1.1e-17   59.0  33.3   1   1   2.3e-20   1.5e-17   58.6  33.3    64   302    64   311    14   314 0.79 -
PL12.hmm             -            138 A5-S03_68_cg16_3     -            593   4.8e-15   51.4   0.0   1   1   1.2e-17   7.8e-15   50.7   0.0     1   127   345   477   345   482 0.90 -
GT41.hmm             -            705 A5-S03_68_cg35_2     -            581   2.5e-42  140.6   2.0   1   2   9.2e-22   5.9e-19   63.3   0.1    61   191    38   158    23   161 0.94 -
GT41.hmm             -            705 A5-S03_68_cg35_2     -            581   2.5e-42  140.6   2.0   2   2   2.6e-16   1.7e-13   45.3   0.1   120   191   154   226   153   227 0.94 -
AA1.hmm              -            943 A5-S03_68_cg37_2     -            359   2.5e-27   90.8   9.7   1   1   1.1e-29   3.5e-27   90.3   3.5   450   618    94   280    49   285 0.69 -
AA1_3.hmm            -            312 A5-S03_68_cg37_2     -            359   6.6e-16   53.6   0.6   1   1   4.6e-18   1.5e-15   52.5   0.1     8   132    81   203    73   212 0.83 -
GH23.hmm             -            135 A5-S03_68_cg38_2     -            621   3.1e-24   81.3   0.0   1   1   1.3e-26   8.6e-24   79.9   0.0    17   120   452   578   448   585 0.92 -
GT2_Glycos_transf_2.hmm PF00535.25   170 A5-S03_68_cg38_6     -            228   6.3e-17   57.2   0.0   1   1   1.2e-19   7.4e-17   57.0   0.0     1   128     4   125     4   166 0.85 Glycosyl transferase family 2
GT9.hmm              -            225 A5-S03_68_cg46_6     -            318   1.9e-39  131.2   0.5   1   1   4.7e-42     3e-39  130.5   0.5    22   205    84   274    76   295 0.80 -
GT4.hmm              -            160 A5-S03_68_cg46_8     -            350   9.3e-16   53.2   0.0   1   1   2.1e-18   1.4e-15   52.7   0.0    55   157   219   319   185   322 0.86 -
GT28.hmm             -            157 A5-S03_68_cg56_11    -            392   7.5e-45  147.8   0.4   1   1   2.5e-47   1.6e-44  146.7   0.1     2   155   196   356   195   358 0.96 -
CE11.hmm             -            271 A5-S03_68_cg103_5    -            129   2.2e-46  153.6   0.0   1   1   3.8e-49   2.4e-46  153.5   0.0     1   120     7   128     7   129 0.97 -
GT51.hmm             -            177 A5-S03_68_cg162_4    -            779   2.2e-64  211.5   0.0   1   1   5.4e-67   3.4e-64  210.9   0.0     1   176     6   184     6   185 0.96 -
GH73.hmm             -            128 A5-S03_68_cg165_1    -            338   2.5e-18   62.1   0.0   1   1   5.4e-21   3.5e-18   61.6   0.0    12   128   193   322   188   322 0.79 -
CE4.hmm              -            130 A5-S03_68_cg165_2    -            351     2e-27   91.2   0.0   1   1   5.1e-30   3.3e-27   90.6   0.0     4   124    91   218    88   223 0.93 -
GT41.hmm             -            705 A5-S03_68_cg170_6    -            483   6.4e-42  139.2   2.5   1   2   2.5e-23   1.6e-20   68.5   0.1    55   191    23   149     6   150 0.91 -
GT41.hmm             -            705 A5-S03_68_cg170_6    -            483   6.4e-42  139.2   2.5   2   2   4.2e-22   2.7e-19   64.4   0.4   118   205   143   223   142   308 0.82 -
GT28.hmm             -            157 A5-S03_68_cg173_3    -            372     4e-46  151.9   0.3   1   1   1.1e-48   7.2e-46  151.1   0.3     2   157   184   346   183   346 0.96 -
AA3_2.hmm            -            568 A5-S03_68_cg204_7    -            201   3.5e-52  173.1   0.1   1   1   1.9e-54     4e-52  172.9   0.1     2   158     6   151     5   167 0.88 -
AA3.hmm              -            618 A5-S03_68_cg204_7    -            201   6.6e-40  132.3   0.1   1   1   3.7e-42   7.9e-40  132.1   0.1    89   202     6   145     2   181 0.77 -
AA3_3.hmm            -            590 A5-S03_68_cg204_7    -            201   4.3e-27   90.0   0.0   1   1   2.3e-29     5e-27   89.7   0.0     3   143     7   147     5   159 0.88 -
GT41.hmm             -            705 A5-S03_68_cg206_3    -            608     1e-67  224.5   7.3   1   3   2.4e-24   1.5e-21   71.8   1.2    66   191     6   121     1   122 0.89 -
GT41.hmm             -            705 A5-S03_68_cg206_3    -            608     1e-67  224.5   7.3   2   3   3.1e-21     2e-18   61.6   0.0   122   191   120   189   118   190 0.96 -
GT41.hmm             -            705 A5-S03_68_cg206_3    -            608     1e-67  224.5   7.3   3   3     3e-20   1.9e-17   58.3   0.0   122   191   188   257   188   257 0.98 -
GT41.hmm             -            705 A5-S03_68_cg206_4    -            709  1.3e-116  386.1  54.8   1   7   4.4e-26   2.8e-23   77.6   5.8    44   191    24   161     1   161 0.82 -
GT41.hmm             -            705 A5-S03_68_cg206_4    -            709  1.3e-116  386.1  54.8   2   7   4.2e-21   2.7e-18   61.1   0.7   122   191   126   195   125   196 0.97 -
GT41.hmm             -            705 A5-S03_68_cg206_4    -            709  1.3e-116  386.1  54.8   3   7   1.3e-21   8.5e-19   62.8   0.8   123   191   161   229   159   230 0.98 -
GT41.hmm             -            705 A5-S03_68_cg206_4    -            709  1.3e-116  386.1  54.8   4   7   1.9e-21   1.2e-18   62.3   1.4   122   191   194   263   194   263 0.94 -
GT41.hmm             -            705 A5-S03_68_cg206_4    -            709  1.3e-116  386.1  54.8   5   7   1.4e-22   8.7e-20   66.0   1.3   122   191   228   297   228   298 0.96 -
GT41.hmm             -            705 A5-S03_68_cg206_4    -            709  1.3e-116  386.1  54.8   6   7   3.2e-23   2.1e-20   68.1   1.7   122   191   262   331   262   332 0.96 -
GT41.hmm             -            705 A5-S03_68_cg206_4    -            709  1.3e-116  386.1  54.8   7   7   8.6e-24   5.5e-21   70.0   0.9   122   203   296   369   296   389 0.92 -
AA4.hmm              -            522 A5-S03_68_cg210_7    -            250   4.5e-20   67.0   0.0   1   1   2.5e-22   7.9e-20   66.2   0.0    47   249    39   236     3   245 0.78 -
AA7.hmm              -            458 A5-S03_68_cg210_7    -            250     7e-18   60.7   1.7   1   1   3.2e-20     1e-17   60.2   1.7    13   199    44   241    36   249 0.83 -
GT20.hmm             -            475 A5-S03_68_cg225_2    -            440  4.3e-163  538.4   0.0   1   1  7.6e-166  4.9e-163  538.3   0.0    44   475     2   431     1   431 0.97 -
CE10.hmm             -            341 A5-S03_68_cg234_5    -            314   2.7e-69  229.7   0.2   1   1   4.8e-72   3.1e-69  229.4   0.2    43   338    26   311     4   313 0.82 -
GT41.hmm             -            705 A5-S03_68_cg239_1    -            565   5.5e-42  139.4   0.6   1   2   6.5e-23   4.1e-20   67.1   0.0    65   191    28   144    14   145 0.93 -
GT41.hmm             -            705 A5-S03_68_cg239_1    -            565   5.5e-42  139.4   0.6   2   2   1.6e-16     1e-13   46.0   0.1   123   191   144   212   143   214 0.92 -
GT2_Glycos_transf_2.hmm PF00535.25   170 A5-S03_68_cg242_2    -            243   3.9e-20   67.7   0.0   1   1   8.9e-23   5.7e-20   67.1   0.0     1   128     3   119     3   149 0.86 Glycosyl transferase family 2
GT41.hmm             -            705 A5-S03_68_cg248_1    -            139   5.3e-21   70.1   0.6   1   1   2.5e-23   1.6e-20   68.5   0.6    60   191    13   134     5   137 0.92 -
GT41.hmm             -            705 A5-S03_68_cg248_2    -            559   1.9e-48  160.8   5.9   1   2   1.4e-25   9.2e-23   75.9   1.9    62   191    19   138     2   140 0.92 -
GT41.hmm             -            705 A5-S03_68_cg248_2    -            559   1.9e-48  160.8   5.9   2   2   9.6e-19   6.2e-16   53.3   0.1   125   191   140   206   137   207 0.95 -
GT41.hmm             -            705 A5-S03_68_cg263_1    -            541     9e-15   49.5   1.3   1   1   4.3e-15   2.7e-12   41.3   1.3    63   199   352   478   180   527 0.86 -
GT41.hmm             -            705 A5-S03_68_cg273_5    -            448   1.9e-47  157.5   9.6   1   3   1.4e-18   8.9e-16   52.8   0.1    90   191    34   125    25   127 0.82 -
GT41.hmm             -            705 A5-S03_68_cg273_5    -            448   1.9e-47  157.5   9.6   2   3   3.7e-18   2.4e-15   51.4   1.5   122   191   124   193   122   194 0.93 -
GT41.hmm             -            705 A5-S03_68_cg273_5    -            448   1.9e-47  157.5   9.6   3   3   5.5e-21   3.5e-18   60.7   0.1   120   191   189   261   187   305 0.90 -
GT83.hmm             -            540 A5-S03_68_cg318_1    -            511   2.7e-45  150.2  56.6   1   1   5.6e-48   3.6e-45  149.8  56.6     9   391    26   393    21   424 0.76 -
GH15.hmm             -            361 A5-S03_68_cg342_3    -            596   4.6e-78  258.2   1.6   1   1   8.7e-81   5.6e-78  257.9   1.6     2   360   220   584   219   585 0.85 -
GT2_Glycos_transf_2.hmm PF00535.25   170 A5-S03_68_cg344_1    -            262   9.1e-32  105.5   0.1   1   2     9e-15   2.9e-12   42.0   0.0     1    51    15    65    15    80 0.90 Glycosyl transferase family 2
GT2_Glycos_transf_2.hmm PF00535.25   170 A5-S03_68_cg344_1    -            262   9.1e-32  105.5   0.1   2   2   8.6e-21   2.7e-18   61.6   0.1    46   167   101   215    94   218 0.85 Glycosyl transferase family 2
GT4.hmm              -            160 A5-S03_68_cg358_2    -            404   3.1e-34  113.3   0.0   1   1   1.5e-36   4.9e-34  112.6   0.0     7   157   209   360   205   364 0.94 -
GT5.hmm              -            472 A5-S03_68_cg358_2    -            404     3e-22   74.2   0.0   1   1   1.2e-24   3.8e-22   73.8   0.0   275   471   196   388   118   389 0.72 -
GT9.hmm              -            225 A5-S03_68_cg358_3    -            337   6.4e-39  129.4   0.0   1   1   1.4e-41   8.7e-39  129.0   0.0     4   195    87   308    84   325 0.78 -
GT83.hmm             -            540 A5-S03_68_cg363_2    -            567  3.4e-102  338.0  56.7   1   1  6.7e-105  4.3e-102  337.6  56.7     8   491    16   498    11   525 0.84 -
GT2_Glycos_transf_2.hmm PF00535.25   170 A5-S03_68_cg363_3    -            240   4.6e-27   90.2   0.1   1   1   1.1e-29   7.3e-27   89.5   0.1     1   163     3   163     3   166 0.93 Glycosyl transferase family 2
GT41.hmm             -            705 A5-S03_68_cg375_1    -            613   2.3e-45  150.6  19.5   1   2   5.7e-24   3.7e-21   70.6   3.0    76   191    96   201    93   202 0.94 -
GT41.hmm             -            705 A5-S03_68_cg375_1    -            613   2.3e-45  150.6  19.5   2   2   4.6e-17   2.9e-14   47.8   0.2   123   191   201   269   200   271 0.93 -
GH3.hmm              -            216 A5-S03_68_cg378_3    -            331   5.6e-43  142.3   0.0   1   1   1.1e-45   7.2e-43  141.9   0.0    10   215    47   269    38   270 0.93 -
GH109.hmm            -            126 A5-S03_68_cg407_7    -            388   8.4e-17   57.1   0.0   1   1   2.1e-19   1.3e-16   56.4   0.0     1   122     5   124     5   128 0.91 -
GT19.hmm             -            354 A5-S03_68_cg426_2    -            400  1.2e-122  404.2   0.0   1   1  2.2e-125  1.4e-122  404.0   0.0     1   352    12   368    12   370 0.96 -
GT41.hmm             -            705 A5-S03_68_cg430_3    -            278     7e-15   49.8   6.8   1   1   4.9e-15   3.2e-12   41.1   0.3    89   191    25   121     5   123 0.89 -
GT4.hmm              -            160 A5-S03_68_cg431_1    -            343   6.6e-35  115.5   0.0   1   1   3.1e-37     1e-34  114.9   0.0     5   157   164   310   160   313 0.96 -
GT5.hmm              -            472 A5-S03_68_cg431_1    -            343   2.6e-18   61.2   0.0   1   1   1.3e-20   4.2e-18   60.5   0.0   287   470   163   336   151   338 0.82 -
GT4.hmm              -            160 A5-S03_68_cg431_3    -            346     3e-15   51.6   0.0   1   1   6.3e-18     4e-15   51.1   0.0    56   157   220   319   174   322 0.81 -
GT30.hmm             -            177 A5-S03_68_cg448_4    -            449   2.5e-65  214.6   0.4   1   1   6.9e-66   4.4e-63  207.2   0.0     2   175    34   209    33   210 0.98 -
GT4.hmm              -            160 A5-S03_68_cg453_1    -            305   3.3e-24   80.7   0.0   1   1   1.4e-26   4.4e-24   80.3   0.0     7   149   122   263   116   273 0.95 -
GT5.hmm              -            472 A5-S03_68_cg453_1    -            305     5e-16   53.7   0.0   1   1   6.1e-18     2e-15   51.7   0.0   255   471    89   299    75   300 0.87 -
GT4.hmm              -            160 A5-S03_68_cg453_3    -            385     8e-30   98.9   0.0   1   1   2.4e-32   1.6e-29   98.0   0.0     6   159   193   348   190   349 0.93 -
GH103.hmm            -            295 A5-S03_68_cg464_2    -            348  2.6e-113  373.2   0.0   1   1  4.7e-116    3e-113  373.1   0.0     1   295    38   345    38   345 0.98 -
CBM50.hmm            -             40 A5-S03_68_cg479_1    -            330   2.6e-22   74.3   0.2   1   1   2.8e-15   1.8e-12   42.8   0.0     1    40    92   135    92   135 0.91 -
GT41.hmm             -            705 A5-S03_68_cg486_8    -            411   1.3e-46  154.7   7.1   1   2   4.6e-16   2.9e-13   44.5   0.0    85   191   159   255   155   257 0.93 -
GT41.hmm             -            705 A5-S03_68_cg486_8    -            411   1.3e-46  154.7   7.1   2   2   3.5e-15   2.2e-12   41.5   0.1    81   191   223   323   222   324 0.95 -
AA4.hmm              -            522 A5-S03_68_cg490_5    -            496   2.1e-26   87.9   0.0   1   1   4.6e-23   1.5e-20   68.6   0.1    13   259    13   250     3   257 0.87 -
AA7.hmm              -            458 A5-S03_68_cg490_5    -            496   2.6e-20   68.7   5.1   1   1   1.3e-22   4.2e-20   68.1   5.1    13   199    50   243    46   251 0.91 -
GT4.hmm              -            160 A5-S03_68_cg506_3    -            378   3.1e-29   97.0   0.0   1   1   7.1e-32   4.6e-29   96.5   0.0    26   160   214   345   190   345 0.90 -
GT2_Glycos_transf_2.hmm PF00535.25   170 A5-S03_68_cg517_5    -            336     7e-31  102.6   0.0   1   1   1.4e-33   9.3e-31  102.2   0.0     2   169    24   190    23   191 0.94 Glycosyl transferase family 2
#
# Program:         hmmscan
# Version:         3.3.1 (Jul 2020)
# Pipeline mode:   SCAN
# Query file:      /beegfs/home/lxd/2_sea_metagenomics/6.metabat2/bins_redup_refinem_drep/derep_70_10/derepbins_prodigal/A5-S03_68.proteins.faa
# Target file:     /beegfs/home/lxd/4_salt_metagenomics/tools/CAZy/dbCAN-HMMdb-V8.txt
# Option settings: hmmscan --tblout A5-S03_68.tbl --domtblout A5-S03_68_dom.tbl --acc --noali --notextw -E 1e-14 --domE 1e-14 --cpu 30 /beegfs/home/lxd/4_salt_metagenomics/tools/CAZy/dbCAN-HMMdb-V8.txt /beegfs/home/lxd/2_sea_metagenomics/6.metabat2/bins_redup_refinem_drep/derep_70_10/derepbins_prodigal/A5-S03_68.proteins.faa 
# Current dir:     /beegfs/home/lxd/2_sea_metagenomics/6.metabat2/bins_redup_refinem_drep/derep_70_10/derepbins_cazy
# Date:            Thu Mar  4 09:32:12 2021
# [ok]
