#                                                                            --- full sequence --- -------------- this domain -------------   hmm coord   ali coord   env coord
# target name        accession   tlen query name           accession   qlen   E-value  score  bias   #  of  c-Evalue  i-Evalue  score  bias  from    to  from    to  from    to  acc description of target
#------------------- ---------- ----- -------------------- ---------- ----- --------- ------ ----- --- --- --------- --------- ------ ----- ----- ----- ----- ----- ----- ----- ---- ---------------------
GT51.hmm             -            177 A5-S03_23_cg27_6     -            747   1.1e-57  189.6   0.0   1   1     3e-60   1.9e-57  188.9   0.0     2   166    56   221    55   245 0.92 -
GH84.hmm             -            295 A5-S03_23_cg60_3     -            431   2.8e-59  196.1   0.0   1   1   5.4e-62   3.5e-59  195.7   0.0     2   292    12   317    11   322 0.97 -
GT30.hmm             -            177 A5-S03_23_cg70_5     -            313     9e-32  105.3   0.0   1   1   2.6e-34   1.6e-31  104.4   0.0     5   170    40   211    31   213 0.86 -
GT2_Glycos_transf_2.hmm PF00535.25   170 A5-S03_23_cg77_2     -            495   1.2e-15   53.0   0.0   1   1   4.5e-18   2.9e-15   51.8   0.0     2   167    92   271    91   273 0.90 Glycosyl transferase family 2
GH103.hmm            -            295 A5-S03_23_cg78_1     -            190   9.6e-29   95.6   1.3   1   1   4.2e-31   2.7e-28   94.2   0.1   121   204    35   117    28   122 0.95 -
GT9.hmm              -            225 A5-S03_23_cg82_2     -            365   1.5e-49  164.3   0.3   1   1   6.9e-52   4.4e-49  162.7   0.0     3   203   102   331   100   350 0.84 -
GT9.hmm              -            225 A5-S03_23_cg84_3     -            375     1e-34  115.7   0.0   1   1     2e-37   1.3e-34  115.4   0.0     2   219    90   338    89   344 0.77 -
GT41.hmm             -            705 A5-S03_23_cg91_4     -            603   2.1e-76  253.2  12.6   1   2   7.1e-20   4.5e-17   57.1   0.2    82   191   148   249   145   251 0.95 -
GT41.hmm             -            705 A5-S03_23_cg91_4     -            603   2.1e-76  253.2  12.6   2   2   4.8e-18   3.1e-15   51.0   0.0   123   191   317   385   316   387 0.97 -
GH23.hmm             -            135 A5-S03_23_cg96_3     -            223   6.4e-22   73.8   1.7   1   1   1.5e-24   9.7e-22   73.2   1.7     6   124    79   210    74   217 0.90 -
CE3.hmm              -            194 A5-S03_23_cg135_3    -            234   1.5e-15   52.9   0.0   1   1   2.1e-17   1.4e-14   49.8   0.0     3   192    55   225    54   227 0.87 -
CE10.hmm             -            341 A5-S03_23_cg139_4    -            289   1.7e-33  111.9   0.2   1   1   3.5e-36   2.3e-33  111.5   0.2    35   309    14   260     4   282 0.83 -
GH102.hmm            -            157 A5-S03_23_cg141_7    -            402   1.8e-48  159.8   0.0   1   1   3.8e-51   2.5e-48  159.4   0.0     1   157   125   281   125   281 0.98 -
CE10.hmm             -            341 A5-S03_23_cg145_3    -            314   1.7e-67  223.7   0.1   1   1   3.3e-70   2.1e-67  223.4   0.1    44   334    27   307     5   311 0.83 -
GH23.hmm             -            135 A5-S03_23_cg147_4    -            763   3.7e-26   87.5   0.1   1   1   5.8e-29   3.7e-26   87.5   0.1    14   122   605   732   593   739 0.88 -
GT2_Glycos_transf_2.hmm PF00535.25   170 A5-S03_23_cg183_2    -            226     2e-16   55.5   0.0   1   1   4.8e-19   3.1e-16   54.9   0.0     1   115     4   105     4   147 0.84 Glycosyl transferase family 2
GT2_Glycos_transf_2.hmm PF00535.25   170 A5-S03_23_cg203_1    -            354   1.1e-34  115.0   0.0   1   1   2.5e-37   1.6e-34  114.5   0.0     1   162    16   178    16   184 0.89 Glycosyl transferase family 2
GT19.hmm             -            354 A5-S03_23_cg223_2    -            400  6.2e-109  359.1   0.0   1   1  1.1e-111    7e-109  358.9   0.0     2   352     4   357     3   359 0.98 -
GH23.hmm             -            135 A5-S03_23_cg263_3    -            383   1.9e-24   82.0   3.0   1   1   4.6e-27   2.9e-24   81.4   2.0     3   120   107   242   105   253 0.91 -
GT9.hmm              -            225 A5-S03_23_cg289_13   -            347   1.5e-57  190.4   0.0   1   1   3.3e-60   2.1e-57  189.9   0.0     3   221    79   321    78   324 0.90 -
GT51.hmm             -            177 A5-S03_23_cg289_15   -            792   3.4e-61  201.1   0.0   1   1   9.9e-64   6.4e-61  200.2   0.0     2   176    40   213    39   214 0.98 -
GT9.hmm              -            225 A5-S03_23_cg301_6    -            342   1.9e-45  150.8   0.2   1   1   4.1e-48   2.6e-45  150.3   0.2     3   211    70   305    68   320 0.83 -
CBM50.hmm            -             40 A5-S03_23_cg307_10   -            792   4.8e-22   73.4   2.5   1   1   5.1e-15   1.6e-12   42.9   0.1     2    40   530   572   530   572 0.89 -
GH23.hmm             -            135 A5-S03_23_cg307_10   -            792   1.7e-17   59.5   0.4   1   1   1.3e-19   4.2e-17   58.2   0.0     8   104   297   395   291   438 0.83 -
GT1.hmm              -            382 A5-S03_23_cg313_2    -            385   3.5e-22   75.2  24.9   1   1   1.6e-24   5.1e-22   74.6  24.9    33   381     6   374     2   381 0.92 -
GT28.hmm             -            157 A5-S03_23_cg313_2    -            385   1.8e-15   52.3   0.0   1   1     2e-17   6.5e-15   50.5   0.0     2   140   208   352   207   369 0.80 -
GT4.hmm              -            160 A5-S03_23_cg313_3    -            412   8.7e-32  105.3   0.0   1   1   2.1e-34   1.3e-31  104.7   0.0     4   159   218   378   217   379 0.96 -
CE4.hmm              -            130 A5-S03_23_cg315_9    -            300   1.2e-16   56.4   0.0   1   1   4.8e-19   3.1e-16   55.1   0.0    24   126    81   184    65   188 0.84 -
GH23.hmm             -            135 A5-S03_23_cg349_3    -            542   5.5e-29   96.7   2.0   1   1   3.6e-31   1.1e-28   95.7   2.0    11   125   184   316   174   323 0.90 -
CE11.hmm             -            271 A5-S03_23_cg353_5    -            317  8.6e-102  335.3   0.0   1   1  1.6e-104  9.9e-102  335.1   0.0     1   270    26   296    26   297 0.99 -
GT4.hmm              -            160 A5-S03_23_cg361_1    -            418   2.2e-29   97.5   0.0   1   1   1.1e-31   3.5e-29   96.8   0.0    12   158   233   376   231   378 0.94 -
GT5.hmm              -            472 A5-S03_23_cg361_1    -            418   3.4e-19   64.1   0.0   1   1     8e-18   2.5e-15   51.3   0.0   295   471   233   402   227   403 0.87 -
GT4.hmm              -            160 A5-S03_23_cg361_2    -            415   6.9e-33  108.9   0.0   1   1   3.2e-35     1e-32  108.3   0.0     6   158   229   379   227   381 0.93 -
GT5.hmm              -            472 A5-S03_23_cg361_2    -            415   5.4e-17   56.8   0.0   1   1   4.6e-16   1.5e-13   45.5   0.0   292   471   232   405   188   406 0.84 -
GT20.hmm             -            475 A5-S03_23_cg382_4    -            505  3.2e-172  568.5   0.0   1   1  6.7e-175  4.3e-172  568.1   0.0    12   472    11   475     2   475 0.95 -
GH15.hmm             -            361 A5-S03_23_cg385_2    -            542   7.9e-72  237.7   0.4   1   1   1.6e-74     1e-71  237.3   0.4     2   303   225   541   224   542 0.85 -
GT41.hmm             -            705 A5-S03_23_cg397_7    -            270   6.4e-45  149.1  11.2   1   3   4.8e-20   3.1e-17   57.6   0.4    81   191    74   174    72   175 0.95 -
GT41.hmm             -            705 A5-S03_23_cg397_7    -            270   6.4e-45  149.1  11.2   2   3   1.4e-17   9.2e-15   49.4   0.1   120   191   136   208   133   208 0.94 -
GT41.hmm             -            705 A5-S03_23_cg397_7    -            270   6.4e-45  149.1  11.2   3   3   4.9e-15   3.1e-12   41.1   0.0   122   191   173   242   171   256 0.93 -
AA4.hmm              -            522 A5-S03_23_cg400_1    -            438   1.9e-27   91.4   0.0   1   1   1.1e-28   3.6e-26   87.1   0.1    19   247    19   237     4   253 0.82 -
AA7.hmm              -            458 A5-S03_23_cg400_1    -            438   5.8e-16   54.4   2.4   1   1   2.9e-18   9.4e-16   53.7   2.4    12   194    49   238    45   253 0.88 -
AA1.hmm              -            943 A5-S03_23_cg428_1    -            305   4.1e-20   66.9   0.3   1   1   7.6e-23   4.9e-20   66.6   0.3   443   593    57   241    29   270 0.68 -
GH103.hmm            -            295 A5-S03_23_cg431_1    -            268   1.4e-45  150.9   0.0   1   1   9.6e-48   6.2e-45  148.8   0.0     8   204    43   265    35   267 0.91 -
AA4.hmm              -            522 A5-S03_23_cg455_1    -            132   1.9e-17   58.3   0.0   1   1   3.5e-20   2.3e-17   58.1   0.0     9   139     3   129     1   131 0.91 -
CE4.hmm              -            130 A5-S03_23_cg458_2    -            299   1.6e-18   62.5   0.1   1   1   4.6e-21     3e-18   61.6   0.1    19   126    73   181    62   184 0.82 -
GT4.hmm              -            160 A5-S03_23_cg475_3    -            381   1.8e-29   97.8   0.0   1   1     4e-32   2.6e-29   97.3   0.0    11   159   196   348   187   349 0.94 -
GT41.hmm             -            705 A5-S03_23_cg487_6    -            787   3.1e-60  199.8  29.2   1   1   1.4e-20   9.2e-18   59.4   1.6    63   191    12   130     3   131 0.93 -
GH15.hmm             -            361 A5-S03_23_cg493_6    -            605   8.1e-77  254.1   0.1   1   1   1.6e-79     1e-76  253.8   0.1     2   360   225   590   224   591 0.89 -
#
# Program:         hmmscan
# Version:         3.3.1 (Jul 2020)
# Pipeline mode:   SCAN
# Query file:      /beegfs/home/lxd/2_sea_metagenomics/6.metabat2/bins_redup_refinem_drep/derep_70_10/derepbins_prodigal/A5-S03_23.proteins.faa
# Target file:     /beegfs/home/lxd/4_salt_metagenomics/tools/CAZy/dbCAN-HMMdb-V8.txt
# Option settings: hmmscan --tblout A5-S03_23.tbl --domtblout A5-S03_23_dom.tbl --acc --noali --notextw -E 1e-14 --domE 1e-14 --cpu 30 /beegfs/home/lxd/4_salt_metagenomics/tools/CAZy/dbCAN-HMMdb-V8.txt /beegfs/home/lxd/2_sea_metagenomics/6.metabat2/bins_redup_refinem_drep/derep_70_10/derepbins_prodigal/A5-S03_23.proteins.faa 
# Current dir:     /beegfs/home/lxd/2_sea_metagenomics/6.metabat2/bins_redup_refinem_drep/derep_70_10/derepbins_cazy
# Date:            Thu Mar  4 09:16:23 2021
# [ok]
