#                                                                            --- full sequence --- -------------- this domain -------------   hmm coord   ali coord   env coord
# target name        accession   tlen query name           accession   qlen   E-value  score  bias   #  of  c-Evalue  i-Evalue  score  bias  from    to  from    to  from    to  acc description of target
#------------------- ---------- ----- -------------------- ---------- ----- --------- ------ ----- --- --- --------- --------- ------ ----- ----- ----- ----- ----- ----- ----- ---- ---------------------
GT2_Glycos_transf_2.hmm PF00535.25   170 A5-S04_187_cg7_4     -            233   7.7e-29   96.0   1.0   1   1   4.5e-31   1.4e-28   95.1   0.4     1   124     8   128     8   158 0.87 Glycosyl transferase family 2
GT2_Glyco_tranf_2_3.hmm PF13641.5    230 A5-S04_187_cg7_4     -            233   2.8e-16   55.4   0.2   1   1   8.5e-17   2.7e-14   48.9   0.1     1   124     5   122     4   140 0.82 Glycosyltransferase like family 2
AA3_2.hmm            -            568 A5-S04_187_cg12_31   -            510  7.4e-120  396.5   0.0   1   2   2.5e-83   3.3e-81  269.0   0.0     3   344     2   322     1   340 0.87 -
AA3_2.hmm            -            568 A5-S04_187_cg12_31   -            510  7.4e-120  396.5   0.0   2   2   3.3e-40   4.2e-38  126.6   0.0   411   566   344   501   308   503 0.89 -
AA3.hmm              -            618 A5-S04_187_cg12_31   -            510   3.8e-84  278.5   0.0   1   1   3.4e-86   4.4e-84  278.2   0.0    90   400     2   503     1   507 0.86 -
AA3_3.hmm            -            590 A5-S04_187_cg12_31   -            510   1.9e-59  196.8   0.0   1   1     2e-48   2.6e-46  153.4   0.0     3   316     2   301     1   316 0.86 -
AA3_1.hmm            -            548 A5-S04_187_cg12_31   -            510   1.9e-46  154.0   0.0   1   2   8.9e-15   1.1e-12   42.5   0.0    17   141     2   123     1   136 0.76 -
AA3_1.hmm            -            548 A5-S04_187_cg12_31   -            510   1.9e-46  154.0   0.0   2   2     1e-24   1.3e-22   75.3   0.0   194   334   184   311   171   335 0.86 -
AA8.hmm              -            815 A5-S04_187_cg12_31   -            510   2.2e-33  110.5   0.1   1   1   7.8e-20     1e-17   58.7   0.0   436   561   197   309   184   323 0.86 -
AA3_2.hmm            -            568 A5-S04_187_cg12_37   -            538  1.2e-173  574.1   0.0   1   1  1.1e-175  1.4e-173  573.9   0.0     2   567     3   533     2   534 0.97 -
AA3.hmm              -            618 A5-S04_187_cg12_37   -            538  3.4e-106  351.3   0.0   1   1  2.9e-108  3.8e-106  351.1   0.0    88   401     2   535     1   537 0.88 -
AA3_3.hmm            -            590 A5-S04_187_cg12_37   -            538     1e-83  276.9   0.1   1   2   7.4e-67   9.5e-65  214.3   0.0     2   326     3   315     2   332 0.88 -
AA3_3.hmm            -            590 A5-S04_187_cg12_37   -            538     1e-83  276.9   0.1   2   2   1.1e-15   1.5e-13   45.3   0.0   522   587   469   533   455   535 0.90 -
AA3_1.hmm            -            548 A5-S04_187_cg12_37   -            538   2.7e-63  209.6   0.0   1   1   2.6e-65   3.4e-63  209.3   0.0    15   546     2   533     1   535 0.80 -
AA8.hmm              -            815 A5-S04_187_cg12_37   -            538   1.2e-50  167.6   0.0   1   1   6.2e-52     8e-50  164.8   0.0   245   778     3   536     1   537 0.80 -
GT2_Glycos_transf_2.hmm PF00535.25   170 A5-S04_187_cg13_12   -            221   2.9e-16   55.0   0.0   1   1   7.6e-19   4.9e-16   54.3   0.0     1   131     4   119     4   150 0.82 Glycosyl transferase family 2
GT2_Glycos_transf_2.hmm PF00535.25   170 A5-S04_187_cg14_9    -            253   3.2e-20   67.9   0.0   1   1   6.8e-23   4.3e-20   67.5   0.0     2   167     9   169     8   171 0.94 Glycosyl transferase family 2
CE4.hmm              -            130 A5-S04_187_cg23_4    -            279   9.3e-20   66.4   0.0   1   1   2.4e-22   1.5e-19   65.8   0.0     9   127     5   147     1   149 0.78 -
GT4.hmm              -            160 A5-S04_187_cg24_1    -            538   5.4e-20   67.0   0.0   1   1   1.4e-22   8.7e-20   66.3   0.0     8   154   211   356   206   362 0.90 -
GT9.hmm              -            225 A5-S04_187_cg24_2    -            347   8.8e-45  148.6   0.0   1   1   1.7e-47   1.1e-44  148.3   0.0     2   219    76   309    75   315 0.81 -
GT9.hmm              -            225 A5-S04_187_cg24_3    -            338   4.3e-52  172.5   0.0   1   1   8.6e-55   5.5e-52  172.2   0.0     1   221    71   314    71   318 0.87 -
GH20.hmm             -            337 A5-S04_187_cg26_10   -            607   1.8e-45  151.0   0.0   1   1   4.2e-48   2.7e-45  150.5   0.0     8   258   125   378   119   439 0.78 -
GT4.hmm              -            160 A5-S04_187_cg27_1    -            349   1.4e-35  117.7   0.0   1   1   2.9e-38   1.8e-35  117.3   0.0     8   158   168   318   164   321 0.95 -
AA4.hmm              -            522 A5-S04_187_cg34_1    -            460   6.4e-25   83.0   0.3   1   1     2e-23   6.3e-21   69.8   0.2    15   252     2   232     1   249 0.84 -
AA7.hmm              -            458 A5-S04_187_cg34_1    -            460   9.5e-20   66.9   1.1   1   1   6.3e-22     2e-19   65.8   0.2    12   205    38   240    34   252 0.86 -
CE1.hmm              -            227 A5-S04_187_cg46_4    -            342   8.2e-31  102.8   0.1   1   1   1.8e-33   1.1e-30  102.3   0.1     8   208    34   323    30   335 0.82 -
GT41.hmm             -            705 A5-S04_187_cg54_7    -            666   4.1e-20   67.1  10.8   1   1     2e-15   1.3e-12   42.4   1.8    50   191   444   575   433   579 0.86 -
GH103.hmm            -            295 A5-S04_187_cg57_11   -            371   1.2e-95  315.3   0.0   1   1   2.6e-98   1.7e-95  314.8   0.0     8   294    38   358    32   359 0.92 -
GT41.hmm             -            705 A5-S04_187_cg57_21   -            586   4.2e-24   80.3   8.3   1   1   3.4e-16   2.2e-13   44.9   0.1    49   216   402   549   376   561 0.71 -
CE11.hmm             -            271 A5-S04_187_cg97_9    -            310  1.5e-111  367.3   0.1   1   1  2.7e-114  1.7e-111  367.1   0.1     1   270     4   279     4   280 0.98 -
CE10.hmm             -            341 A5-S04_187_cg100_2   -            651   1.6e-25   85.7   0.0   1   1   3.9e-28   2.5e-25   85.1   0.0    77   316   383   615   366   624 0.86 -
GH23.hmm             -            135 A5-S04_187_cg100_5   -            666   4.7e-28   93.7   3.7   1   1     1e-30   6.6e-28   93.2   0.1    20   118   497   613   482   623 0.93 -
GH74.hmm             -            233 A5-S04_187_cg102_2   -           1094     8e-54  177.8  19.0   1   1   4.3e-17   2.7e-14   48.4   2.8    26   138   104   222    97   235 0.77 -
CE10.hmm             -            341 A5-S04_187_cg107_5   -            304     8e-53  175.5   0.0   1   1   1.6e-55     1e-52  175.2   0.0    58   335    19   297     2   302 0.78 -
GT5.hmm              -            472 A5-S04_187_cg109_1   -            493  1.1e-103  342.7   0.0   1   1  1.9e-106  1.2e-103  342.5   0.0    33   471     2   489     1   490 0.83 -
GH23.hmm             -            135 A5-S04_187_cg120_7   -            563   1.6e-23   79.0   0.0   1   1   1.8e-25   5.7e-23   77.2   0.0     6   130   133   275   128   280 0.90 -
CE4.hmm              -            130 A5-S04_187_cg140_5   -            376   3.2e-28   93.8   0.0   1   1   7.9e-31   5.1e-28   93.2   0.0     4   123   100   233    97   238 0.91 -
AA3_2.hmm            -            568 A5-S04_187_cg142_1   -             76   1.4e-26   88.6   0.3   1   1   9.4e-29   1.5e-26   88.5   0.3   499   567     2    71     1    72 0.96 -
AA3.hmm              -            618 A5-S04_187_cg142_1   -             76   2.6e-24   80.8   0.8   1   1   1.7e-26   2.7e-24   80.8   0.8   333   399     4    71     1    75 0.94 -
AA3_3.hmm            -            590 A5-S04_187_cg142_1   -             76   8.2e-18   59.3   0.1   1   1   5.7e-20   9.1e-18   59.2   0.1   518   587     1    71     1    73 0.93 -
AA3_1.hmm            -            548 A5-S04_187_cg142_1   -             76   4.2e-16   53.8   0.3   1   1     3e-18   4.8e-16   53.7   0.3   482   546     8    71     3    73 0.94 -
CE10.hmm             -            341 A5-S04_187_cg143_3   -            274   2.3e-25   85.2   0.0   1   1   4.6e-28   2.9e-25   84.9   0.0    73   334    34   264    15   269 0.81 -
GH165.hmm            -            635 A5-S04_187_cg150_2   -            505   1.9e-51  170.4   0.0   1   1   4.1e-54   2.7e-51  169.9   0.0   166   592    54   483    39   498 0.82 -
GT41.hmm             -            705 A5-S04_187_cg159_3   -            253   9.9e-18   59.2   0.0   1   1   6.1e-16   3.9e-13   44.1   0.0    78   188    31   131    19   138 0.90 -
GT51.hmm             -            177 A5-S04_187_cg161_1   -            790   3.1e-61  201.2   0.0   1   1   7.4e-64   4.8e-61  200.6   0.0     3   176    57   230    55   231 0.96 -
AA1.hmm              -            943 A5-S04_187_cg174_2   -            444   5.9e-50  165.6  18.1   1   2   1.7e-36   2.7e-34  113.8   2.9   450   567    75   205    23   231 0.77 -
AA1.hmm              -            943 A5-S04_187_cg174_2   -            444   5.9e-50  165.6  18.1   2   2   1.4e-19   2.3e-17   57.8   7.6   455   541   228   322   218   334 0.84 -
AA1_2.hmm            -            337 A5-S04_187_cg174_2   -            444   1.7e-26   88.3   4.4   1   1   1.1e-27   1.7e-25   85.0   1.0     6   122    91   206    86   215 0.92 -
AA1_3.hmm            -            312 A5-S04_187_cg174_2   -            444   4.2e-26   87.1  10.9   1   1   3.8e-28     6e-26   86.6   7.6    13   151    67   206    59   274 0.86 -
AA1_1.hmm            -            303 A5-S04_187_cg174_2   -            444   1.5e-18   62.2   0.1   1   1   3.6e-20   5.7e-18   60.3   0.1    13   210    92   274    83   282 0.69 -
AA4.hmm              -            522 A5-S04_187_cg176_1   -            478   2.4e-29   97.6   0.0   1   1   1.8e-26   5.7e-24   79.9   0.4    16   239     5   217     1   244 0.84 -
AA7.hmm              -            458 A5-S04_187_cg176_1   -            478   3.1e-18   61.9   2.6   1   1   1.7e-20   5.3e-18   61.1   2.6    12   194    37   226    34   241 0.89 -
GT19.hmm             -            354 A5-S04_187_cg187_12  -            407  1.6e-119  393.9   0.0   1   1    3e-122  1.9e-119  393.7   0.0     1   353    20   378    20   379 0.96 -
GT4.hmm              -            160 A5-S04_187_cg189_3   -            373   4.2e-29   96.6   0.0   1   1   9.7e-32   6.2e-29   96.0   0.0     4   160   188   341   185   341 0.93 -
AA6.hmm              -            195 A5-S04_187_cg190_15  -            154   5.7e-17   57.1   0.0   1   1   2.3e-19   1.5e-16   55.8   0.0     2   124     4   109     3   115 0.82 -
GT4.hmm              -            160 A5-S04_187_cg200_2   -            381   3.6e-31  103.3   0.0   1   1     1e-33   6.7e-31  102.4   0.0    11   150   204   338   195   348 0.93 -
GT4.hmm              -            160 A5-S04_187_cg202_3   -            382   2.4e-32  107.1   0.0   1   1   6.6e-35   4.2e-32  106.3   0.0    13   156   198   344   190   348 0.92 -
GT2_Glycos_transf_2.hmm PF00535.25   170 A5-S04_187_cg202_10  -            315   6.3e-26   86.5   0.1   1   1   1.3e-28   8.2e-26   86.1   0.1     1   123     5   129     5   166 0.91 Glycosyl transferase family 2
GT41.hmm             -            705 A5-S04_187_cg202_19  -            285   2.6e-32  107.4  10.4   1   2   6.2e-17     4e-14   47.3   1.9    60   189    28   148    17   151 0.88 -
GT41.hmm             -            705 A5-S04_187_cg202_19  -            285   2.6e-32  107.4  10.4   2   2   1.7e-15   1.1e-12   42.6   0.3   124   191   154   221   149   223 0.95 -
GT4.hmm              -            160 A5-S04_187_cg203_1   -            349   6.3e-23   76.5   0.0   1   1   1.7e-25   1.1e-22   75.7   0.0     6   141   210   342   207   348 0.88 -
GT4.hmm              -            160 A5-S04_187_cg203_2   -            417   4.2e-35  116.1   0.0   1   1   4.1e-37   1.3e-34  114.5   0.0     7   159   230   386   225   387 0.95 -
GT5.hmm              -            472 A5-S04_187_cg203_2   -            417   1.2e-25   85.4   0.0   1   1   1.7e-24   5.3e-22   73.3   0.0   286   472   228   412   160   412 0.85 -
GT4.hmm              -            160 A5-S04_187_cg203_3   -            395   5.1e-26   86.6   0.0   1   1   1.3e-28   8.5e-26   85.8   0.0    10   157   214   364   207   367 0.91 -
GT2_Glycos_transf_2.hmm PF00535.25   170 A5-S04_187_cg203_4   -            121   2.1e-22   75.0   0.0   1   1   3.8e-25   2.4e-22   74.8   0.0     1   109     6   114     6   119 0.91 Glycosyl transferase family 2
GT41.hmm             -            705 A5-S04_187_cg209_5   -            539     3e-24   80.8   4.5   1   1   4.6e-18     3e-15   51.1   0.4    56   191    15   167     3   168 0.65 -
AA1.hmm              -            943 A5-S04_187_cg234_10  -            647   1.3e-71  237.3   8.4   1   2   3.5e-60   5.5e-58  192.2   0.6   452   705    65   363    24   380 0.80 -
AA1.hmm              -            943 A5-S04_187_cg234_10  -            647   1.3e-71  237.3   8.4   2   2   6.4e-17     1e-14   49.0   1.8   462   538   559   637   518   640 0.87 -
AA1_3.hmm            -            312 A5-S04_187_cg234_10  -            647   5.2e-52  172.2   1.8   1   1   7.5e-51   1.2e-48  161.2   0.1    10   262    41   326    33   340 0.86 -
AA1_2.hmm            -            337 A5-S04_187_cg234_10  -            647   5.8e-49  162.2   5.6   1   1   6.9e-48   1.1e-45  151.4   1.2     2   256    63   356    62   445 0.81 -
AA1_1.hmm            -            303 A5-S04_187_cg234_10  -            647   6.1e-34  112.8   0.1   1   1   2.8e-26   4.4e-24   80.4   0.1     4   166    59   208    56   254 0.85 -
AA3_2.hmm            -            568 A5-S04_187_cg253_5   -            546  4.2e-159  526.1   0.0   1   1    4e-161  5.1e-159  525.8   0.0     3   567     5   535     3   536 0.94 -
AA3.hmm              -            618 A5-S04_187_cg253_5   -            546  3.8e-103  341.2   0.0   1   1  3.6e-105  4.6e-103  340.9   0.0    86   400     1   536     1   540 0.88 -
AA3_3.hmm            -            590 A5-S04_187_cg253_5   -            546   2.1e-90  299.0   1.5   1   2   2.2e-69   2.8e-67  222.7   0.1     2   317     4   307     3   318 0.94 -
AA3_3.hmm            -            590 A5-S04_187_cg253_5   -            546   2.1e-90  299.0   1.5   2   2   8.2e-19   1.1e-16   55.7   0.1   507   589   456   537   453   537 0.93 -
AA3_1.hmm            -            548 A5-S04_187_cg253_5   -            546   1.7e-54  180.6   0.0   1   1   3.9e-56     5e-54  179.0   0.0    15   544     3   533     1   536 0.78 -
AA8.hmm              -            815 A5-S04_187_cg253_5   -            546   3.8e-38  126.2   0.2   1   1   1.8e-32   2.3e-30  100.5   0.0   331   773    87   533    83   543 0.78 -
GH73.hmm             -            128 A5-S04_187_cg267_4   -            285   3.9e-27   90.6   0.0   1   1   8.7e-30   5.6e-27   90.0   0.0     9   128   146   275   141   275 0.83 -
GH68.hmm             -            417 A5-S04_187_cg272_9   -            377   1.6e-89  296.3   0.0   1   2   5.5e-47   3.5e-44  146.9   0.0    34   230    18   215     6   220 0.92 -
GH68.hmm             -            417 A5-S04_187_cg272_9   -            377   1.6e-89  296.3   0.0   2   2   2.9e-47   1.9e-44  147.8   0.0   259   406   221   372   215   376 0.95 -
GT30.hmm             -            177 A5-S04_187_cg293_3   -            421   9.3e-64  209.4   0.0   1   1   3.8e-66   2.4e-63  208.1   0.0     2   176    34   211    33   212 0.97 -
PL22.hmm             -            265 A5-S04_187_cg304_1   -            455   1.3e-27   91.9   0.0   1   1   1.2e-16   7.7e-14   46.8   0.0   140   244   290   394   285   410 0.84 -
CE10.hmm             -            341 A5-S04_187_cg305_10  -            304     3e-34  114.4   0.0   1   1   6.4e-37   4.1e-34  114.0   0.0    68   302    51   271    26   287 0.73 -
GT4.hmm              -            160 A5-S04_187_cg306_2   -            437   1.9e-34  113.9   0.0   1   1   1.1e-36   3.6e-34  113.1   0.0     9   155   248   392   241   396 0.94 -
GT5.hmm              -            472 A5-S04_187_cg306_2   -            437   1.6e-21   71.8   0.0   1   1   2.1e-21   6.8e-19   63.1   0.0    15   471    33   421    31   422 0.76 -
GH109.hmm            -            126 A5-S04_187_cg314_1   -            342   2.1e-23   78.4   0.0   1   1     7e-26   4.5e-23   77.3   0.0     1   124     2   116     2   118 0.91 -
GH3.hmm              -            216 A5-S04_187_cg353_4   -            300   1.5e-63  209.5   0.1   1   1     3e-66   1.9e-63  209.2   0.1     5   216    72   277    68   277 0.97 -
AA4.hmm              -            522 A5-S04_187_cg357_1   -            494   1.1e-27   92.2   0.1   1   1   8.6e-26   2.8e-23   77.6   0.3    12   257    10   245     2   265 0.85 -
AA7.hmm              -            458 A5-S04_187_cg357_1   -            494   4.9e-21   71.2   0.3   1   1   2.7e-23   8.8e-21   70.3   0.3    12   197    47   239    43   254 0.92 -
AA3_2.hmm            -            568 A5-S04_187_cg359_15  -            553  7.1e-155  512.2   0.0   1   1  6.5e-157  8.4e-155  511.9   0.0     2   566     3   529     2   531 0.95 -
AA3.hmm              -            618 A5-S04_187_cg359_15  -            553  2.4e-100  332.0   0.0   1   1  2.4e-102  3.1e-100  331.6   0.0    89   402     3   533     2   547 0.87 -
AA3_3.hmm            -            590 A5-S04_187_cg359_15  -            553   3.1e-71  235.7   0.0   1   2   2.9e-55   3.7e-53  176.0   0.0     2   315     3   304     2   361 0.87 -
AA3_3.hmm            -            590 A5-S04_187_cg359_15  -            553   3.1e-71  235.7   0.0   2   2   1.6e-18     2e-16   54.7   0.1   508   586   452   529   448   531 0.94 -
AA3_1.hmm            -            548 A5-S04_187_cg359_15  -            553   9.3e-47  155.0   0.0   1   1   2.1e-48   2.7e-46  153.5   0.0    16   544     3   528     2   531 0.75 -
AA8.hmm              -            815 A5-S04_187_cg359_15  -            553   1.1e-37  124.7   0.0   1   1   1.1e-30   1.5e-28   94.5   0.0   327   776    83   531    76   540 0.76 -
GT2_Glycos_transf_2.hmm PF00535.25   170 A5-S04_187_cg362_11  -            362   8.3e-27   89.3   0.1   1   1   2.8e-29   1.8e-26   88.3   0.0     1   166     3   167     3   169 0.88 Glycosyl transferase family 2
GT41.hmm             -            705 A5-S04_187_cg362_14  -            284   2.8e-30  100.7  10.9   1   2   1.7e-17   1.1e-14   49.2   0.2    87   191    19   113     8   114 0.92 -
GT41.hmm             -            705 A5-S04_187_cg362_14  -            284   2.8e-30  100.7  10.9   2   2   1.3e-17   8.6e-15   49.5   0.5   123   191   113   181   112   183 0.97 -
AA7.hmm              -            458 A5-S04_187_cg364_4   -            487   1.2e-23   79.7   0.8   1   1   7.9e-25     5e-22   74.4   0.4     5   182    10   187     6   207 0.89 -
GH23.hmm             -            135 A5-S04_187_cg365_10  -            206   3.8e-33  110.1   0.2   1   1   9.7e-36   6.2e-33  109.5   0.2    14   122    88   195    75   202 0.93 -
GT28.hmm             -            157 A5-S04_187_cg371_31  -            361   5.3e-35  115.8   0.0   1   1   1.2e-37   7.8e-35  115.2   0.0     2   140   192   331   191   340 0.94 -
CE10.hmm             -            341 A5-S04_187_cg393_5   -            421   2.3e-59  197.0   0.0   1   1   4.5e-62   2.9e-59  196.7   0.0    38   336   112   409    83   413 0.80 -
GT41.hmm             -            705 A5-S04_187_cg395_5   -            706   3.9e-51  169.6   8.9   1   3   1.7e-21   1.1e-18   62.4   0.0    74   191    51   181    27   182 0.89 -
GT41.hmm             -            705 A5-S04_187_cg395_5   -            706   3.9e-51  169.6   8.9   2   3   3.4e-16   2.2e-13   44.9   0.0   120   191   245   317   242   317 0.92 -
GT41.hmm             -            705 A5-S04_187_cg395_5   -            706   3.9e-51  169.6   8.9   3   3   7.6e-19   4.8e-16   53.7   0.7   123   253   283   422   282   459 0.66 -
CBM9.hmm             -            182 A5-S04_187_cg395_8   -            803   8.2e-15   50.7   0.0   1   1   3.5e-17   2.3e-14   49.2   0.0     1   148    45   201    45   214 0.78 -
#
# Program:         hmmscan
# Version:         3.3.1 (Jul 2020)
# Pipeline mode:   SCAN
# Query file:      /beegfs/home/lxd/2_sea_metagenomics/6.metabat2/bins_redup_refinem_drep/derep_70_10/derepbins_prodigal/A5-S04_187.proteins.faa
# Target file:     /beegfs/home/lxd/4_salt_metagenomics/tools/CAZy/dbCAN-HMMdb-V8.txt
# Option settings: hmmscan --tblout A5-S04_187.tbl --domtblout A5-S04_187_dom.tbl --acc --noali --notextw -E 1e-14 --domE 1e-14 --cpu 30 /beegfs/home/lxd/4_salt_metagenomics/tools/CAZy/dbCAN-HMMdb-V8.txt /beegfs/home/lxd/2_sea_metagenomics/6.metabat2/bins_redup_refinem_drep/derep_70_10/derepbins_prodigal/A5-S04_187.proteins.faa 
# Current dir:     /beegfs/home/lxd/2_sea_metagenomics/6.metabat2/bins_redup_refinem_drep/derep_70_10/derepbins_cazy
# Date:            Thu Mar  4 10:11:38 2021
# [ok]
