#                                                                            --- full sequence --- -------------- this domain -------------   hmm coord   ali coord   env coord
# target name        accession   tlen query name           accession   qlen   E-value  score  bias   #  of  c-Evalue  i-Evalue  score  bias  from    to  from    to  from    to  acc description of target
#------------------- ---------- ----- -------------------- ---------- ----- --------- ------ ----- --- --- --------- --------- ------ ----- ----- ----- ----- ----- ----- ----- ---- ---------------------
GT4.hmm              -            160 A5-S04_226_cg8_20    -            467   1.2e-30  101.6   0.0   1   1   6.8e-33   2.2e-30  100.8   0.0    10   158   281   436   276   438 0.91 -
GT5.hmm              -            472 A5-S04_226_cg8_20    -            467   4.5e-18   60.4   0.0   1   1   5.8e-19   1.9e-16   55.1   0.0   289   471   277   462   206   463 0.73 -
GH109.hmm            -            126 A5-S04_226_cg10_2    -            363   7.2e-20   67.0   0.0   1   1   2.2e-22   1.4e-19   66.1   0.0     2   119    14   124    13   130 0.93 -
GT2_Glycos_transf_2.hmm PF00535.25   170 A5-S04_226_cg13_2    -            234   2.7e-20   68.2   0.0   1   1     6e-23   3.9e-20   67.6   0.0     1   117     6   119     6   168 0.79 Glycosyl transferase family 2
CE10.hmm             -            341 A5-S04_226_cg26_2    -            630     8e-20   67.0   0.0   1   1   1.8e-22   1.2e-19   66.5   0.0    70   329   374   622   326   628 0.75 -
AA1.hmm              -            943 A5-S04_226_cg49_4    -            365   3.5e-32  106.8  10.5   1   1   8.1e-31   1.3e-28   95.0   9.2   451   552   217   321   215   348 0.86 -
AA1_3.hmm            -            312 A5-S04_226_cg49_4    -            365   1.3e-25   85.5   0.3   1   1   1.2e-27   1.9e-25   85.0   0.3    28   131   212   314   186   319 0.85 -
AA1_2.hmm            -            337 A5-S04_226_cg49_4    -            365   6.8e-20   66.6   0.6   1   1   6.2e-22     1e-19   66.1   0.6     6   105   220   317   217   323 0.92 -
AA1_1.hmm            -            303 A5-S04_226_cg49_4    -            365   5.4e-15   50.5   0.0   1   1     5e-17   7.9e-15   50.0   0.0    10   116   218   318   212   326 0.89 -
GH93.hmm             -            307 A5-S04_226_cg66_8    -            779   3.2e-18   61.1   0.8   1   1   2.6e-15   8.2e-13   43.4   0.1    27   170   314   478   287   479 0.80 -
AA1.hmm              -            943 A5-S04_226_cg79_1    -            212   1.1e-26   88.6   3.4   1   1     2e-29   1.3e-26   88.4   3.4   436   567    73   209    41   211 0.84 -
AA4.hmm              -            522 A5-S04_226_cg84_3    -            475   3.7e-20   67.3   0.0   1   1   1.6e-19   5.3e-17   56.9   0.0    17   262     3   237     1   331 0.76 -
AA7.hmm              -            458 A5-S04_226_cg84_3    -            475   4.5e-20   68.0  10.4   1   1   2.3e-22   7.3e-20   67.3   8.7    14   198    36   228    31   353 0.87 -
GT4.hmm              -            160 A5-S04_226_cg98_2    -            369   2.8e-15   51.6   0.0   1   1   8.2e-18   5.2e-15   50.8   0.0     7   156   186   335   182   345 0.86 -
GT28.hmm             -            157 A5-S04_226_cg108_1   -            586   2.9e-15   51.7   0.0   1   1   7.4e-18   4.8e-15   50.9   0.0     3   136   426   560   424   579 0.83 -
GT2_Glycos_transf_2.hmm PF00535.25   170 A5-S04_226_cg114_2   -            800   2.1e-17   58.7   0.1   1   1   1.3e-19   4.1e-17   57.8   0.1     2   123   429   550   428   599 0.89 Glycosyl transferase family 2
GT2_Glyco_tranf_2_3.hmm PF13641.5    230 A5-S04_226_cg114_2   -            800   9.5e-15   50.4   0.0   1   1   5.8e-17   1.9e-14   49.4   0.0     5   197   426   621   422   641 0.73 Glycosyltransferase like family 2
GT5.hmm              -            472 A5-S04_226_cg116_2   -            461  2.7e-134  443.6   0.0   1   1  9.4e-137    3e-134  443.5   0.0     1   471     2   454     2   455 0.94 -
GT4.hmm              -            160 A5-S04_226_cg116_2   -            461     2e-15   52.1   0.0   1   1   9.8e-18   3.2e-15   51.5   0.0     6   149   272   419   270   424 0.93 -
GH130.hmm            -            296 A5-S04_226_cg121_1   -            213   1.4e-48  160.6   0.0   1   1   2.3e-51   1.5e-48  160.5   0.0    91   293    15   207     1   210 0.93 -
GH5_19.hmm           -            273 A5-S04_226_cg121_2   -            417   5.6e-51  168.8   0.0   1   2   5.1e-30   8.1e-28   92.8   0.0     1    96    16   111    16   124 0.97 -
GH5_19.hmm           -            273 A5-S04_226_cg121_2   -            417   5.6e-51  168.8   0.0   2   2   3.9e-23   6.3e-21   70.2   0.0    99   272   135   329   123   330 0.82 -
GH5_18.hmm           -            282 A5-S04_226_cg121_2   -            417   7.6e-28   93.1   0.1   1   1   3.8e-22   6.1e-20   67.2   0.1     3    84    30   111    29   122 0.95 -
GH5.hmm              -            275 A5-S04_226_cg121_2   -            417   3.6e-21   71.2   0.1   1   1   3.1e-23     5e-21   70.7   0.1    30   233    30   328     8   335 0.70 -
GT4.hmm              -            160 A5-S04_226_cg121_3   -            359   4.6e-30   99.7   0.0   1   1   1.2e-32   7.6e-30   99.0   0.0     6   134   175   299   171   326 0.90 -
GT28.hmm             -            157 A5-S04_226_cg153_16  -            360   6.7e-36  118.7   0.0   1   1   1.6e-38     1e-35  118.1   0.0     3   157   191   346   189   346 0.93 -
GH13_23.hmm          -            344 A5-S04_226_cg161_5   -            108     2e-32  108.4   0.1   1   1   4.3e-34   2.3e-32  108.2   0.1     1    92    12   104    12   107 0.95 -
GH13_31.hmm          -            349 A5-S04_226_cg161_5   -            108   1.8e-29   98.5   0.0   1   1   3.7e-31     2e-29   98.3   0.0     1    92    12   104    12   107 0.96 -
GH13_40.hmm          -            359 A5-S04_226_cg161_5   -            108   2.6e-28   94.3   0.0   1   1   5.3e-30   2.8e-28   94.2   0.0     1    92    12   104    12   107 0.96 -
GH13_16.hmm          -            353 A5-S04_226_cg161_5   -            108   7.8e-28   92.8   0.0   1   1   1.6e-29   8.4e-28   92.7   0.0     1    92    12   104    12   107 0.96 -
GH13_30.hmm          -            365 A5-S04_226_cg161_5   -            108   4.7e-25   83.7   0.0   1   1   9.3e-27     5e-25   83.7   0.0     1    88    12   100    12   107 0.94 -
GH13_29.hmm          -            344 A5-S04_226_cg161_5   -            108   2.9e-24   81.1   0.0   1   1   6.5e-26   3.5e-24   80.9   0.0     2    90    12   101    11   106 0.94 -
GH13_17.hmm          -            350 A5-S04_226_cg161_5   -            108   3.4e-24   80.9   0.0   1   1   6.9e-26   3.7e-24   80.8   0.0     1    91    12   103    12   107 0.94 -
GH13_36.hmm          -            314 A5-S04_226_cg161_5   -            108   4.7e-22   74.0   0.0   1   1   1.1e-23   5.8e-22   73.7   0.0     1    90    12   103    12   107 0.94 -
GH13.hmm             -            299 A5-S04_226_cg161_5   -            108   7.9e-22   74.1   0.0   1   1   1.9e-23     1e-21   73.8   0.0    13   101    12   104     7   107 0.86 -
GH13_21.hmm          -            308 A5-S04_226_cg161_5   -            108     6e-19   63.8   0.0   1   1   1.2e-20   6.6e-19   63.7   0.0     1    91    12   104    12   107 0.96 -
GH13_35.hmm          -            351 A5-S04_226_cg161_5   -            108   2.8e-18   61.6   0.0   1   1   6.3e-20   3.4e-18   61.3   0.0     1    90    12   102    12   106 0.90 -
GH13_20.hmm          -            300 A5-S04_226_cg161_5   -            108   5.7e-16   54.0   0.0   1   1   1.1e-17   6.1e-16   53.9   0.0     1    86    12    99    12   107 0.92 -
GH1.hmm              -            429 A5-S04_226_cg161_8   -            457  6.2e-155  511.4   0.0   1   1  1.1e-157    7e-155  511.2   0.0     8   425     4   441     1   445 0.92 -
GH13_23.hmm          -            344 A5-S04_226_cg213_2   -            539  3.4e-138  456.2   2.6   1   1  1.7e-139  4.1e-138  455.9   2.6     1   343    34   378    34   379 0.98 -
GH13_31.hmm          -            349 A5-S04_226_cg213_2   -            539     1e-98  326.3   0.1   1   1  6.1e-100   1.4e-98  325.7   0.1     1   348    34   377    34   378 0.88 -
GH13_30.hmm          -            365 A5-S04_226_cg213_2   -            539   1.6e-98  325.4  12.0   1   1   8.4e-98     2e-96  318.6  12.0     1   364    34   376    34   377 0.89 -
GH13_17.hmm          -            350 A5-S04_226_cg213_2   -            539     2e-97  321.8   0.1   1   1     1e-98   2.4e-97  321.5   0.1     1   350    34   378    34   378 0.93 -
GH13_40.hmm          -            359 A5-S04_226_cg213_2   -            539   7.5e-89  293.4   0.1   1   1   1.1e-89   2.6e-88  291.6   0.1     1   358    34   377    34   378 0.88 -
GH13_35.hmm          -            351 A5-S04_226_cg213_2   -            539     2e-87  289.0   0.1   1   1     1e-88   2.4e-87  288.7   0.1     1   351    34   377    34   377 0.93 -
GH13_29.hmm          -            344 A5-S04_226_cg213_2   -            539   1.9e-81  269.2   0.0   1   1   3.1e-82   7.3e-81  267.2   0.0     2   343    34   377    33   378 0.90 -
GH13_16.hmm          -            353 A5-S04_226_cg213_2   -            539   1.1e-78  260.1   3.4   1   1   1.1e-70   2.7e-69  229.2   0.2     1   186    34   220    34   230 0.96 -
GH13.hmm             -            299 A5-S04_226_cg213_2   -            539   3.6e-77  255.8  11.4   1   1     3e-78   7.2e-77  254.8  11.4    13   293    34   379    30   384 0.80 -
GH13_36.hmm          -            314 A5-S04_226_cg213_2   -            539   1.2e-76  253.3   0.0   1   1   2.6e-77   6.3e-76  251.0   0.0     1   313    34   377    34   378 0.89 -
GH13_21.hmm          -            308 A5-S04_226_cg213_2   -            539   6.4e-60  198.4   1.0   1   1   1.8e-59   4.4e-58  192.4   1.0     1   306    34   377    34   379 0.77 -
GH13_20.hmm          -            300 A5-S04_226_cg213_2   -            539   1.3e-51  171.0   0.1   1   1   3.5e-43   8.2e-42  138.8   0.0     1   166    34   214    34   220 0.90 -
GH13_4.hmm           -            400 A5-S04_226_cg213_2   -            539   4.5e-35  116.4   0.1   1   1   1.2e-32   2.9e-31  103.8   0.1     2   187    34   215    33   221 0.94 -
GH13_39.hmm          -            316 A5-S04_226_cg213_2   -            539   3.7e-33  110.5   0.2   1   1   2.1e-26     5e-25   83.8   0.1     1   167    34   214    34   221 0.83 -
GH13_2.hmm           -            310 A5-S04_226_cg213_2   -            539   1.3e-31  105.5   0.0   1   1   3.8e-25   9.1e-24   79.7   0.0     2   176    34   213    33   219 0.82 -
GH13_14.hmm          -            289 A5-S04_226_cg213_2   -            539   2.9e-25   84.4   0.0   1   1   3.6e-20   8.6e-19   63.2   0.0     1   153    43   211    43   216 0.74 -
GH13_10.hmm          -            313 A5-S04_226_cg213_2   -            539   1.3e-23   79.1   0.1   1   1   1.2e-21   2.8e-20   68.2   0.0     5   147    34   215    32   221 0.93 -
GH13_1.hmm           -            306 A5-S04_226_cg213_2   -            539   3.4e-23   77.4   0.0   1   1   4.4e-24   1.1e-22   75.8   0.0     2   300    34   377    33   382 0.79 -
GH13_37.hmm          -            320 A5-S04_226_cg213_2   -            539     4e-23   77.1   0.3   1   1   4.1e-21   9.6e-20   66.0   0.3     9   161    34   215    28   219 0.85 -
GH13_41.hmm          -            294 A5-S04_226_cg213_2   -            539   1.3e-22   75.8   0.0   1   1     3e-15     7e-14   47.2   0.0     1   158    34   210    34   218 0.80 -
GH13_18.hmm          -            343 A5-S04_226_cg213_2   -            539   4.7e-22   73.7   0.1   1   1   4.1e-21   9.6e-20   66.1   0.1     4   159    55   217    52   222 0.82 -
GH13_19.hmm          -            360 A5-S04_226_cg213_2   -            539   5.2e-20   67.1   2.0   1   1   5.1e-17   1.2e-15   52.7   0.4     1    96    34   114    34   160 0.84 -
GH13_13.hmm          -            361 A5-S04_226_cg213_2   -            539   1.3e-18   62.4   0.1   1   1     2e-17   4.6e-16   54.0   0.1    60   186    67   215    63   219 0.84 -
GH13_12.hmm          -            284 A5-S04_226_cg213_2   -            539   8.1e-18   60.3   0.0   1   1   6.3e-16   1.5e-14   49.6   0.0     1   156    34   212    34   219 0.85 -
GH13_3.hmm           -            210 A5-S04_226_cg213_2   -            539   2.8e-17   58.2   1.7   1   1   7.8e-18   1.8e-16   55.5   1.7    10   151    49   212    39   216 0.77 -
CE10.hmm             -            341 A5-S04_226_cg220_3   -            361   2.4e-16   55.6   0.7   1   1   4.9e-19   3.1e-16   55.2   0.7    93   216   157   279   121   324 0.79 -
AA3_2.hmm            -            568 A5-S04_226_cg227_19  -            520  7.7e-157  518.6   0.0   1   1  7.8e-159  9.9e-157  518.3   0.0     3   566     2   517     1   518 0.96 -
AA3.hmm              -            618 A5-S04_226_cg227_19  -            520   3.2e-95  315.0   0.1   1   1   2.8e-97   3.5e-95  314.9   0.1    90   399     2   518     1   519 0.87 -
AA3_3.hmm            -            590 A5-S04_226_cg227_19  -            520   1.1e-81  270.3   0.0   1   2   5.4e-62     7e-60  198.2   0.0     3   460     2   419     1   434 0.82 -
AA3_3.hmm            -            590 A5-S04_226_cg227_19  -            520   1.1e-81  270.3   0.0   2   2   2.2e-20   2.8e-18   60.9   0.0   511   583   443   514   438   518 0.93 -
AA3_1.hmm            -            548 A5-S04_226_cg227_19  -            520   4.3e-52  172.6   0.2   1   1   1.8e-53   2.3e-51  170.2   0.2    17   546     2   518     1   519 0.79 -
AA8.hmm              -            815 A5-S04_226_cg227_19  -            520   6.4e-42  138.7   0.9   1   2   2.3e-28   2.9e-26   86.9   2.3   246   521     2   274     1   309 0.80 -
AA8.hmm              -            815 A5-S04_226_cg227_19  -            520   6.4e-42  138.7   0.9   2   2     4e-16   5.1e-14   46.4   0.0   654   775   397   518   377   519 0.77 -
AA3_2.hmm            -            568 A5-S04_226_cg228_8   -            297   1.4e-76  253.6   0.0   1   1   1.3e-78   1.6e-76  253.4   0.0   256   566     7   289     1   291 0.94 -
AA3.hmm              -            618 A5-S04_226_cg228_8   -            297   2.2e-47  157.0   0.1   1   1     2e-49   2.6e-47  156.8   0.1   237   401     9   292     1   295 0.94 -
AA3_3.hmm            -            590 A5-S04_226_cg228_8   -            297   5.4e-35  116.1   0.0   1   2   3.2e-15     4e-13   43.8   0.0   258   357    11   107     3   122 0.80 -
AA3_3.hmm            -            590 A5-S04_226_cg228_8   -            297   5.4e-35  116.1   0.0   2   2   1.5e-18   1.9e-16   54.8   0.0   503   586   209   289   192   294 0.87 -
AA3_1.hmm            -            548 A5-S04_226_cg228_8   -            297   1.2e-23   78.8   0.0   1   1   2.3e-25   2.9e-23   77.5   0.0   258   546    13   290     4   292 0.80 -
GT4.hmm              -            160 A5-S04_226_cg254_6   -            343   3.2e-22   74.2   0.3   1   1   1.8e-23   1.1e-20   69.2   0.0     7   155   176   310   171   315 0.92 -
GT2_Glycos_transf_2.hmm PF00535.25   170 A5-S04_226_cg256_13  -            245   1.4e-31  104.9   0.0   1   1   2.7e-34   1.7e-31  104.6   0.0     1   166     7   168     7   171 0.93 Glycosyl transferase family 2
CBM50.hmm            -             40 A5-S04_226_cg265_6   -            386   3.3e-46  150.8   6.4   1   2   1.5e-17   9.8e-15   50.0   0.1     1    40    27    70    27    70 0.92 -
CBM50.hmm            -             40 A5-S04_226_cg265_6   -            386   3.3e-46  150.8   6.4   2   2   1.7e-15   1.1e-12   43.5   0.1     1    40   210   253   210   253 0.92 -
GT2_Glycos_transf_2.hmm PF00535.25   170 A5-S04_226_cg275_1   -            286   5.2e-17   57.5   0.0   1   1   2.4e-19   7.6e-17   56.9   0.0    14   121     3   106     1   142 0.86 Glycosyl transferase family 2
GT78.hmm             -            134 A5-S04_226_cg290_1   -            382   6.8e-43  141.0   0.1   1   1   1.4e-44   4.6e-42  138.3   0.0     2   134     3   121     2   121 0.97 -
GT81.hmm             -            293 A5-S04_226_cg290_1   -            382   3.4e-18   60.8   0.0   1   1   1.3e-20   4.1e-18   60.6   0.0    83   252    63   237     4   266 0.76 -
#
# Program:         hmmscan
# Version:         3.3.1 (Jul 2020)
# Pipeline mode:   SCAN
# Query file:      /beegfs/home/lxd/2_sea_metagenomics/6.metabat2/bins_redup_refinem_drep/derep_70_10/derepbins_prodigal/A5-S04_226.proteins.faa
# Target file:     /beegfs/home/lxd/4_salt_metagenomics/tools/CAZy/dbCAN-HMMdb-V8.txt
# Option settings: hmmscan --tblout A5-S04_226.tbl --domtblout A5-S04_226_dom.tbl --acc --noali --notextw -E 1e-14 --domE 1e-14 --cpu 30 /beegfs/home/lxd/4_salt_metagenomics/tools/CAZy/dbCAN-HMMdb-V8.txt /beegfs/home/lxd/2_sea_metagenomics/6.metabat2/bins_redup_refinem_drep/derep_70_10/derepbins_prodigal/A5-S04_226.proteins.faa 
# Current dir:     /beegfs/home/lxd/2_sea_metagenomics/6.metabat2/bins_redup_refinem_drep/derep_70_10/derepbins_cazy
# Date:            Thu Mar  4 10:21:55 2021
# [ok]
