#                                                                            --- full sequence --- -------------- this domain -------------   hmm coord   ali coord   env coord
# target name        accession   tlen query name           accession   qlen   E-value  score  bias   #  of  c-Evalue  i-Evalue  score  bias  from    to  from    to  from    to  acc description of target
#------------------- ---------- ----- -------------------- ---------- ----- --------- ------ ----- --- --- --------- --------- ------ ----- ----- ----- ----- ----- ----- ----- ---- ---------------------
GT41.hmm             -            705 A5-S03_29_cg17_5     -            377   2.6e-29   97.5   0.0   1   1     1e-17   6.5e-15   49.9   0.0    55   190    27   152     4   154 0.75 -
GT41.hmm             -            705 A5-S03_29_cg30_6     -            512     3e-64  213.0   8.8   1   4   2.3e-17   1.5e-14   48.7   0.1   118   191     2    76     1    77 0.96 -
GT41.hmm             -            705 A5-S03_29_cg30_6     -            512     3e-64  213.0   8.8   2   4   4.1e-20   2.6e-17   57.9   0.1   123   191    76   144    75   146 0.97 -
GT41.hmm             -            705 A5-S03_29_cg30_6     -            512     3e-64  213.0   8.8   3   4     2e-22   1.3e-19   65.5   0.2   120   191   140   212   138   213 0.96 -
GT41.hmm             -            705 A5-S03_29_cg30_6     -            512     3e-64  213.0   8.8   4   4   4.3e-18   2.8e-15   51.2   0.1   123   191   212   280   211   306 0.91 -
GT51.hmm             -            177 A5-S03_29_cg58_6     -            814   6.9e-65  213.1   0.0   1   1   1.5e-67   9.8e-65  212.6   0.0     1   176    55   233    55   234 0.97 -
GT4.hmm              -            160 A5-S03_29_cg60_2     -            410   3.9e-34  112.9   0.0   1   1   1.1e-36   7.4e-34  112.0   0.0     9   158   226   380   221   383 0.95 -
GT41.hmm             -            705 A5-S03_29_cg70_2     -            675  8.1e-103  340.5   0.0   1   1     2e-99   1.3e-96  320.0   0.0    95   532   141   656   121   672 0.91 -
GH23.hmm             -            135 A5-S03_29_cg97_2     -            652   2.1e-25   85.1   3.5   1   1   1.7e-27   1.1e-24   82.8   0.0    17   120   481   607   469   615 0.92 -
GH102.hmm            -            157 A5-S03_29_cg101_8    -            366   8.3e-57  186.9   0.0   1   1   1.7e-59   1.1e-56  186.5   0.0     2   157   107   262   106   262 0.98 -
GT4.hmm              -            160 A5-S03_29_cg110_2    -            367   3.5e-28   93.6   0.0   1   1   9.5e-31   6.1e-28   92.8   0.0    11   148   174   307   167   313 0.89 -
GT4.hmm              -            160 A5-S03_29_cg129_3    -            417   8.1e-16   53.4   0.0   1   1   2.5e-18   1.6e-15   52.4   0.0    10   157   225   376   221   379 0.86 -
AA7.hmm              -            458 A5-S03_29_cg169_2    -           1032     2e-18   62.5   1.7   1   1   3.9e-19   2.5e-16   55.7   1.8    13   147   105   242   100   252 0.92 -
GT41.hmm             -            705 A5-S03_29_cg179_2    -            457   2.2e-44  147.3   3.8   1   3   1.5e-21   9.7e-19   62.6   0.5   103   191    36   126     4   126 0.82 -
GT41.hmm             -            705 A5-S03_29_cg179_2    -            457   2.2e-44  147.3   3.8   2   3   9.7e-17   6.2e-14   46.7   0.1   145   191   114   160   113   161 0.98 -
GT41.hmm             -            705 A5-S03_29_cg179_2    -            457   2.2e-44  147.3   3.8   3   3     1e-18   6.5e-16   53.2   0.0   122   192   159   235   159   300 0.78 -
GT41.hmm             -            705 A5-S03_29_cg180_4    -            284   6.5e-17   56.6   8.5   1   1     1e-18   6.7e-16   53.2   8.5    37   190    29   206     5   263 0.88 -
GH23.hmm             -            135 A5-S03_29_cg184_4    -            303   4.8e-15   51.6   0.4   1   1   7.4e-18   4.8e-15   51.6   0.4    17   126    45   179    32   187 0.75 -
GH15.hmm             -            361 A5-S03_29_cg184_5    -            600   3.4e-79  261.9   0.1   1   1   6.3e-82   4.1e-79  261.7   0.1     2   360   224   588   223   589 0.87 -
GT20.hmm             -            475 A5-S03_29_cg184_6    -            459  1.9e-168  556.1   0.0   1   1  3.4e-171  2.2e-168  555.9   0.0    13   473     2   453     1   455 0.97 -
GT4.hmm              -            160 A5-S03_29_cg204_1    -            335   1.9e-15   52.2   0.0   1   1   4.1e-18   2.6e-15   51.8   0.0    33   157   175   308   160   311 0.77 -
GT28.hmm             -            157 A5-S03_29_cg217_2    -            380   1.1e-42  140.7   0.1   1   1   3.8e-45   2.5e-42  139.6   0.0     2   156   192   353   191   354 0.95 -
CE4.hmm              -            130 A5-S03_29_cg222_2    -            355   8.1e-29   95.7   0.0   1   1   1.9e-31   1.2e-28   95.1   0.0     4   125    95   223    92   227 0.95 -
AA7.hmm              -            458 A5-S03_29_cg233_3    -            469   1.4e-18   63.0   9.6   1   1     6e-20   1.9e-17   59.3   7.4    14   218    41   250    35   321 0.82 -
AA4.hmm              -            522 A5-S03_29_cg233_3    -            469   3.5e-18   60.8   0.1   1   1   1.4e-17   4.6e-15   50.5   0.0    53   201    41   187    11   236 0.85 -
GT41.hmm             -            705 A5-S03_29_cg244_1    -            375   2.8e-33  110.6   4.0   1   2   1.2e-21   7.5e-19   63.0   0.8    61   191    28   148    11   149 0.90 -
GT41.hmm             -            705 A5-S03_29_cg244_1    -            375   2.8e-33  110.6   4.0   2   2   4.6e-18     3e-15   51.1   0.2   122   191   147   216   144   253 0.93 -
AA3_2.hmm            -            568 A5-S03_29_cg247_6    -            538  7.5e-169  558.3   0.0   1   1    7e-171  8.9e-169  558.0   0.0     2   568     6   533     5   533 0.97 -
AA3.hmm              -            618 A5-S03_29_cg247_6    -            538  2.9e-108  358.1   0.0   1   1  2.8e-110  3.5e-108  357.8   0.0    89   402     6   535     3   537 0.88 -
AA3_3.hmm            -            590 A5-S03_29_cg247_6    -            538   7.8e-77  254.2   0.0   1   2   5.8e-58   7.5e-56  184.9   0.0     3   317     7   307     5   321 0.89 -
AA3_3.hmm            -            590 A5-S03_29_cg247_6    -            538   7.8e-77  254.2   0.0   2   2   1.8e-18   2.2e-16   54.6   0.1   522   589   468   534   452   535 0.89 -
AA3_1.hmm            -            548 A5-S03_29_cg247_6    -            538   1.3e-54  181.0   0.0   1   1   1.5e-55   1.9e-53  177.1   0.0    15   544     5   530     1   533 0.77 -
AA8.hmm              -            815 A5-S03_29_cg247_6    -            538   6.3e-43  142.0   0.0   1   1   1.2e-36   1.5e-34  114.4   0.0   327   773    84   530    81   536 0.81 -
GH23.hmm             -            135 A5-S03_29_cg250_1    -            432   1.7e-28   95.1   0.4   1   1   6.7e-31   4.3e-28   93.8   0.4    15   124   278   412   271   421 0.89 -
GT41.hmm             -            705 A5-S03_29_cg339_1    -            315   1.9e-55  183.9   6.7   1   3     7e-28   4.5e-25   83.5   0.1    55   191    63   189    53   190 0.95 -
GT41.hmm             -            705 A5-S03_29_cg339_1    -            315   1.9e-55  183.9   6.7   2   3   1.2e-17   7.6e-15   49.7   0.0   122   191   188   257   188   258 0.95 -
GT41.hmm             -            705 A5-S03_29_cg339_1    -            315   1.9e-55  183.9   6.7   3   3   2.5e-17   1.6e-14   48.6   0.2   122   181   256   315   256   315 0.97 -
GT9.hmm              -            225 A5-S03_29_cg383_1    -            232   3.4e-32  107.4   0.6   1   1   6.1e-35   3.9e-32  107.3   0.6    15   204     2   206     1   225 0.79 -
GT2_Glycos_transf_2.hmm PF00535.25   170 A5-S03_29_cg447_3    -            397   7.7e-27   89.5   0.0   1   1   3.2e-29     1e-26   89.0   0.0     2   168    49   225    48   227 0.92 Glycosyl transferase family 2
GT2_Glyco_tranf_2_3.hmm PF13641.5    230 A5-S03_29_cg447_3    -            397   2.7e-24   81.6   0.0   1   1   1.3e-26   4.2e-24   81.0   0.0     1   198    45   250    45   252 0.91 Glycosyltransferase like family 2
GT41.hmm             -            705 A5-S03_29_cg453_6    -            577   6.3e-47  155.7   0.1   1   2   2.9e-27   1.8e-24   81.5   0.1    46   191    26   161     6   162 0.75 -
GT41.hmm             -            705 A5-S03_29_cg453_6    -            577   6.3e-47  155.7   0.1   2   2   1.6e-24     1e-21   72.5   0.0   122   191   160   229   160   496 0.82 -
PL12_3.hmm           -            144 A5-S03_29_cg454_1    -            547   5.7e-21   70.3   0.0   1   1     4e-23   1.3e-20   69.2   0.0     9   106   373   471   367   492 0.88 -
PL12.hmm             -            138 A5-S03_29_cg454_1    -            547   2.4e-18   62.1   0.0   1   1   1.1e-20   3.5e-18   61.5   0.0     2   102   368   472   367   498 0.87 -
GT41.hmm             -            705 A5-S03_29_cg466_1    -            581   7.8e-61  201.7   4.5   1   3   1.5e-25   9.7e-23   75.8   0.0    58   191    58   181    48   182 0.94 -
GT41.hmm             -            705 A5-S03_29_cg466_1    -            581   7.8e-61  201.7   4.5   2   3   2.3e-16   1.5e-13   45.4   0.0   121   191   178   249   177   250 0.94 -
GT41.hmm             -            705 A5-S03_29_cg466_1    -            581   7.8e-61  201.7   4.5   3   3   3.9e-22   2.5e-19   64.5   0.5   123   191   249   317   248   323 0.92 -
GT4.hmm              -            160 A5-S03_29_cg467_4    -            340   5.5e-32  105.9   0.0   1   1   1.4e-34   9.1e-32  105.3   0.0     5   148   194   339   191   340 0.95 -
AA1.hmm              -            943 A5-S03_29_cg472_4    -            393   2.7e-20   67.5   2.5   1   1   4.4e-23   2.8e-20   67.4   2.5   450   612    98   294    34   382 0.75 -
GT2_Glycos_transf_2.hmm PF00535.25   170 A5-S03_29_cg474_6    -            345   1.8e-30  101.3   0.0   1   1   3.7e-33   2.3e-30  100.9   0.0     1   168    19   181    19   183 0.95 Glycosyl transferase family 2
GT4.hmm              -            160 A5-S03_29_cg492_2    -            411   3.2e-19   64.5   0.0   1   1   2.4e-21   1.5e-18   62.2   0.0    12   150   230   371   224   381 0.80 -
GH73.hmm             -            128 A5-S03_29_cg501_2    -            296   2.3e-22   75.1   0.0   1   1   6.5e-25   4.1e-22   74.3   0.0    10   128   156   284   148   284 0.77 -
#
# Program:         hmmscan
# Version:         3.3.1 (Jul 2020)
# Pipeline mode:   SCAN
# Query file:      /beegfs/home/lxd/2_sea_metagenomics/6.metabat2/bins_redup_refinem_drep/derep_70_10/derepbins_prodigal/A5-S03_29.proteins.faa
# Target file:     /beegfs/home/lxd/4_salt_metagenomics/tools/CAZy/dbCAN-HMMdb-V8.txt
# Option settings: hmmscan --tblout A5-S03_29.tbl --domtblout A5-S03_29_dom.tbl --acc --noali --notextw -E 1e-14 --domE 1e-14 --cpu 30 /beegfs/home/lxd/4_salt_metagenomics/tools/CAZy/dbCAN-HMMdb-V8.txt /beegfs/home/lxd/2_sea_metagenomics/6.metabat2/bins_redup_refinem_drep/derep_70_10/derepbins_prodigal/A5-S03_29.proteins.faa 
# Current dir:     /beegfs/home/lxd/2_sea_metagenomics/6.metabat2/bins_redup_refinem_drep/derep_70_10/derepbins_cazy
# Date:            Thu Mar  4 09:19:18 2021
# [ok]
