#                                                                            --- full sequence --- -------------- this domain -------------   hmm coord   ali coord   env coord
# target name        accession   tlen query name           accession   qlen   E-value  score  bias   #  of  c-Evalue  i-Evalue  score  bias  from    to  from    to  from    to  acc description of target
#------------------- ---------- ----- -------------------- ---------- ----- --------- ------ ----- --- --- --------- --------- ------ ----- ----- ----- ----- ----- ----- ----- ---- ---------------------
GH84.hmm             -            295 A5-S03_104_cg23_4    -            349   1.6e-68  226.4   0.0   1   1     3e-71   1.9e-68  226.1   0.0    29   286     1   276     1   288 0.89 -
GT4.hmm              -            160 A5-S03_104_cg23_6    -            318   1.1e-16   56.2   0.0   1   1   2.9e-18   1.9e-15   52.2   0.0     7   157   139   287   133   290 0.89 -
GT51.hmm             -            177 A5-S03_104_cg37_2    -            240   6.4e-57  187.2   0.0   1   1   1.2e-59   7.9e-57  186.9   0.0    12   177    64   228    55   228 0.97 -
CE7.hmm              -            313 A5-S03_104_cg47_6    -            278   1.4e-17   58.9   0.0   1   1   1.6e-15     1e-12   42.8   0.0   148   302   100   254    90   262 0.82 -
GT28.hmm             -            157 A5-S03_104_cg62_6    -            356   1.6e-51  169.5   0.0   1   1   3.2e-54     2e-51  169.1   0.0     1   157   179   341   179   341 0.97 -
GT41.hmm             -            705 A5-S03_104_cg70_3    -            252   1.6e-18   61.9   5.8   1   1   2.5e-15   1.6e-12   42.0   0.2   113   191    57   132    44   136 0.90 -
GT9.hmm              -            225 A5-S03_104_cg79_4    -            348   1.3e-41  138.3   0.0   1   1   2.8e-44   1.8e-41  137.8   0.0    44   216   123   321    94   331 0.75 -
GH23.hmm             -            135 A5-S03_104_cg101_3   -            677   3.6e-30  100.5   0.0   1   1   5.6e-33   3.6e-30  100.5   0.0     8   124   532   668   524   674 0.91 -
CE10.hmm             -            341 A5-S03_104_cg114_4   -            294     4e-37  123.9   0.0   1   1   8.1e-40   5.2e-37  123.5   0.0    64   334    12   289     2   292 0.85 -
GH76.hmm             -            358 A5-S03_104_cg123_4   -            683   1.1e-18   62.9   0.1   1   1     3e-17   1.9e-14   49.0   0.0    49   185   415   571   372   576 0.79 -
GT20.hmm             -            475 A5-S03_104_cg129_3   -            449  1.6e-163  539.9   0.0   1   1  2.7e-166  1.8e-163  539.7   0.0    44   473     2   428     1   430 0.97 -
GH23.hmm             -            135 A5-S03_104_cg130_21  -            153   6.8e-35  115.8   0.1   1   1   1.3e-37   8.5e-35  115.5   0.1    14   123    29   137    18   145 0.93 -
CE11.hmm             -            271 A5-S03_104_cg142_10  -            431     1e-83  276.1   0.0   1   1   1.9e-86   1.2e-83  275.8   0.0     1   269   159   424   159   426 0.96 -
GT2_Glycos_transf_2.hmm PF00535.25   170 A5-S03_104_cg147_4   -            237   2.1e-18   62.0   0.0   1   1   4.9e-21   3.2e-18   61.4   0.0     1   152    15   146    15   165 0.80 Glycosyl transferase family 2
AA7.hmm              -            458 A5-S03_104_cg152_4   -            453   1.1e-15   53.5   1.2   1   1   2.5e-17   8.2e-15   50.6   1.2    11   198    32   228    27   244 0.84 -
AA4.hmm              -            522 A5-S03_104_cg152_4   -            453   3.5e-15   50.9   0.0   1   1     5e-16   1.6e-13   45.4   0.0    15   247     5   222     2   238 0.82 -
AA4.hmm              -            522 A5-S03_104_cg152_5   -            484     5e-34  113.1   0.1   1   1   5.3e-31   1.7e-28   94.8   0.1    13   260     3   241     1   268 0.83 -
AA7.hmm              -            458 A5-S03_104_cg152_5   -            484   6.8e-20   67.4   1.7   1   1   7.6e-22   2.4e-19   65.6   1.5    11   200    38   232    35   260 0.89 -
CE1.hmm              -            227 A5-S03_104_cg163_7   -            221   5.8e-16   54.2   0.0   1   1   1.2e-18   7.6e-16   53.8   0.0    11   209     6   198     2   212 0.74 -
CE10.hmm             -            341 A5-S03_104_cg171_3   -            532   3.6e-42  140.5   0.1   1   1   8.8e-45   5.6e-42  139.8   0.1    27   188    59   231    38   271 0.86 -
GT2_Glycos_transf_2.hmm PF00535.25   170 A5-S03_104_cg175_5   -            242   3.9e-26   87.2   0.0   1   1     1e-28   6.5e-26   86.4   0.0     1   131     4   132     4   162 0.87 Glycosyl transferase family 2
CE7.hmm              -            313 A5-S03_104_cg233_4   -            405   1.9e-19   65.0   0.0   1   1   5.3e-18   3.4e-15   51.0   0.0   160   312   223   374   219   375 0.93 -
CE4.hmm              -            130 A5-S03_104_cg236_1   -            289   8.7e-21   69.8   0.0   1   1   2.5e-23   1.6e-20   68.9   0.0    10   126    20   159    15   163 0.85 -
GT2_Glycos_transf_2.hmm PF00535.25   170 A5-S03_104_cg237_13  -            318   7.6e-37  122.0   0.0   1   1   3.2e-39     1e-36  121.6   0.0     1   132     4   136     4   174 0.90 Glycosyl transferase family 2
GT27.hmm                -            295 A5-S03_104_cg237_13  -            318   8.6e-15   50.1   0.0   1   1   3.6e-17   1.1e-14   49.7   0.0     1   109     4   111     4   117 0.90 -
GT41.hmm             -            705 A5-S03_104_cg245_5   -            274   3.3e-25   84.0   0.1   1   1   7.9e-19   5.1e-16   53.6   0.0    56   191    34   160    21   162 0.91 -
GT83.hmm             -            540 A5-S03_104_cg249_3   -            545  3.2e-115  381.0  49.1   1   1  6.3e-118    4e-115  380.6  49.1     6   488     8   483     3   492 0.85 -
CE4.hmm              -            130 A5-S03_104_cg281_11  -            312     9e-21   69.7   0.0   1   1   2.2e-23   1.4e-20   69.1   0.0    23   126    69   173    48   177 0.88 -
GT41.hmm             -            705 A5-S03_104_cg296_1   -            541   4.8e-39  129.7  14.7   1   1   2.1e-17   1.4e-14   48.9   0.5    51   190   395   525   388   530 0.93 -
GT2_Glycos_transf_2.hmm PF00535.25   170 A5-S03_104_cg306_3   -            237   9.1e-33  108.7   0.1   1   1     4e-35   1.3e-32  108.3   0.1     1   168     4   174     4   176 0.90 Glycosyl transferase family 2
GT81.hmm                -            293 A5-S03_104_cg306_3   -            237     1e-18   62.6   0.0   1   1   4.5e-21   1.5e-18   62.0   0.0    22   225     2   202     1   216 0.80 -
GT41.hmm             -            705 A5-S03_104_cg310_2   -            376   6.4e-28   92.9   3.3   1   1   2.2e-20   1.4e-17   58.7   0.5    77   191   180   284   145   286 0.86 -
AA4.hmm              -            522 A5-S03_104_cg317_11  -            870     3e-16   54.4   0.1   1   1   6.3e-17     4e-14   47.4   0.1    53   166    44   154    26   183 0.80 -
GT41.hmm             -            705 A5-S03_104_cg327_2   -           1059   4.5e-24   80.2  12.6   1   1   9.8e-16   6.3e-13   43.4   0.2    63   190   823   940   815   941 0.92 -
AA4.hmm              -            522 A5-S03_104_cg337_4   -            462   1.4e-30  101.7   0.0   1   1   4.4e-28   1.4e-25   85.2   0.0    14   201     4   196     1   240 0.82 -
AA7.hmm              -            458 A5-S03_104_cg337_4   -            462   3.1e-24   81.7   0.1   1   1   1.6e-25   5.1e-23   77.7   0.4    13   187    49   230    41   251 0.85 -
GT2_Glycos_transf_2.hmm PF00535.25   170 A5-S03_104_cg338_8   -            288   1.1e-31  105.2   0.0   1   1   6.9e-34   1.5e-31  104.8   0.0     1   166     7   162     7   166 0.84 Glycosyl transferase family 2
GT2_Glyco_tranf_2_3.hmm PF13641.5    230 A5-S03_104_cg338_8   -            288   2.4e-24   81.8   0.0   1   1   1.7e-26   3.7e-24   81.2   0.0     4   194     6   184     4   188 0.90 Glycosyltransferase like family 2
GT2_Glyco_tranf_2_2.hmm PF10111.8    276 A5-S03_104_cg338_8   -            288   1.6e-17   59.2   0.0   1   1   1.5e-18   3.2e-16   54.9   0.0     2   202     8   187     7   201 0.84 Glycosyltransferase like family 2
GT4.hmm              -            160 A5-S03_104_cg345_2   -            368   1.1e-38  127.7   0.0   1   1   7.2e-41   2.3e-38  126.7   0.0     9   152   185   326   179   333 0.97 -
GT5.hmm              -            472 A5-S03_104_cg345_2   -            368   1.3e-21   72.1   0.0   1   1   7.6e-24   2.4e-21   71.2   0.0   288   471   181   358   168   359 0.81 -
GT83.hmm             -            540 A5-S03_104_cg350_4   -            570  1.9e-118  391.6  42.1   1   1  3.9e-121  2.5e-118  391.2  42.1     9   492    25   518    18   539 0.81 -
AA3.hmm              -            618 A5-S03_104_cg353_1   -            499   2.3e-52  173.5   0.0   1   1   1.2e-54   2.6e-52  173.3   0.0   101   400     1   496     1   498 0.75 -
AA3_2.hmm            -            568 A5-S03_104_cg353_1   -            499   1.4e-26   88.6   0.0   1   1   3.2e-16   6.7e-14   46.7   0.0    14   321     1   301     1   325 0.71 -
GT41.hmm             -            705 A5-S03_104_cg377_1   -            599   1.1e-30  102.0  12.8   1   2   8.9e-20   5.7e-17   56.7   0.1   110   191   453   535   437   536 0.85 -
GT41.hmm             -            705 A5-S03_104_cg377_1   -            599   1.1e-30  102.0  12.8   2   2   5.5e-17   3.5e-14   47.5   1.9   125   201   503   574   502   584 0.88 -
GT19.hmm             -            354 A5-S03_104_cg405_8   -            383  1.8e-127  420.1   0.1   1   1  3.1e-130    2e-127  419.9   0.1     1   353    11   365    11   366 0.98 -
GT30.hmm             -            177 A5-S03_104_cg405_10  -            432   7.6e-58  190.2   0.0   1   1   2.8e-59   1.8e-56  185.7   0.0     1   173    33   213    33   215 0.95 -
GT9.hmm              -            225 A5-S03_104_cg405_13  -            376   6.7e-57  188.3   0.0   1   1   1.3e-59   8.3e-57  188.0   0.0     4   219    85   333    82   339 0.86 -
GT9.hmm              -            225 A5-S03_104_cg405_16  -            360   7.1e-53  175.1   0.0   1   1   1.5e-55   9.9e-53  174.6   0.0     4   223    87   332    85   334 0.87 -
GT83.hmm             -            540 A5-S03_104_cg405_18  -            180   1.5e-39  131.3   9.5   1   1   2.7e-42   1.7e-39  131.0   9.5     9   171    13   180     7   180 0.94 -
GT2_Glycos_transf_2.hmm PF00535.25   170 A5-S03_104_cg410_6   -            288   3.7e-33  110.0   0.0   1   1     3e-35   4.8e-33  109.6   0.0     1   166     7   162     7   166 0.82 Glycosyl transferase family 2
GT2_Glyco_tranf_2_3.hmm PF13641.5    230 A5-S03_104_cg410_6   -            288   1.6e-25   85.6   0.0   1   1   1.5e-27   2.4e-25   85.0   0.0     4   194     6   184     4   190 0.91 Glycosyltransferase like family 2
GT2_Glyco_tranf_2_2.hmm PF10111.8    276 A5-S03_104_cg410_6   -            288   2.2e-21   71.8   0.0   1   1   2.5e-22     4e-20   67.7   0.0     1   206     7   191     7   205 0.85 Glycosyltransferase like family 2
GT27.hmm                -            295 A5-S03_104_cg410_6   -            288   9.6e-18   59.8   0.0   1   1     1e-16   1.6e-14   49.2   0.0     1   116     7   114     7   119 0.91 -
GT2_Glycos_transf_2.hmm PF00535.25   170 A5-S03_104_cg420_7   -            211   1.5e-31  104.8   0.0   1   1     3e-34   1.9e-31  104.5   0.0     1   164     8   157     8   162 0.94 Glycosyl transferase family 2
CBM50.hmm            -             40 A5-S03_104_cg447_2   -            627   1.7e-35  116.4   5.1   1   2   4.3e-15   1.4e-12   43.1   0.1     1    39   501   543   501   543 0.88 -
CBM50.hmm            -             40 A5-S03_104_cg447_2   -            627   1.7e-35  116.4   5.1   2   2   3.9e-15   1.2e-12   43.3   0.3     1    39   573   615   573   615 0.90 -
GH23.hmm             -            135 A5-S03_104_cg447_2   -            627   1.7e-22   75.7   0.5   1   1   1.4e-24   4.4e-22   74.3   0.1     2   122   202   340   201   349 0.90 -
GH23.hmm             -            135 A5-S03_104_cg461_4   -            399   3.9e-19   64.8   0.0   1   1   1.3e-21   8.3e-19   63.7   0.0     3   105   125   239   123   269 0.81 -
AA3.hmm              -            618 A5-S03_104_cg510_3   -            551   2.8e-60  199.6   0.0   1   1   2.3e-62   3.7e-60  199.2   0.0    90   402     7   545     3   549 0.74 -
AA3_2.hmm            -            568 A5-S03_104_cg510_3   -            551   3.9e-34  113.5   0.0   1   2   2.8e-22   4.5e-20   67.1   0.0     4   280     8   299     6   301 0.78 -
AA3_2.hmm            -            568 A5-S03_104_cg510_3   -            551   3.9e-34  113.5   0.0   2   2     4e-15   6.5e-13   43.5   0.0   505   566   480   541   474   543 0.95 -
GT41.hmm             -            705 A5-S03_104_cg511_3   -            190   3.5e-15   50.8   0.0   1   1     3e-15   1.9e-12   41.8   0.0    74   191    25   131    19   138 0.94 -
AA7.hmm              -            458 A5-S03_104_cg541_1   -            380   8.6e-15   50.6   0.0   1   1     4e-17   2.6e-14   49.0   0.0    10   199   155   356   150   375 0.83 -
AA3_2.hmm            -            568 A5-S03_104_cg550_3   -            504  2.7e-124  411.2   0.0   1   2   6.2e-85   7.9e-83  274.3   0.0     2   324     4   313     3   322 0.91 -
AA3_2.hmm            -            568 A5-S03_104_cg550_3   -            504  2.7e-124  411.2   0.0   2   2   8.4e-43   1.1e-40  135.2   0.0   409   567   345   501   317   502 0.92 -
AA3.hmm              -            618 A5-S03_104_cg550_3   -            504   1.1e-83  276.9   0.0   1   1   9.8e-86   1.3e-83  276.7   0.0    86   399     1   501     1   503 0.84 -
AA3_3.hmm            -            590 A5-S03_104_cg550_3   -            504   1.6e-69  230.1   0.0   1   2     9e-54   1.2e-51  171.1   0.0     2   316     4   307     3   317 0.90 -
AA3_3.hmm            -            590 A5-S03_104_cg550_3   -            504   1.6e-69  230.1   0.0   2   2   2.9e-17   3.7e-15   50.5   0.0   516   586   429   500   424   502 0.91 -
AA3_1.hmm            -            548 A5-S03_104_cg550_3   -            504   2.8e-56  186.5   0.0   1   2   1.3e-39   1.6e-37  124.5   0.1    15   325     3   308     1   316 0.75 -
AA3_1.hmm            -            548 A5-S03_104_cg550_3   -            504   2.8e-56  186.5   0.0   2   2   3.5e-19   4.5e-17   57.0   0.0   398   542   354   497   342   502 0.79 -
AA8.hmm              -            815 A5-S03_104_cg550_3   -            504   2.5e-41  136.8   0.1   1   1   2.9e-31   3.7e-29   96.5   0.2   244   515     3   278     1   316 0.76 -
AA5.hmm              -           1281 A5-S03_104_cg559_2   -            314   6.7e-24   78.8   7.5   1   1   4.6e-26   1.5e-23   77.7   7.5   560   865    28   313    17   313 0.87 -
GH65.hmm             -            372 A5-S03_104_cg562_1   -            774    4e-134  442.5   0.1   1   1  7.7e-137  4.9e-134  442.2   0.1     1   369   317   725   317   728 0.98 -
#
# Program:         hmmscan
# Version:         3.3.1 (Jul 2020)
# Pipeline mode:   SCAN
# Query file:      /beegfs/home/lxd/2_sea_metagenomics/6.metabat2/bins_redup_refinem_drep/derep_70_10/derepbins_prodigal/A5-S03_104.proteins.faa
# Target file:     /beegfs/home/lxd/4_salt_metagenomics/tools/CAZy/dbCAN-HMMdb-V8.txt
# Option settings: hmmscan --tblout A5-S03_104.tbl --domtblout A5-S03_104_dom.tbl --acc --noali --notextw -E 1e-14 --domE 1e-14 --cpu 30 /beegfs/home/lxd/4_salt_metagenomics/tools/CAZy/dbCAN-HMMdb-V8.txt /beegfs/home/lxd/2_sea_metagenomics/6.metabat2/bins_redup_refinem_drep/derep_70_10/derepbins_prodigal/A5-S03_104.proteins.faa 
# Current dir:     /beegfs/home/lxd/2_sea_metagenomics/6.metabat2/bins_redup_refinem_drep/derep_70_10/derepbins_cazy
# Date:            Thu Mar  4 08:56:36 2021
# [ok]
