#                                                                            --- full sequence --- -------------- this domain -------------   hmm coord   ali coord   env coord
# target name        accession   tlen query name           accession   qlen   E-value  score  bias   #  of  c-Evalue  i-Evalue  score  bias  from    to  from    to  from    to  acc description of target
#------------------- ---------- ----- -------------------- ---------- ----- --------- ------ ----- --- --- --------- --------- ------ ----- ----- ----- ----- ----- ----- ----- ---- ---------------------
GT41.hmm             -            705 A5-S04_125_cg2_1     -            646   2.8e-77  256.1  40.9   1   2   7.1e-19   4.6e-16   53.7   1.7    45   191   272   408   261   410 0.86 -
GT41.hmm             -            705 A5-S04_125_cg2_1     -            646   2.8e-77  256.1  40.9   2   2   1.2e-21   7.7e-19   62.9   3.6    46   191   443   612   408   637 0.63 -
GT51.hmm             -            177 A5-S04_125_cg4_11    -            240   5.9e-52  171.0   0.0   1   1   1.2e-54   7.4e-52  170.7   0.0    13   176    69   231    61   232 0.97 -
GT41.hmm             -            705 A5-S04_125_cg6_2     -            368   5.8e-37  122.8   3.0   1   2   6.2e-18     4e-15   50.6   0.1    58   191    46   169     3   170 0.79 -
GT41.hmm             -            705 A5-S04_125_cg6_2     -            368   5.8e-37  122.8   3.0   2   2   1.3e-17   8.6e-15   49.5   0.0    77   188   235   336   233   341 0.95 -
GH23.hmm             -            135 A5-S04_125_cg10_2    -            196   9.2e-26   86.3   0.0   1   1   1.9e-28   1.2e-25   85.9   0.0    11   127    72   193    64   195 0.89 -
GT4.hmm              -            160 A5-S04_125_cg20_5    -            245   7.6e-26   86.0   0.0   1   1   1.6e-28   1.1e-25   85.5   0.0    12   150    60   203    54   212 0.87 -
GT4.hmm              -            160 A5-S04_125_cg20_7    -            404   6.1e-38  125.3   0.0   1   1     3e-40   9.5e-38  124.7   0.0     8   150   220   368   214   374 0.96 -
GT5.hmm              -            472 A5-S04_125_cg20_7    -            404   1.3e-20   68.7   0.0   1   1   6.4e-23     2e-20   68.1   0.0   273   468   205   396   181   399 0.82 -
GT41.hmm             -            705 A5-S04_125_cg22_2    -            222   1.4e-15   52.2  16.5   1   1   1.7e-17   1.1e-14   49.2  16.5    25   218    11   185     1   216 0.75 -
GT41.hmm             -            705 A5-S04_125_cg32_2    -            380   2.9e-36  120.5   9.4   1   2   2.2e-15   1.4e-12   42.2   0.1    75   191    94   200    91   202 0.95 -
GT41.hmm             -            705 A5-S04_125_cg32_2    -            380   2.9e-36  120.5   9.4   2   2   4.6e-15   2.9e-12   41.2   0.0   122   191   199   268   197   273 0.94 -
GT2_Glycos_transf_2.hmm PF00535.25   170 A5-S04_125_cg34_1    -            509   2.7e-24   81.2   0.0   1   1   7.8e-27     5e-24   80.3   0.0     2   167     6   167     5   169 0.94 Glycosyl transferase family 2
GH3.hmm              -            216 A5-S04_125_cg41_2    -            365   1.8e-64  212.5   0.0   1   1   3.6e-67   2.3e-64  212.2   0.0     2   215    64   291    63   292 0.95 -
GH57.hmm             -            383 A5-S04_125_cg41_4    -            713   9.9e-57  188.0   2.2   1   1   2.1e-59   1.4e-56  187.6   2.2     2   297     8   280     7   337 0.89 -
GT4.hmm              -            160 A5-S04_125_cg49_1    -            326   2.5e-24   81.1   0.0   1   1   7.2e-27   4.6e-24   80.2   0.0     8   160   132   295   126   295 0.95 -
PL12_3.hmm           -            144 A5-S04_125_cg49_2    -            753   4.2e-21   70.7   0.0   1   1   2.2e-23   6.9e-21   70.0   0.0     2   118   591   702   590   720 0.88 -
PL12.hmm             -            138 A5-S04_125_cg49_2    -            753   3.2e-20   68.1   0.0   1   1   1.6e-22   5.2e-20   67.5   0.0     2   113   591   702   590   721 0.89 -
GT4.hmm              -            160 A5-S04_125_cg50_3    -            388   2.4e-28   94.1   0.0   1   1   1.1e-30   6.9e-28   92.6   0.0     7   151   196   346   193   352 0.91 -
GT4.hmm              -            160 A5-S04_125_cg62_12   -            382   1.5e-26   88.3   0.0   1   1   7.9e-29   5.1e-26   86.6   0.0     7   157   203   347   198   351 0.93 -
GT2_Glycos_transf_2.hmm PF00535.25   170 A5-S04_125_cg64_4    -            228   5.3e-23   77.0   0.0   1   1   2.1e-25   6.6e-23   76.7   0.0     1   118     6   115     6   164 0.89 Glycosyl transferase family 2
GT81.hmm                -            293 A5-S04_125_cg64_4    -            228   1.9e-17   58.3   0.0   1   1   6.5e-20   2.1e-17   58.2   0.0    22   146     4   111     1   185 0.85 -
GT51.hmm             -            177 A5-S04_125_cg69_2    -            240   4.2e-52  171.5   0.0   1   1   8.3e-55   5.3e-52  171.2   0.0    14   176    70   231    62   232 0.97 -
GT2_Glycos_transf_2.hmm PF00535.25   170 A5-S04_125_cg71_8    -            381   1.7e-29   98.1   0.0   1   1   1.1e-31   2.2e-29   97.7   0.0     1   169    44   216    44   217 0.95 Glycosyl transferase family 2
GT2_Glyco_tranf_2_3.hmm PF13641.5    230 A5-S04_125_cg71_8    -            381   1.3e-24   82.7   0.0   1   1   9.9e-27   2.1e-24   82.0   0.0     1   212    41   254    40   270 0.86 Glycosyltransferase like family 2
GT21.hmm                -            233 A5-S04_125_cg71_8    -            381   1.5e-21   72.3   0.0   1   1   1.1e-23   2.3e-21   71.7   0.0     1   207    41   247    41   265 0.87 -
GT9.hmm              -            225 A5-S04_125_cg92_4    -            361   7.3e-49  162.0   0.0   1   1   1.5e-51   9.6e-49  161.6   0.0     3   221    72   323    70   327 0.87 -
AA5.hmm              -           1281 A5-S04_125_cg94_2    -            320     8e-24   78.5   9.5   1   1   1.2e-19   3.8e-17   56.4   1.3   557   718    24   183    18   194 0.79 -
GT35.hmm             -            674 A5-S04_125_cg114_5   -            744  3.2e-288  953.0   0.0   1   1  5.6e-291  3.6e-288  952.9   0.0     1   674    26   742    26   742 0.98 -
GH23.hmm             -            135 A5-S04_125_cg117_5   -           1058   1.1e-23   79.5   0.0   1   1     9e-26   5.8e-23   77.2   0.0    14   122   908  1038   895  1045 0.89 -
CE1.hmm              -            227 A5-S04_125_cg123_3   -            447   1.5e-25   85.6   0.0   1   1   3.3e-28   2.1e-25   85.1   0.0     2   207    89   270    88   290 0.81 -
GT41.hmm             -            705 A5-S04_125_cg124_1   -            458   2.4e-33  110.8   5.7   1   2   2.7e-20   1.7e-17   58.4   0.2    67   191   221   336   190   337 0.84 -
GT41.hmm             -            705 A5-S04_125_cg124_1   -            458   2.4e-33  110.8   5.7   2   2   3.7e-19   2.4e-16   54.7   0.6   122   207   335   417   333   420 0.92 -
GH23.hmm             -            135 A5-S04_125_cg127_3   -            553   5.3e-32  106.5   0.2   1   1   1.4e-33     9e-31  102.5   0.0     8   122   395   529   387   536 0.90 -
GT41.hmm             -            705 A5-S04_125_cg128_4   -            751     5e-38  126.3  12.9   1   1   1.3e-15   8.4e-13   43.0   2.0    55   191   404   530   398   538 0.93 -
GT51.hmm             -            177 A5-S04_125_cg141_17  -            687   1.9e-67  221.5   0.1   1   1   5.3e-70   3.4e-67  220.6   0.1    11   177    65   231    57   231 0.97 -
GT41.hmm             -            705 A5-S04_125_cg144_4   -            533   1.1e-27   92.2   2.1   1   1   5.7e-22   3.7e-19   64.0   0.0    33   191   129   277   109   489 0.87 -
GT51.hmm             -            177 A5-S04_125_cg167_1   -            668   1.6e-28   94.7   0.1   1   1   5.3e-31   3.4e-28   93.6   0.0    98   176     2    80     1    81 0.97 -
GT2_Glycos_transf_2.hmm PF00535.25   170 A5-S04_125_cg172_10  -            511   1.6e-33  111.2   0.1   1   1   8.7e-36   2.8e-33  110.4   0.1     1   167   263   426   263   428 0.93 Glycosyl transferase family 2
GT81.hmm                -            293 A5-S04_125_cg172_10  -            511   2.9e-15   51.2   0.0   1   1   1.2e-17     4e-15   50.7   0.0    17   127   255   359   242   416 0.82 -
GT83.hmm             -            540 A5-S04_125_cg175_4   -            456   1.1e-24   82.2  50.0   1   1   2.3e-27   1.4e-24   81.8  50.0    82   392    33   348     9   368 0.69 -
GH102.hmm            -            157 A5-S04_125_cg179_10  -            498   3.5e-39  129.6   0.0   1   1   8.1e-42   5.2e-39  129.1   0.0     1   157   238   395   238   395 0.98 -
GT5.hmm              -            472 A5-S04_125_cg188_6   -            488  1.3e-182  602.9   0.0   1   1  4.7e-185  1.5e-182  602.7   0.0     1   471     6   481     6   482 0.99 -
GT4.hmm              -            160 A5-S04_125_cg188_6   -            488   5.2e-18   60.5   0.0   1   1   2.8e-20   8.9e-18   59.8   0.0     6   153   299   450   296   457 0.88 -
GT41.hmm             -            705 A5-S04_125_cg191_3   -            603   9.5e-18   59.3   0.0   1   1   1.8e-19   1.2e-16   55.7   0.0    60   191   138   293   122   384 0.85 -
GT41.hmm             -            705 A5-S04_125_cg192_2   -            760   3.3e-40  133.5  10.5   1   2   4.3e-15   2.8e-12   41.3   0.2    49   189   218   348   177   350 0.82 -
GT41.hmm             -            705 A5-S04_125_cg192_2   -            760   3.3e-40  133.5  10.5   2   2   4.1e-15   2.6e-12   41.3   0.1    85   190   595   691   589   745 0.93 -
GT2_Glycos_transf_2.hmm PF00535.25   170 A5-S04_125_cg201_1   -            138   4.3e-35  116.3   0.0   1   1   1.6e-37     5e-35  116.1   0.0     1   109    13   116    13   130 0.96 Glycosyl transferase family 2
GT2_Glyco_tranf_2_3.hmm PF13641.5    230 A5-S04_125_cg201_1   -            138   5.7e-19   64.2   0.0   1   1   2.2e-21   7.1e-19   63.9   0.0     1   126    10   126    10   135 0.87 Glycosyltransferase like family 2
GT4.hmm              -            160 A5-S04_125_cg207_4   -            391   1.8e-22   75.1   0.0   1   1   4.3e-25   2.8e-22   74.4   0.0     6   157   200   357   195   360 0.94 -
GT2_Glycos_transf_2.hmm PF00535.25   170 A5-S04_125_cg210_1   -            103   1.8e-23   78.5   0.0   1   1   3.2e-26     2e-23   78.3   0.0     1    97     5   102     5   103 0.94 Glycosyl transferase family 2
GT2_Glycos_transf_2.hmm PF00535.25   170 A5-S04_125_cg210_2   -            251     9e-23   76.2   0.0   1   1     2e-25   1.3e-22   75.7   0.0     1   145     3   131     3   150 0.84 Glycosyl transferase family 2
GT83.hmm             -            540 A5-S04_125_cg210_5   -            502   1.9e-71  236.5  37.9   1   1   7.4e-74   2.4e-71  236.2  37.9     6   361    11   373     6   414 0.86 -
GT39.hmm             -            223 A5-S04_125_cg210_5   -            502   5.9e-23   76.9  12.4   1   1   1.8e-25   5.9e-23   76.9  12.4    20   190    36   209    16   251 0.84 -
GT41.hmm             -            705 A5-S04_125_cg219_5   -            757   1.4e-74  247.2  25.0   1   3   5.3e-20   3.4e-17   57.5   1.4    71   191    29   173    21   177 0.88 -
GT41.hmm             -            705 A5-S04_125_cg219_5   -            757   1.4e-74  247.2  25.0   2   3   5.8e-15   3.7e-12   40.8   4.8    68   192   264   386   261   395 0.87 -
GT41.hmm             -            705 A5-S04_125_cg219_5   -            757   1.4e-74  247.2  25.0   3   3   7.1e-20   4.6e-17   57.1   2.0    55   191   523   649   514   652 0.93 -
GH109.hmm            -            126 A5-S04_125_cg221_2   -            351   1.2e-15   53.3   2.0   1   1   6.3e-18     4e-15   51.6   2.0     1   118     6   115     6   121 0.88 -
GT2_Glycos_transf_2.hmm PF00535.25   170 A5-S04_125_cg223_2   -            243   6.7e-27   89.7   0.0   1   1   1.3e-29   8.2e-27   89.4   0.0     1   122     8   129     8   173 0.81 Glycosyl transferase family 2
GH57.hmm             -            383 A5-S04_125_cg229_10  -             68   1.3e-15   52.7   0.2   1   1   2.2e-18   1.4e-15   52.6   0.2     1    55     7    68     7    68 0.97 -
GT41.hmm             -            705 A5-S04_125_cg230_9   -            306   1.7e-22   75.0   3.5   1   1   2.2e-16   1.4e-13   45.5   0.1    54   191    77   238    67   239 0.89 -
GT4.hmm              -            160 A5-S04_125_cg236_3   -            724   1.6e-37  124.0   0.0   1   1   3.8e-40   2.5e-37  123.3   0.0     5   141   570   722   566   724 0.91 -
GT41.hmm             -            705 A5-S04_125_cg242_3   -            304   3.5e-19   64.1   0.5   1   1   7.5e-16   4.8e-13   43.8   0.4    43   189    63   199    38   202 0.58 -
GT2_Glycos_transf_2.hmm PF00535.25   170 A5-S04_125_cg245_5   -            231   9.8e-40  131.4   0.0   1   1   3.8e-42   1.2e-39  131.1   0.0     1   169     7   169     7   170 0.98 Glycosyl transferase family 2
GT81.hmm                -            293 A5-S04_125_cg245_5   -            231   7.7e-17   56.4   0.0   1   1   3.6e-19   1.1e-16   55.8   0.0    21   144     4   115     2   201 0.85 -
GT2_Glycos_transf_2.hmm PF00535.25   170 A5-S04_125_cg251_5   -            511     1e-33  111.8   0.0   1   1   5.2e-36   1.7e-33  111.1   0.0     1   168   263   427   263   429 0.92 Glycosyl transferase family 2
GT81.hmm                -            293 A5-S04_125_cg251_5   -            511   1.6e-15   52.0   0.0   1   1   7.8e-18   2.5e-15   51.4   0.0    19   127   258   359   243   365 0.86 -
GH13_11.hmm          -            351 A5-S04_125_cg263_3   -            698  9.4e-154  507.1   0.0   1   1  2.4e-155  1.2e-153  506.8   0.0     1   351   191   541   191   541 0.99 -
GH13.hmm             -            299 A5-S04_125_cg263_3   -            698   4.1e-49  163.7   0.9   1   1   1.6e-50     8e-49  162.7   0.9    12   296   191   547   187   550 0.91 -
GH13_14.hmm          -            289 A5-S04_125_cg263_3   -            698   3.1e-45  150.0   0.0   1   1   8.9e-47   4.4e-45  149.5   0.0     1   289   203   537   203   537 0.85 -
GH13_10.hmm          -            313 A5-S04_125_cg263_3   -            698   2.5e-42  140.6   0.1   1   1   3.1e-43   1.5e-41  138.0   0.1     4   313   191   539   189   539 0.78 -
GH13_41.hmm          -            294 A5-S04_125_cg263_3   -            698   7.4e-34  112.8   0.0   1   1   2.3e-35   1.2e-33  112.1   0.0     2   293   193   543   192   544 0.86 -
GH13_13.hmm          -            361 A5-S04_125_cg263_3   -            698   1.7e-30  101.6   0.3   1   1   1.1e-28   5.5e-27   90.0   0.0    60   180   236   357   230   362 0.93 -
GH13_9.hmm           -            301 A5-S04_125_cg263_3   -            698   6.5e-24   79.9   0.0   1   1     5e-25   2.5e-23   78.0   0.0     2   133   205   356   204   372 0.83 -
GH13_37.hmm          -            320 A5-S04_125_cg263_3   -            698   1.4e-22   75.2   0.1   1   1   2.9e-21   1.4e-19   65.4   0.0     9   157   192   359   188   365 0.75 -
GH13_12.hmm          -            284 A5-S04_125_cg263_3   -            698   2.8e-22   74.9   0.0   1   1   1.5e-23   7.4e-22   73.6   0.0    10   153   203   357   192   363 0.83 -
GH13_32.hmm          -            269 A5-S04_125_cg263_3   -            698   7.3e-21   70.2   0.0   1   1   1.5e-21   7.5e-20   66.8   0.0     1   255   210   476   210   484 0.75 -
GH13_28.hmm          -            266 A5-S04_125_cg263_3   -            698     3e-16   54.7   0.0   1   1   1.7e-17   8.6e-16   53.2   0.0    10   163   203   359   194   380 0.81 -
GT19.hmm             -            354 A5-S04_125_cg273_11  -            394  5.5e-113  372.4   0.0   1   1  9.8e-116  6.3e-113  372.3   0.0     1   353     9   364     9   365 0.99 -
CE11.hmm             -            271 A5-S04_125_cg274_6   -            681   2.6e-82  271.4   0.0   1   1   9.1e-85   5.8e-82  270.3   0.0     1   270   402   670   402   671 0.96 -
GT30.hmm             -            177 A5-S04_125_cg276_5   -            424   2.9e-54  178.5   0.2   1   1   8.9e-57   5.7e-54  177.6   0.2     9   176    40   209    32   209 0.95 -
GT30.hmm             -            177 A5-S04_125_cg276_6   -            454   2.1e-52  172.5   0.0   1   1   3.8e-54   2.4e-51  169.0   0.0     3   176    61   240    58   240 0.96 -
GT2_Glycos_transf_2.hmm PF00535.25   170 A5-S04_125_cg298_3   -            236     7e-19   63.6   0.0   1   1   1.4e-21   8.9e-19   63.2   0.0     1    93    14    96    14   160 0.93 Glycosyl transferase family 2
GT51.hmm             -            177 A5-S04_125_cg299_8   -            575   3.3e-65  214.2   0.1   1   1   8.4e-68   5.4e-65  213.5   0.1    11   176    65   230    57   231 0.97 -
#
# Program:         hmmscan
# Version:         3.3.1 (Jul 2020)
# Pipeline mode:   SCAN
# Query file:      /beegfs/home/lxd/2_sea_metagenomics/6.metabat2/bins_redup_refinem_drep/derep_70_10/derepbins_prodigal/A5-S04_125.proteins.faa
# Target file:     /beegfs/home/lxd/4_salt_metagenomics/tools/CAZy/dbCAN-HMMdb-V8.txt
# Option settings: hmmscan --tblout A5-S04_125.tbl --domtblout A5-S04_125_dom.tbl --acc --noali --notextw -E 1e-14 --domE 1e-14 --cpu 30 /beegfs/home/lxd/4_salt_metagenomics/tools/CAZy/dbCAN-HMMdb-V8.txt /beegfs/home/lxd/2_sea_metagenomics/6.metabat2/bins_redup_refinem_drep/derep_70_10/derepbins_prodigal/A5-S04_125.proteins.faa 
# Current dir:     /beegfs/home/lxd/2_sea_metagenomics/6.metabat2/bins_redup_refinem_drep/derep_70_10/derepbins_cazy
# Date:            Thu Mar  4 09:58:44 2021
# [ok]
