#                                                                            --- full sequence --- -------------- this domain -------------   hmm coord   ali coord   env coord
# target name        accession   tlen query name           accession   qlen   E-value  score  bias   #  of  c-Evalue  i-Evalue  score  bias  from    to  from    to  from    to  acc description of target
#------------------- ---------- ----- -------------------- ---------- ----- --------- ------ ----- --- --- --------- --------- ------ ----- ----- ----- ----- ----- ----- ----- ---- ---------------------
GH74.hmm             -            233 A5-S04_70_cg6_1      -           1051   1.1e-45  151.2  37.4   1   1   3.9e-17   2.5e-14   48.5   2.9    25   125   102   206    93   226 0.78 -
GT41.hmm             -            705 A5-S04_70_cg17_6     -            269   1.3e-19   65.5   3.4   1   1   2.5e-18   1.6e-15   51.9   0.9    46   190    45   179    31   181 0.88 -
GT83.hmm             -            540 A5-S04_70_cg19_1     -            118   2.3e-26   87.7   0.7   1   1   3.7e-29   2.4e-26   87.7   0.7     7   114     4   114     1   118 0.86 -
GT2_Glycos_transf_2.hmm PF00535.25   170 A5-S04_70_cg19_3     -            267   2.7e-20   68.2   0.0   1   1     6e-23   3.9e-20   67.6   0.0     1   155    19   166    19   180 0.79 Glycosyl transferase family 2
GH3.hmm              -            216 A5-S04_70_cg51_1     -            593   3.4e-56  185.5   0.0   1   1   9.4e-59     6e-56  184.7   0.0     4   214   104   329   102   330 0.94 -
CE1.hmm              -            227 A5-S04_70_cg52_2     -            270   2.1e-36  121.1   0.0   1   1   3.9e-39   2.5e-36  120.8   0.0     2   223    19   252    18   255 0.79 -
CE1.hmm              -            227 A5-S04_70_cg57_6     -            291   1.1e-34  115.5   0.0   1   1     2e-37   1.3e-34  115.2   0.0     1   223    33   282    33   286 0.77 -
CE1.hmm              -            227 A5-S04_70_cg57_7     -            235   3.6e-19   64.7   0.0   1   1   6.6e-22   4.2e-19   64.5   0.0    63   221    65   232    29   234 0.72 -
GH109.hmm            -            126 A5-S04_70_cg61_3     -            457   8.9e-52  170.1   0.2   1   1   2.2e-54   1.4e-51  169.4   0.2     1   126    40   165    40   165 0.99 -
GH13_36.hmm          -            314 A5-S04_70_cg68_2     -            536  3.2e-124  409.6   5.4   1   1  2.7e-125  4.6e-124  409.1   5.4     1   313    63   393    63   394 0.97 -
GH13.hmm             -            299 A5-S04_70_cg68_2     -            536   1.1e-81  270.7  10.3   1   1   8.4e-83   1.4e-81  270.2  10.3    13   295    63   397    55   401 0.91 -
GH13_20.hmm          -            300 A5-S04_70_cg68_2     -            536     3e-72  238.8   3.1   1   1   2.3e-73     4e-72  238.3   3.1     1   298    63   395    63   397 0.87 -
GH13_16.hmm          -            353 A5-S04_70_cg68_2     -            536   1.3e-69  230.2   9.0   1   1     4e-62   6.9e-61  201.5   5.2     1   282    63   353    63   360 0.86 -
GH13_23.hmm          -            344 A5-S04_70_cg68_2     -            536   2.2e-67  223.3   4.5   1   2   1.1e-51   1.9e-50  167.6   4.0     1   180    63   256    63   259 0.88 -
GH13_23.hmm          -            344 A5-S04_70_cg68_2     -            536   2.2e-67  223.3   4.5   2   2     6e-18     1e-16   56.7   0.0   206   341   252   392   251   395 0.80 -
GH13_31.hmm          -            349 A5-S04_70_cg68_2     -            536   3.5e-67  222.5   7.4   1   1   1.1e-65   1.9e-64  213.5   7.4     1   347    63   392    63   394 0.80 -
GH13_21.hmm          -            308 A5-S04_70_cg68_2     -            536   1.5e-62  207.0   3.4   1   1   2.4e-63   4.1e-62  205.6   3.4     1   307    63   394    63   395 0.86 -
GH13_39.hmm          -            316 A5-S04_70_cg68_2     -            536     2e-57  190.2   6.0   1   1   2.2e-58   3.7e-57  189.3   6.0     1   313    63   395    63   397 0.91 -
GH13_17.hmm          -            350 A5-S04_70_cg68_2     -            536   3.3e-54  179.6   8.4   1   1   7.9e-44   1.4e-42  141.4   6.7     1   184    63   257    63   268 0.87 -
GH13_29.hmm          -            344 A5-S04_70_cg68_2     -            536   7.6e-54  178.4   6.0   1   1   2.8e-53   4.8e-52  172.5   6.0     1   342    62   392    62   394 0.77 -
GH13_40.hmm          -            359 A5-S04_70_cg68_2     -            536   1.3e-53  177.5   5.1   1   1   1.4e-44   2.4e-43  143.8   4.7     1   183    63   254    63   258 0.89 -
GH13_30.hmm          -            365 A5-S04_70_cg68_2     -            536     1e-49  164.9   9.7   1   1   7.9e-42   1.4e-40  134.9   2.1     1   188    63   257    63   264 0.80 -
GH13_1.hmm           -            306 A5-S04_70_cg68_2     -            536   4.9e-48  159.0   1.2   1   1   2.9e-49   4.9e-48  159.0   1.2     2   302    63   395    62   398 0.79 -
GH13_2.hmm           -            310 A5-S04_70_cg68_2     -            536   1.1e-43  145.1   4.5   1   1   6.4e-45   1.1e-43  145.1   4.5     2   307    63   388    62   391 0.82 -
GH13_35.hmm          -            351 A5-S04_70_cg68_2     -            536     2e-43  144.3   5.1   1   1   3.8e-36   6.6e-35  116.2   4.1     1   184    63   258    63   308 0.84 -
GH13_41.hmm          -            294 A5-S04_70_cg68_2     -            536   1.5e-39  131.5   2.5   1   1   2.3e-40   3.9e-39  130.1   2.5     1   293    63   394    63   395 0.79 -
GH13_14.hmm          -            289 A5-S04_70_cg68_2     -            536   1.9e-36  121.1   3.6   1   1   1.7e-37   2.9e-36  120.5   3.6     1   289    72   388    72   388 0.74 -
GH13_19.hmm          -            360 A5-S04_70_cg68_2     -            536   1.6e-34  114.8  12.4   1   2   7.4e-20   1.3e-18   62.5   3.6     1   113    63   172    63   220 0.75 -
GH13_19.hmm          -            360 A5-S04_70_cg68_2     -            536   1.6e-34  114.8  12.4   2   2   8.7e-18   1.5e-16   55.7   0.5   198   359   225   388   200   389 0.80 -
GH13_10.hmm          -            313 A5-S04_70_cg68_2     -            536   7.3e-33  109.5   0.6   1   1   2.5e-30   4.3e-29   97.1   0.6     8   246    66   352    62   356 0.87 -
GH13_37.hmm          -            320 A5-S04_70_cg68_2     -            536   2.1e-30  101.0   2.8   1   1   6.8e-18   1.2e-16   55.8   0.1     8   115    62   158    56   184 0.84 -
GH13_34.hmm          -            244 A5-S04_70_cg68_2     -            536   5.8e-30   99.9   0.0   1   1   1.5e-16   2.6e-15   51.9   0.0     2    86    64   150    63   163 0.88 -
GH13_4.hmm           -            400 A5-S04_70_cg68_2     -            536   1.8e-29   98.0   1.6   1   1   2.3e-28   3.9e-27   90.3   0.7     2   236    63   300    62   356 0.73 -
GH13_13.hmm          -            361 A5-S04_70_cg68_2     -            536   3.1e-29   97.4   8.1   1   1   1.6e-27   2.8e-26   87.7   6.2    59   278    93   367    89   389 0.71 -
GH13_32.hmm          -            269 A5-S04_70_cg68_2     -            536   4.3e-29   97.1   1.9   1   1   3.5e-30     6e-29   96.7   1.9     1   265    79   374    79   378 0.74 -
GH13_6.hmm           -            289 A5-S04_70_cg68_2     -            536   2.7e-27   91.3   4.3   1   1   1.6e-26   2.8e-25   84.7   4.3     2   289    73   384    72   384 0.72 -
GH13_5.hmm           -            342 A5-S04_70_cg68_2     -            536   1.5e-26   88.6   4.3   1   1   8.4e-27   1.5e-25   85.4   4.3     2   342    75   391    74   391 0.76 -
GH13_12.hmm          -            284 A5-S04_70_cg68_2     -            536   8.8e-26   86.5   0.4   1   1   3.4e-26   5.9e-25   83.7   0.4     1   283    63   391    63   392 0.76 -
GH13_42.hmm          -            421 A5-S04_70_cg68_2     -            536   9.7e-26   86.0   8.0   1   1   2.3e-15     4e-14   47.8   0.2     2   117    63   182    62   196 0.78 -
GH13_9.hmm           -            301 A5-S04_70_cg68_2     -            536   1.5e-22   75.4   2.9   1   1   5.7e-16   9.9e-15   49.8   0.2     1    98    73   168    73   181 0.87 -
GH13_28.hmm          -            266 A5-S04_70_cg68_2     -            536   1.3e-21   72.3   3.8   1   1   1.1e-21   1.8e-20   68.6   3.8     6   259    68   352    64   355 0.75 -
GH13_3.hmm           -            210 A5-S04_70_cg68_2     -            536   1.8e-21   71.9   0.1   1   1   1.7e-17   2.9e-16   54.8   0.0     3   115    70   173    68   191 0.80 -
GH13_11.hmm          -            351 A5-S04_70_cg68_2     -            536     2e-19   65.3   2.1   1   1   3.3e-20   5.8e-19   63.8   1.4     5   205    66   289    63   352 0.80 -
GH13_7.hmm           -            289 A5-S04_70_cg68_2     -            536   3.1e-18   61.4  11.3   1   1   1.8e-19   3.1e-18   61.3   7.8     2   286    72   385    71   387 0.69 -
GH13_27.hmm          -            318 A5-S04_70_cg68_2     -            536   3.6e-18   61.1   0.7   1   1   2.9e-19     5e-18   60.7   0.7     3   312    69   379    67   385 0.74 -
GH13_18.hmm          -            343 A5-S04_70_cg68_2     -            536   2.4e-17   58.3   2.0   1   1   2.4e-18   4.2e-17   57.4   1.0     2   258    81   353    80   371 0.78 -
GH13_26.hmm          -            296 A5-S04_70_cg68_2     -            536   4.7e-16   54.4   0.0   1   1   1.1e-16     2e-15   52.4   0.0     2    78    72   143    71   154 0.91 -
CBM9.hmm             -            182 A5-S04_70_cg69_3     -            559   2.3e-18   62.2   4.0   1   1   3.7e-21   2.3e-18   62.2   4.0     1   164    72   239    72   257 0.85 -
GT41.hmm             -            705 A5-S04_70_cg72_4     -            341   8.4e-25   82.6   6.8   1   1   1.3e-15   8.6e-13   42.9   0.6    91   188    30   117    18   134 0.80 -
AA3.hmm              -            618 A5-S04_70_cg90_1     -            378   1.1e-24   82.0   0.0   1   1   4.3e-27   1.4e-24   81.7   0.0   203   400    47   370     4   376 0.79 -
AA3_4.hmm            -            549 A5-S04_70_cg90_1     -            378   7.8e-16   53.1   0.1   1   1     7e-18   2.2e-15   51.6   0.1   411   547   235   369   230   371 0.87 -
GT2_Glycos_transf_2.hmm PF00535.25   170 A5-S04_70_cg92_3     -            339   6.2e-22   73.5   0.0   1   1   2.7e-24   8.6e-22   73.0   0.0     1   126     5   125     5   182 0.79 Glycosyl transferase family 2
GT27.hmm                -            295 A5-S04_70_cg92_3     -            339   2.2e-20   68.4   0.0   1   1   9.5e-23     3e-20   68.0   0.0     1   237     5   233     5   255 0.85 -
GT2_Glycos_transf_2.hmm PF00535.25   170 A5-S04_70_cg93_3     -            239   6.3e-27   89.7   0.1   1   1   1.4e-29   8.8e-27   89.3   0.1     1   168     5   162     5   164 0.83 Glycosyl transferase family 2
GH109.hmm            -            126 A5-S04_70_cg99_3     -            459   1.8e-19   65.7   0.0   1   1   4.4e-22   2.8e-19   65.0   0.0     2   119    56   166    55   172 0.91 -
GT22.hmm             -            389 A5-S04_70_cg100_3    -            539   1.4e-31  105.3  27.5   1   1   2.8e-34   1.8e-31  105.0  27.5     2   360    23   391    22   408 0.86 -
GT19.hmm             -            354 A5-S04_70_cg103_4    -            224   1.9e-80  265.4   0.1   1   1   3.2e-83   2.1e-80  265.3   0.1     2   224     4   222     3   224 0.98 -
GH113.hmm            -            306 A5-S04_70_cg110_3    -            347  1.5e-103  341.3   8.4   1   1  2.7e-106  1.7e-103  341.1   8.4     2   306    40   341    39   341 0.98 -
GT4.hmm              -            160 A5-S04_70_cg132_2    -            425   7.7e-18   60.0   0.1   1   1     3e-20   1.9e-17   58.7   0.1     5   158   225   397   221   399 0.79 -
GH31.hmm             -            427 A5-S04_70_cg133_3    -            336   2.7e-42  140.5   0.1   1   1   5.9e-45   3.8e-42  140.0   0.1     1   111   223   333   223   336 0.98 -
GT2_Glycos_transf_2.hmm PF00535.25   170 A5-S04_70_cg137_2    -            293   1.1e-31  105.2   0.1   1   1   6.7e-34   4.3e-31  103.3   0.1     1   164     4   163     4   167 0.94 Glycosyl transferase family 2
GH109.hmm            -            126 A5-S04_70_cg143_4    -            466     2e-21   72.0   0.7   1   1   6.3e-24     4e-21   71.0   0.7     2   122    54   166    53   169 0.94 -
GT4.hmm              -            160 A5-S04_70_cg146_1    -            745   1.3e-17   59.2   0.0   1   1   4.2e-20   2.7e-17   58.2   0.0     2   154   183   347   182   353 0.92 -
GH130.hmm            -            296 A5-S04_70_cg146_2    -            311    4e-104  342.9   0.0   1   1  7.2e-107  4.6e-104  342.7   0.0     2   295     6   302     5   303 0.98 -
GT41.hmm             -            705 A5-S04_70_cg148_3    -            208   6.1e-15   50.0   0.6   1   1   1.2e-17   7.8e-15   49.7   0.6    55   191    55   181    11   204 0.83 -
GH109.hmm            -            126 A5-S04_70_cg156_2    -            445   4.9e-21   70.7   0.0   1   1   1.4e-23   9.2e-21   69.9   0.0     1   119    42   156    42   160 0.95 -
GT9.hmm              -            225 A5-S04_70_cg162_3    -            400   1.8e-31  105.1   0.0   1   1   4.1e-34   2.6e-31  104.6   0.0     9   213   112   339   104   356 0.71 -
GT87.hmm             -            231 A5-S04_70_cg162_5    -            242   5.1e-21   70.7  11.0   1   1   1.2e-23   7.6e-21   70.1  11.0     4   157    80   232    78   241 0.85 -
GH65.hmm             -            372 A5-S04_70_cg165_3    -            535   6.2e-81  267.4   2.9   1   1   1.3e-83   8.6e-81  267.0   2.9     1   193   334   533   334   535 0.99 -
AA3.hmm              -            618 A5-S04_70_cg175_2    -            573   3.7e-57  189.3   0.0   1   1   3.6e-59   4.6e-57  189.0   0.0    85   403     5   569     1   571 0.80 -
AA3_2.hmm            -            568 A5-S04_70_cg175_2    -            573     1e-27   92.3   0.2   1   1   4.9e-18   6.3e-16   53.4   0.0     1   280     8   303     8   304 0.74 -
AA3_4.hmm            -            549 A5-S04_70_cg175_2    -            573   6.2e-25   83.2   0.0   1   1   1.1e-21   1.4e-19   65.4   0.0   416   549   430   567   419   567 0.92 -
GH74.hmm             -            233 A5-S04_70_cg179_2    -           1031   9.2e-51  167.7  30.5   1   2   2.8e-17   1.8e-14   49.0   1.0    43   114   171   252   146   260 0.82 -
GH74.hmm             -            233 A5-S04_70_cg179_2    -           1031   9.2e-51  167.7  30.5   2   2   9.1e-19   5.8e-16   53.8   0.8    38   113   224   302   198   308 0.80 -
GH74.hmm             -            233 A5-S04_70_cg183_1    -            864   1.5e-56  186.6  25.1   1   2   1.8e-17   1.1e-14   49.6   3.2    30   127   106   209    95   219 0.76 -
GH74.hmm             -            233 A5-S04_70_cg183_1    -            864   1.5e-56  186.6  25.1   2   2   1.9e-17   1.2e-14   49.5   0.0    46   118   234   308   219   318 0.83 -
GT3.hmm              -            637 A5-S04_70_cg184_3    -            562  1.3e-210  696.4   0.2   1   1  4.7e-213  1.5e-210  696.2   0.2    27   590     2   561     1   561 0.98 -
GH37.hmm             -            491 A5-S04_70_cg204_2    -            548  7.4e-179  591.0   1.7   1   1  1.5e-181  9.9e-179  590.6   1.7     1   489    60   531    60   532 0.97 -
GH65.hmm             -            372 A5-S04_70_cg204_3    -            358    1e-103  342.4   1.1   1   1  1.6e-106    1e-103  342.4   0.2    94   371     1   286     1   287 0.98 -
GH29.hmm             -            346 A5-S04_70_cg208_1    -            452    5e-107  353.2   3.1   1   1  9.5e-110  6.1e-107  352.9   3.1    23   346    28   365     6   365 0.90 -
AA3.hmm              -            618 A5-S04_70_cg211_2    -            564   5.9e-51  168.8   0.0   1   1   4.6e-53   7.4e-51  168.5   0.0    85   403     4   560     1   562 0.77 -
AA3_2.hmm            -            568 A5-S04_70_cg211_2    -            564   4.3e-23   77.1   0.0   1   1   3.7e-16   5.9e-14   46.9   0.0     2   280     8   313     7   314 0.80 -
AA3_4.hmm            -            549 A5-S04_70_cg211_2    -            564   2.3e-17   58.2   0.0   1   1   5.3e-16   8.4e-14   46.4   0.0   411   548   422   557   417   558 0.92 -
GT4.hmm              -            160 A5-S04_70_cg212_13   -            380   3.1e-40  132.8   0.0   1   1   1.7e-42   5.6e-40  131.9   0.0     7   154   196   340   193   345 0.98 -
GT5.hmm              -            472 A5-S04_70_cg212_13   -            380   1.1e-19   65.7   0.0   1   1   1.5e-18   4.9e-16   53.7   0.0   277   472   190   369   136   369 0.77 -
GT30.hmm             -            177 A5-S04_70_cg225_2    -            439     4e-36  119.4   0.0   1   1   1.1e-38   7.1e-36  118.6   0.0     9   176    47   218    35   219 0.93 -
GT9.hmm              -            225 A5-S04_70_cg225_3    -            353   1.9e-51  170.4   0.0   1   1   3.8e-54   2.4e-51  170.1   0.0     3   220    75   324    73   330 0.84 -
GH33.hmm             -            342 A5-S04_70_cg232_2    -            430   9.3e-19   63.2  14.1   1   1   4.6e-15   2.9e-12   41.8  11.2    54   301   120   380   119   395 0.53 -
CE14.hmm             -            124 A5-S04_70_cg236_8    -            242   1.4e-23   79.3   0.0   1   1   3.4e-26   2.2e-23   78.7   0.0     1   124     6   111     6   111 0.97 -
PL9_2.hmm            -            368 A5-S04_70_cg238_3    -            559  3.3e-114  376.8  28.0   1   1  1.8e-116  3.9e-114  376.5  28.0     9   366     2   351     1   353 0.98 -
PL9.hmm              -            374 A5-S04_70_cg238_3    -            559   4.3e-20   67.4  26.8   1   1   1.5e-21   3.3e-19   64.5  26.9    18   305     2   345     1   355 0.86 -
CBM9.hmm             -            182 A5-S04_70_cg240_4    -            885   1.3e-20   69.6   7.2   1   1   3.7e-22   2.4e-19   65.5   3.1     1   148    44   199    44   222 0.84 -
PL22.hmm             -            265 A5-S04_70_cg246_1    -            680   5.2e-25   83.4   0.0   1   1   1.5e-17   4.8e-15   50.7   0.0    83   198    40   145    31   148 0.87 -
CE10.hmm             -            341 A5-S04_70_cg246_1    -            680   7.9e-24   80.2   0.3   1   1   3.6e-26   1.1e-23   79.6   0.3    74   324   426   665   373   677 0.82 -
GT2_Glyco_tranf_2_3.hmm PF13641.5    230 A5-S04_70_cg260_2    -            372   8.7e-24   79.9   0.0   1   1   6.6e-26   1.1e-23   79.7   0.0     1   230    46   276    46   276 0.89 Glycosyltransferase like family 2
GT2_Glyco_trans_2_3.hmm PF13632.5    197 A5-S04_70_cg260_2    -            372     5e-21   70.8   3.7   1   1   4.7e-23   7.6e-21   70.2   3.7     1   178   135   304   135   360 0.69 Glycosyl transferase family group 2
GT21.hmm                -            233 A5-S04_70_cg260_2    -            372     5e-21   70.6   0.0   1   1     4e-23   6.5e-21   70.2   0.0     1   230    46   274    46   275 0.89 -
GT2_Glycos_transf_2.hmm PF00535.25   170 A5-S04_70_cg260_2    -            372   4.5e-19   64.2   0.0   1   1   4.1e-21   6.5e-19   63.7   0.0     1   169    49   218    49   219 0.91 Glycosyl transferase family 2
CE4.hmm              -            130 A5-S04_70_cg260_3    -            207   7.3e-28   92.7   0.0   1   1   1.7e-30   1.1e-27   92.1   0.0     5   116    22   134    18   148 0.89 -
GH23.hmm             -            135 A5-S04_70_cg273_1    -            356   3.4e-17   58.5   0.0   1   1   7.8e-20     5e-17   58.0   0.0     2   122    78   210    77   223 0.90 -
GT35.hmm             -            674 A5-S04_70_cg277_3    -            560   2.5e-79  262.8   8.3   1   1   1.7e-67   1.1e-64  214.3   0.5   208   557   176   480   134   509 0.88 -
GH13_9.hmm           -            301 A5-S04_70_cg277_4    -            295   1.2e-59  197.3   0.1   1   1   2.5e-62   1.6e-59  196.8   0.1   184   301     1   118     1   118 1.00 -
GT2_Glycos_transf_2.hmm PF00535.25   170 A5-S04_70_cg278_2    -            256   2.1e-21   71.8   0.1   1   1   5.4e-24   3.4e-21   71.1   0.1     3   102    10    99     8   151 0.83 Glycosyl transferase family 2
GT2_Glycos_transf_2.hmm PF00535.25   170 A5-S04_70_cg278_3    -            271   1.1e-21   72.7   0.0   1   1   3.5e-24   2.3e-21   71.7   0.0     1   108     4   111     4   122 0.95 Glycosyl transferase family 2
GT41.hmm             -            705 A5-S04_70_cg280_2    -            422   2.5e-15   51.3   7.4   1   1   5.8e-15   3.7e-12   40.8   0.3    64   191    64   193    25   203 0.81 -
GH13_31.hmm          -            349 A5-S04_70_cg282_1    -            117   5.4e-50  166.0   1.6   1   1   2.2e-51   6.2e-50  165.8   1.6     1    87    31   117    31   117 0.99 -
GH13_40.hmm          -            359 A5-S04_70_cg282_1    -            117     2e-42  140.7   0.8   1   1   8.4e-44   2.3e-42  140.5   0.8     1    87    31   117    31   117 0.99 -
GH13_23.hmm          -            344 A5-S04_70_cg282_1    -            117   3.7e-42  140.4   0.6   1   1   1.5e-43   4.2e-42  140.2   0.6     1    87    31   117    31   117 0.99 -
GH13_29.hmm          -            344 A5-S04_70_cg282_1    -            117   4.8e-42  139.6   0.8   1   1     2e-43   5.6e-42  139.4   0.8     1    88    30   117    30   117 0.99 -
GH13_16.hmm          -            353 A5-S04_70_cg282_1    -            117   9.1e-40  132.1   0.3   1   1   3.8e-41   1.1e-39  131.9   0.3     1    87    31   117    31   117 0.99 -
GH13_36.hmm          -            314 A5-S04_70_cg282_1    -            117   3.3e-38  127.1   0.9   1   1   1.5e-39   4.1e-38  126.8   0.9     1    86    31   117    31   117 0.98 -
GH13_17.hmm          -            350 A5-S04_70_cg282_1    -            117   8.7e-38  125.6   0.4   1   1   3.6e-39   9.9e-38  125.4   0.4     1    86    31   116    31   117 0.99 -
GH13_30.hmm          -            365 A5-S04_70_cg282_1    -            117   5.4e-37  123.0   0.2   1   1   2.2e-38   6.2e-37  122.8   0.2     1    87    31   117    31   117 0.99 -
GH13.hmm             -            299 A5-S04_70_cg282_1    -            117   8.2e-35  116.7   0.8   1   1   3.6e-36     1e-34  116.4   0.8    13    96    31   117    25   117 0.97 -
GH13_21.hmm          -            308 A5-S04_70_cg282_1    -            117   1.7e-33  111.6   0.2   1   1   6.8e-35   1.9e-33  111.4   0.2     1    86    31   117    31   117 0.98 -
GH13_35.hmm          -            351 A5-S04_70_cg282_1    -            117   9.1e-31  102.6   0.6   1   1   3.8e-32   1.1e-30  102.4   0.6     1    85    31   115    31   117 0.99 -
GH13_20.hmm          -            300 A5-S04_70_cg282_1    -            117   1.3e-30  102.1   0.2   1   1   5.4e-32   1.5e-30  101.9   0.2     1    85    31   116    31   117 0.96 -
GH13_4.hmm           -            400 A5-S04_70_cg282_1    -            117     7e-26   86.1   0.1   1   1   2.8e-27   7.9e-26   86.0   0.1     2    90    31   117    30   117 0.96 -
GH13_39.hmm          -            316 A5-S04_70_cg282_1    -            117   5.8e-24   80.3   0.1   1   1   2.7e-25   7.5e-24   79.9   0.1     1    85    31   116    31   117 0.96 -
GH13_2.hmm           -            310 A5-S04_70_cg282_1    -            117   1.9e-23   78.6   0.2   1   1   9.7e-25   2.7e-23   78.1   0.2     2    90    31   111    30   116 0.96 -
GH13_1.hmm           -            306 A5-S04_70_cg282_1    -            117     6e-20   66.8   0.4   1   1   2.8e-21   7.7e-20   66.4   0.4     2    88    31   110    30   116 0.93 -
GH13_10.hmm          -            313 A5-S04_70_cg282_1    -            117   3.3e-17   58.1   0.0   1   1   1.4e-18   3.9e-17   57.8   0.0     5    88    31   113    29   117 0.95 -
GH13_41.hmm          -            294 A5-S04_70_cg282_1    -            117   7.9e-17   56.9   0.9   1   1   5.4e-18   1.5e-16   55.9   0.9     1    92    31   108    31   116 0.88 -
GH13_37.hmm          -            320 A5-S04_70_cg282_1    -            117   1.3e-16   55.6   0.2   1   1   9.7e-18   2.7e-16   54.6   0.2     4    98    26   109    24   112 0.92 -
GH13_14.hmm          -            289 A5-S04_70_cg282_1    -            117   2.5e-16   55.1   0.1   1   1     1e-17   2.9e-16   54.9   0.1     1    94    40   116    40   117 0.92 -
GH13_26.hmm          -            296 A5-S04_70_cg282_1    -            117   1.2e-15   53.2   0.0   1   1   5.1e-17   1.4e-15   52.9   0.0     2    72    40   109    39   116 0.91 -
GH13_12.hmm          -            284 A5-S04_70_cg282_1    -            117   2.7e-15   52.1   0.1   1   1   1.2e-16   3.2e-15   51.8   0.1     1    92    31   110    31   116 0.92 -
GH13_19.hmm          -            360 A5-S04_70_cg282_1    -            117     6e-15   50.4   1.1   1   1   1.1e-15   3.1e-14   48.1   1.1     1    94    31   108    31   113 0.92 -
GH20.hmm             -            337 A5-S04_70_cg282_4    -            621   2.4e-95  315.0   0.0   1   1   5.4e-98   3.5e-95  314.5   0.0     8   335    83   502    77   504 0.90 -
GH130.hmm            -            296 A5-S04_70_cg284_2    -            308   5.3e-67  221.1   0.0   1   1   1.1e-69   6.9e-67  220.7   0.0    13   234    51   308    45   308 0.92 -
CE3.hmm              -            194 A5-S04_70_cg314_3    -            229   9.8e-16   53.5   0.0   1   1     6e-18   3.9e-15   51.6   0.0    52   191    87   221    48   224 0.80 -
GT20.hmm             -            475 A5-S04_70_cg325_1    -            407  2.4e-163  539.3   0.0   1   1  4.1e-166  2.6e-163  539.1   0.0    14   421     3   407     1   407 0.97 -
CE1.hmm              -            227 A5-S04_70_cg341_4    -            390   6.3e-30   99.9   0.0   1   1   1.8e-32   1.1e-29   99.0   0.0     3   221   178   384   176   387 0.81 -
GH23.hmm             -            135 A5-S04_70_cg348_4    -            502   8.1e-28   92.9   0.8   1   1   2.6e-30   1.6e-27   91.9   0.8    12   125   340   496   329   500 0.94 -
GH13_4.hmm           -            400 A5-S04_70_cg350_6    -            650  3.7e-180  594.2   0.0   1   1  1.7e-181  4.6e-180  593.8   0.0     2   400   107   505   106   505 1.00 -
GH13_16.hmm          -            353 A5-S04_70_cg350_6    -            650     1e-81  270.0   0.0   1   1   2.2e-76   5.7e-75  247.8   0.0     1   292   107   407   107   420 0.94 -
GH13_18.hmm          -            343 A5-S04_70_cg350_6    -            650   9.9e-56  184.4   0.2   1   1   7.7e-54   2.1e-52  173.5   0.0     2   261   125   400   124   422 0.89 -
GH13_36.hmm          -            314 A5-S04_70_cg350_6    -            650   3.8e-51  169.6   0.0   1   1   2.7e-47   7.2e-46  152.3   0.0     1   245   107   373   107   384 0.88 -
GH13_31.hmm          -            349 A5-S04_70_cg350_6    -            650   9.8e-51  168.4   0.3   1   1   7.9e-49   2.1e-47  157.5   0.1     1   199   107   311   107   320 0.88 -
GH13_29.hmm          -            344 A5-S04_70_cg350_6    -            650     3e-47  156.7   0.8   1   1   7.1e-47   1.9e-45  150.8   0.3     2   186   107   298   106   308 0.87 -
GH13.hmm             -            299 A5-S04_70_cg350_6    -            650   6.2e-47  156.5   0.0   1   1     7e-48   1.9e-46  155.0   0.0    13   293   107   507   103   513 0.79 -
GH13_17.hmm          -            350 A5-S04_70_cg350_6    -            650   3.8e-45  149.8   0.1   1   1   2.6e-45     7e-44  145.6   0.2     1   194   107   304   107   315 0.91 -
GH13_23.hmm          -            344 A5-S04_70_cg350_6    -            650   4.8e-44  146.6   0.0   1   1   1.1e-40     3e-39  130.8   0.3     1   180   107   291   107   299 0.91 -
GH13_40.hmm          -            359 A5-S04_70_cg350_6    -            650   9.6e-40  131.9   0.2   1   1   4.7e-40   1.2e-38  128.2   0.1     1   191   107   297   107   315 0.92 -
GH13_30.hmm          -            365 A5-S04_70_cg350_6    -            650   1.1e-38  128.6   0.0   1   1   7.4e-39     2e-37  124.5   0.0     1   202   107   306   107   400 0.85 -
GH13_21.hmm          -            308 A5-S04_70_cg350_6    -            650   3.2e-35  117.3   0.0   1   1     3e-32   8.1e-31  102.8   0.0     1   180   107   312   107   334 0.87 -
GH13_35.hmm          -            351 A5-S04_70_cg350_6    -            650   5.3e-31  103.4   1.0   1   1   2.6e-30   7.1e-29   96.4   0.3     1   182   107   291   107   309 0.89 -
GH13_20.hmm          -            300 A5-S04_70_cg350_6    -            650   5.9e-29   96.6   4.9   1   1   4.8e-27   1.3e-25   85.7   0.5     1   161   107   286   107   310 0.75 -
GH13_14.hmm          -            289 A5-S04_70_cg350_6    -            650   1.5e-24   82.0   0.1   1   1   1.5e-24   4.1e-23   77.4   0.0     1   289   116   500   116   500 0.70 -
GH13_39.hmm          -            316 A5-S04_70_cg350_6    -            650   2.7e-24   81.4   0.0   1   1   1.6e-19   4.4e-18   61.0   0.0     1    89   107   198   107   381 0.76 -
GH13_41.hmm          -            294 A5-S04_70_cg350_6    -            650   1.4e-23   79.0   0.1   1   1   4.9e-19   1.3e-17   59.4   0.0     2   159   108   288   107   327 0.82 -
GH13_2.hmm           -            310 A5-S04_70_cg350_6    -            650   1.9e-22   75.4   0.2   1   1   1.4e-20   3.8e-19   64.5   0.1     2   175   107   289   106   300 0.76 -
GH13_26.hmm          -            296 A5-S04_70_cg350_6    -            650   8.1e-18   60.2   0.3   1   1   1.4e-16   3.8e-15   51.4   0.0     2    80   116   191   115   212 0.87 -
GH13_10.hmm          -            313 A5-S04_70_cg350_6    -            650   2.9e-16   55.0   0.0   1   1   2.8e-16   7.5e-15   50.3   0.0     5   145   107   290   105   318 0.77 -
GH13_1.hmm           -            306 A5-S04_70_cg350_6    -            650   6.1e-16   53.6   0.1   1   1   3.5e-15   9.3e-14   46.5   0.0     2    92   107   197   106   294 0.71 -
GH13_37.hmm          -            320 A5-S04_70_cg350_6    -            650   2.3e-15   51.6   0.1   1   1     3e-15     8e-14   46.5   0.0     8   108   106   198   102   213 0.90 -
CBM9.hmm             -            182 A5-S04_70_cg351_3    -            745   1.4e-16   56.5   0.1   1   1   6.4e-19   4.1e-16   54.9   0.1     2   178    52   235    51   238 0.84 -
AA3.hmm              -            618 A5-S04_70_cg357_1    -            463   1.4e-26   88.3   0.0   1   1   2.4e-29   1.6e-26   88.1   0.0    87   257     6   281     2   406 0.76 -
PL9_2.hmm            -            368 A5-S04_70_cg362_5    -             97   7.9e-23   76.1   0.0   1   1   2.7e-25   8.6e-23   76.0   0.0     3    80    20    97    18    97 0.97 -
PL9.hmm              -            374 A5-S04_70_cg362_5    -             97   1.6e-15   52.4   0.0   1   1   5.7e-18   1.8e-15   52.2   0.0    12    91    20    95    15    97 0.95 -
CBM9.hmm             -            182 A5-S04_70_cg366_1    -            604   8.1e-17   57.2   1.7   1   1   2.6e-19   1.7e-16   56.2   1.7     1   163    39   205    39   218 0.86 -
GH78.hmm             -            504 A5-S04_70_cg377_4    -            815   1.1e-17   59.1   1.3   1   1     3e-19   1.9e-16   55.0   0.6   159   327   363   534   352   588 0.80 -
GT2_Glycos_transf_2.hmm PF00535.25   170 A5-S04_70_cg389_4    -            324   2.9e-32  107.1   0.0   1   1     6e-35   3.9e-32  106.7   0.0     1   167     8   169     8   172 0.91 Glycosyl transferase family 2
GT2_Glycos_transf_2.hmm PF00535.25   170 A5-S04_70_cg389_5    -            330     2e-29   97.9   0.0   1   1   8.6e-32   2.8e-29   97.4   0.0     1   133     5   144     5   179 0.83 Glycosyl transferase family 2
GT2_Glyco_tranf_2_3.hmm PF13641.5    230 A5-S04_70_cg389_5    -            330   3.7e-19   64.8   0.0   1   1   3.9e-21   1.3e-18   63.1   0.0     3   224     3   218     2   223 0.81 Glycosyltransferase like family 2
GT41.hmm             -            705 A5-S04_70_cg394_2    -           1033   5.4e-44  146.1  17.2   1   2   5.7e-17   3.6e-14   47.5   0.2    80   191   269   386   263   392 0.93 -
GT41.hmm             -            705 A5-S04_70_cg394_2    -           1033   5.4e-44  146.1  17.2   2   2   3.2e-17   2.1e-14   48.3   0.1    77   191   350   470   343   493 0.92 -
GH97.hmm             -            631 A5-S04_70_cg406_6    -            207   5.1e-50  165.5   0.1   1   1   9.5e-53   6.1e-50  165.2   0.1    11   178    18   192     6   205 0.91 -
GT2_Glyco_tranf_2_3.hmm PF13641.5    230 A5-S04_70_cg409_2    -            490   4.7e-27   90.6   0.0   1   1   3.7e-29   7.9e-27   89.9   0.0     1   208    52   260    52   292 0.84 Glycosyltransferase like family 2
GT2_Glycos_transf_2.hmm PF00535.25   170 A5-S04_70_cg409_2    -            490   3.9e-24   80.6   0.0   1   1   2.9e-26   6.2e-24   80.0   0.0     3   147    57   206    55   227 0.82 Glycosyl transferase family 2
GT2_Glyco_trans_2_3.hmm PF13632.5    197 A5-S04_70_cg409_2    -            490   8.5e-22   73.3   0.4   1   1     4e-24   8.5e-22   73.3   0.4     2   186   142   344   141   365 0.82 Glycosyl transferase family group 2
GT2_Glycos_transf_2.hmm PF00535.25   170 A5-S04_70_cg409_4    -            230   7.9e-20   66.6   0.0   1   1   3.2e-22     1e-19   66.3   0.0     2   152     7   150     6   172 0.85 Glycosyl transferase family 2
GT81.hmm                -            293 A5-S04_70_cg409_4    -            230   5.4e-18   60.2   0.0   1   1   1.9e-20   6.2e-18   60.0   0.0    23   146     5   115     3   188 0.83 -
GH13_31.hmm          -            349 A5-S04_70_cg414_2    -            563  4.9e-160  527.9   1.7   1   1  3.7e-161  7.2e-160  527.3   1.7     1   348    31   376    31   377 0.99 -
GH13_29.hmm          -            344 A5-S04_70_cg414_2    -            563  1.1e-137  454.1   1.1   1   1  7.9e-139  1.5e-137  453.6   1.1     1   343    30   376    30   377 0.98 -
GH13_40.hmm          -            359 A5-S04_70_cg414_2    -            563  1.9e-137  453.3   0.6   1   1  1.3e-138  2.5e-137  452.9   0.6     1   359    31   377    31   377 0.95 -
GH13_23.hmm          -            344 A5-S04_70_cg414_2    -            563  2.7e-110  364.4   2.7   1   1  4.8e-111  9.3e-110  362.7   2.7     1   342    31   376    31   378 0.91 -
GH13_17.hmm          -            350 A5-S04_70_cg414_2    -            563   2.8e-86  285.1   4.8   1   1   2.5e-86   4.9e-85  281.0   4.8     1   349    31   376    31   377 0.87 -
GH13_36.hmm          -            314 A5-S04_70_cg414_2    -            563   9.5e-83  273.4   0.7   1   1     7e-84   1.4e-82  272.9   0.7     1   313    31   376    31   377 0.86 -
GH13_30.hmm          -            365 A5-S04_70_cg414_2    -            563   2.4e-82  272.2   0.8   1   1   6.4e-83   1.2e-81  269.9   0.8     1   363    31   374    31   376 0.82 -
GH13.hmm             -            299 A5-S04_70_cg414_2    -            563   1.9e-81  269.9   7.0   1   1   1.6e-82   3.1e-81  269.1   7.0    13   293    31   378    26   383 0.86 -
GH13_16.hmm          -            353 A5-S04_70_cg414_2    -            563   3.6e-81  268.2   2.1   1   1   7.7e-76   1.5e-74  246.5   1.2     1   243    31   287    31   335 0.88 -
GH13_35.hmm          -            351 A5-S04_70_cg414_2    -            563   1.5e-71  236.7   5.2   1   1   2.5e-64   4.8e-63  208.8   3.0     1   178    31   205    31   212 0.97 -
GH13_21.hmm          -            308 A5-S04_70_cg414_2    -            563   2.4e-64  212.9   1.1   1   1   2.6e-65   5.1e-64  211.8   1.1     1   306    31   376    31   378 0.89 -
GH13_20.hmm          -            300 A5-S04_70_cg414_2    -            563   1.2e-54  180.9   3.1   1   1   8.4e-46   1.6e-44  147.7   1.8     1   165    31   208    31   221 0.90 -
GH13_4.hmm           -            400 A5-S04_70_cg414_2    -            563   7.8e-42  138.7   0.6   1   1   1.5e-38   2.9e-37  123.6   0.3     2   195    31   218    30   222 0.89 -
GH13_2.hmm           -            310 A5-S04_70_cg414_2    -            563   1.1e-39  132.0   0.8   1   1   2.2e-38   4.4e-37  123.5   0.8     2   307    31   371    30   374 0.76 -
GH13_39.hmm          -            316 A5-S04_70_cg414_2    -            563   1.5e-38  128.2   2.0   1   1     3e-31   5.8e-30  100.0   1.8     1   166    31   208    31   214 0.86 -
GH13_14.hmm          -            289 A5-S04_70_cg414_2    -            563   3.8e-35  116.9   0.1   1   1   5.3e-36     1e-34  115.4   0.1     1   289    40   371    40   371 0.75 -
GH13_1.hmm           -            306 A5-S04_70_cg414_2    -            563   4.3e-32  106.7   0.0   1   1   5.9e-33   1.1e-31  105.3   0.0     2   299    31   375    30   379 0.77 -
GH13_41.hmm          -            294 A5-S04_70_cg414_2    -            563   1.6e-30  101.8   1.0   1   1   1.6e-21   3.2e-20   68.0   0.5     1   161    31   208    31   211 0.81 -
GH13_18.hmm          -            343 A5-S04_70_cg414_2    -            563   4.6e-25   83.6   0.1   1   1   8.2e-26   1.6e-24   81.8   0.1     2   168    49   221    48   285 0.76 -
GH13_10.hmm          -            313 A5-S04_70_cg414_2    -            563     2e-20   68.7   0.0   1   1     2e-20   3.8e-19   64.4   0.0     5   147    31   210    29   221 0.94 -
GH13_12.hmm          -            284 A5-S04_70_cg414_2    -            563     1e-19   66.5   0.5   1   1   3.6e-18     7e-17   57.3   0.8     1   153    31   204    31   211 0.85 -
GH13_13.hmm          -            361 A5-S04_70_cg414_2    -            563   1.2e-18   62.6   0.0   1   1   2.3e-15   4.5e-14   47.5   0.0    60   185    63   209    58   211 0.78 -
GH13_6.hmm           -            289 A5-S04_70_cg414_2    -            563   2.9e-17   58.4   0.7   1   1   2.5e-18   4.8e-17   57.7   0.7     2   289    41   367    40   367 0.75 -
GH13_32.hmm          -            269 A5-S04_70_cg414_2    -            563   3.6e-17   58.0   1.3   1   1   4.7e-18   9.2e-17   56.7   0.2     1   156    47   210    47   355 0.73 -
GH13_37.hmm          -            320 A5-S04_70_cg414_2    -            563     1e-16   56.0   0.9   1   1   2.1e-16     4e-15   50.8   0.4     4   106    26   124    24   210 0.81 -
GH13_11.hmm          -            351 A5-S04_70_cg414_2    -            563   1.8e-16   55.6   0.1   1   1   4.8e-15   9.3e-14   46.7   0.0     2   176    31   221    30   266 0.78 -
GH13_26.hmm          -            296 A5-S04_70_cg414_2    -            563   2.1e-16   55.6   0.1   1   1   3.2e-17   6.1e-16   54.1   0.0     2    96    40   129    39   135 0.91 -
GH13_9.hmm           -            301 A5-S04_70_cg414_2    -            563   4.9e-16   54.0   2.3   1   1   3.5e-16   6.7e-15   50.3   1.3     1   137    41   207    41   255 0.82 -
GH13_28.hmm          -            266 A5-S04_70_cg414_2    -            563   1.3e-15   52.7   0.0   1   1   2.9e-16   5.6e-15   50.6   0.0     4   161    34   204    31   220 0.78 -
GH9.hmm              -            418 A5-S04_70_cg420_3    -            432   9.7e-32  106.1   4.2   1   1     2e-34   1.3e-31  105.7   4.2    66   385    19   386     5   425 0.65 -
GH109.hmm            -            126 A5-S04_70_cg422_4    -            393   3.5e-25   84.1   0.5   1   1   1.8e-27   1.2e-24   82.5   0.1     3   123    41   157    39   160 0.96 -
AA3.hmm              -            618 A5-S04_70_cg427_2    -            519   6.1e-41  135.7   0.0   1   1   3.5e-43   7.4e-41  135.5   0.0    90   410     6   511     1   517 0.73 -
GH130.hmm            -            296 A5-S04_70_cg434_1    -            489   9.4e-57  187.4   0.0   1   1   1.6e-58     1e-55  184.0   0.0    65   296   259   485   231   485 0.91 -
AA7.hmm              -            458 A5-S04_70_cg455_1    -            807     3e-17   58.6   0.0   1   1   1.4e-16   8.7e-14   47.3   0.0    13   148    35   173    28   180 0.88 -
GT41.hmm             -            705 A5-S04_70_cg455_14   -            283   6.5e-45  149.1  10.6   1   3   2.2e-15   1.4e-12   42.2   0.1   118   191    63   137    62   137 0.92 -
GT41.hmm             -            705 A5-S04_70_cg455_14   -            283   6.5e-45  149.1  10.6   2   3   2.9e-18   1.8e-15   51.8   0.2   117   191   130   205   125   207 0.95 -
GT41.hmm             -            705 A5-S04_70_cg455_14   -            283   6.5e-45  149.1  10.6   3   3   2.1e-15   1.4e-12   42.3   0.3   123   191   205   273   204   283 0.65 -
GH109.hmm            -            126 A5-S04_70_cg468_1    -            257   2.8e-18   61.8   1.2   1   1   3.5e-20   2.2e-17   58.9   1.2     1   124     4   117     4   119 0.90 -
GH109.hmm            -            126 A5-S04_70_cg471_1    -            216   8.5e-24   79.7   0.1   1   1   2.5e-26   1.6e-23   78.8   0.1     1   123    54   168    54   170 0.95 -
CE9.hmm              -            373 A5-S04_70_cg471_4    -            405   1.4e-88  292.3   0.0   1   1   9.4e-91     6e-88  290.2   0.0     2   373     6   390     5   390 0.96 -
CBM9.hmm             -            182 A5-S04_70_cg487_4    -            294     6e-23   77.2   0.3   1   1   1.3e-25   8.1e-23   76.8   0.3     1   162    38   205    38   224 0.87 -
GT2_Glycos_transf_2.hmm PF00535.25   170 A5-S04_70_cg497_4    -            355   6.4e-23   76.7   0.0   1   1   4.3e-25   1.4e-22   75.6   0.0     1   123    30   155    30   199 0.85 Glycosyl transferase family 2
GT2_Glyco_tranf_2_3.hmm PF13641.5    230 A5-S04_70_cg497_4    -            355     3e-18   61.8   0.0   1   1   1.2e-20   3.8e-18   61.5   0.0     4   226    29   253    27   256 0.92 Glycosyltransferase like family 2
GT2_Glycos_transf_2.hmm PF00535.25   170 A5-S04_70_cg510_5    -            381   2.8e-23   77.8   0.0   1   1   1.8e-25   5.8e-23   76.8   0.0     1   132    45   181    45   218 0.75 Glycosyl transferase family 2
GT2_Glyco_tranf_2_3.hmm PF13641.5    230 A5-S04_70_cg510_5    -            381   4.3e-17   58.0   0.0   1   1   2.4e-19   7.6e-17   57.2   0.0     3   228    43   276    42   277 0.87 Glycosyltransferase like family 2
CE4.hmm              -            130 A5-S04_70_cg510_7    -            210   5.7e-29   96.2   0.0   1   1   1.4e-31   8.8e-29   95.6   0.0     6   117    23   137    18   141 0.92 -
GT21.hmm                -            233 A5-S04_70_cg510_8    -            366   1.1e-16   56.4   0.0   1   1     7e-19   1.5e-16   55.9   0.0     1   231    41   269    41   270 0.86 -
GT2_Glyco_tranf_2_3.hmm PF13641.5    230 A5-S04_70_cg510_8    -            366   3.4e-16   55.1   0.0   1   1   2.2e-18   4.6e-16   54.7   0.0     1   228    41   268    41   270 0.90 Glycosyltransferase like family 2
GT2_Glycos_transf_2.hmm PF00535.25   170 A5-S04_70_cg510_8    -            366   7.4e-16   53.7   0.0   1   1   4.6e-18   9.9e-16   53.3   0.0     1   159    44   202    44   213 0.74 Glycosyl transferase family 2
#
# Program:         hmmscan
# Version:         3.3.1 (Jul 2020)
# Pipeline mode:   SCAN
# Query file:      /beegfs/home/lxd/2_sea_metagenomics/6.metabat2/bins_redup_refinem_drep/derep_70_10/derepbins_prodigal/A5-S04_70.proteins.faa
# Target file:     /beegfs/home/lxd/4_salt_metagenomics/tools/CAZy/dbCAN-HMMdb-V8.txt
# Option settings: hmmscan --tblout A5-S04_70.tbl --domtblout A5-S04_70_dom.tbl --acc --noali --notextw -E 1e-14 --domE 1e-14 --cpu 30 /beegfs/home/lxd/4_salt_metagenomics/tools/CAZy/dbCAN-HMMdb-V8.txt /beegfs/home/lxd/2_sea_metagenomics/6.metabat2/bins_redup_refinem_drep/derep_70_10/derepbins_prodigal/A5-S04_70.proteins.faa 
# Current dir:     /beegfs/home/lxd/2_sea_metagenomics/6.metabat2/bins_redup_refinem_drep/derep_70_10/derepbins_cazy
# Date:            Thu Mar  4 10:33:39 2021
# [ok]
