#                                                                            --- full sequence --- -------------- this domain -------------   hmm coord   ali coord   env coord
# target name        accession   tlen query name           accession   qlen   E-value  score  bias   #  of  c-Evalue  i-Evalue  score  bias  from    to  from    to  from    to  acc description of target
#------------------- ---------- ----- -------------------- ---------- ----- --------- ------ ----- --- --- --------- --------- ------ ----- ----- ----- ----- ----- ----- ----- ---- ---------------------
GT28.hmm             -            157 A5-S04_105_cg4_14    -            365   1.9e-53  175.7   0.4   1   1   4.7e-56     3e-53  175.0   0.4     2   157   190   350   189   350 0.96 -
GT51.hmm             -            177 A5-S04_105_cg8_2     -            841   2.6e-64  211.2   0.0   1   1   6.6e-67   4.2e-64  210.6   0.0     4   176    58   230    55   231 0.98 -
GH23.hmm             -            135 A5-S04_105_cg13_7    -            196   3.3e-19   65.0   0.0   1   1   9.7e-22   6.2e-19   64.1   0.0    10   105    89   184    81   195 0.85 -
AA4.hmm              -            522 A5-S04_105_cg37_5    -            365   5.2e-24   80.0   0.0   1   1     2e-26   6.4e-24   79.7   0.0    52   248    47   234     5   280 0.85 -
AA7.hmm              -            458 A5-S04_105_cg37_5    -            365     2e-22   75.7   1.8   1   1   1.3e-24   4.1e-22   74.7   1.8    12   206    46   248    42   262 0.90 -
AA3_2.hmm            -            568 A5-S04_105_cg47_2    -            548  1.8e-163  540.5   0.0   1   1  2.2e-165  2.8e-163  539.9   0.0     1   566     5   530     5   532 0.96 -
AA3.hmm              -            618 A5-S04_105_cg47_2    -            548    2e-107  355.4   0.0   1   1  1.8e-109  2.3e-107  355.1   0.0    86   402     3   534     1   543 0.89 -
AA3_3.hmm            -            590 A5-S04_105_cg47_2    -            548   6.5e-81  267.7   0.0   1   2   1.6e-63   2.1e-61  203.3   0.0     1   319     5   308     5   344 0.89 -
AA3_3.hmm            -            590 A5-S04_105_cg47_2    -            548   6.5e-81  267.7   0.0   2   2   2.6e-18   3.3e-16   54.0   0.0   510   585   455   529   444   533 0.94 -
AA3_1.hmm            -            548 A5-S04_105_cg47_2    -            548   1.9e-55  183.7   0.0   1   1   6.4e-57   8.3e-55  181.6   0.0    13   543     3   528     1   531 0.80 -
AA8.hmm              -            815 A5-S04_105_cg47_2    -            548   6.9e-41  135.3   0.0   1   2   9.1e-28   1.2e-25   84.9   0.0   242   515     3   277     1   301 0.78 -
AA8.hmm              -            815 A5-S04_105_cg47_2    -            548   6.9e-41  135.3   0.0   2   2   8.8e-16   1.1e-13   45.3   0.0   654   777   410   533   389   543 0.77 -
GH103.hmm            -            295 A5-S04_105_cg54_1    -             82   1.1e-15   52.8   0.1   1   1   1.9e-18   1.2e-15   52.7   0.1   224   292     6    72     2    75 0.82 -
GT19.hmm             -            354 A5-S04_105_cg59_2    -            389  1.4e-122  404.0   0.0   1   1  2.4e-125  1.6e-122  403.8   0.0     1   352     7   361     7   363 0.98 -
GT4.hmm              -            160 A5-S04_105_cg60_3    -            361   1.4e-30  101.4   0.0   1   1   7.2e-33   2.3e-30  100.7   0.0     9   159   184   332   177   333 0.94 -
GT5.hmm              -            472 A5-S04_105_cg60_3    -            361   4.6e-16   53.8   0.0   1   1   3.4e-18   1.1e-15   52.5   0.0   295   471   187   357   147   358 0.82 -
CBM50.hmm            -             40 A5-S04_105_cg63_1    -            551   1.9e-38  125.9  12.1   1   2   3.2e-16     1e-13   46.8   0.2     1    39   432   474   432   474 0.93 -
CBM50.hmm            -             40 A5-S04_105_cg63_1    -            551   1.9e-38  125.9  12.1   2   2   1.2e-16   3.9e-14   48.1   0.3     1    39   501   541   501   541 0.90 -
GH23.hmm             -            135 A5-S04_105_cg63_1    -            551   1.5e-22   75.9   2.8   1   1   5.3e-25   1.7e-22   75.7   0.3     6   122   129   264   125   275 0.90 -
GT41.hmm             -            705 A5-S04_105_cg73_8    -            567   3.4e-26   87.2  19.1   1   1   1.5e-15   9.8e-13   42.7   0.2    58   191   393   517   386   550 0.92 -
GT4.hmm              -            160 A5-S04_105_cg74_4    -            415   1.4e-31  104.7   0.0   1   1   3.4e-34   2.2e-31  104.0   0.0    12   158   229   380   224   382 0.96 -
AA3_2.hmm            -            568 A5-S04_105_cg85_2    -            548  9.7e-162  534.8   0.0   1   1  8.7e-164  1.1e-161  534.6   0.0     1   566     5   530     5   532 0.97 -
AA3.hmm              -            618 A5-S04_105_cg85_2    -            548  9.8e-101  333.2   0.1   1   1  9.3e-103  1.2e-100  333.0   0.1    86   402     3   534     1   544 0.87 -
AA3_3.hmm            -            590 A5-S04_105_cg85_2    -            548   2.1e-76  252.8   0.0   1   2   1.3e-61   1.6e-59  197.0   0.0     3   469     7   443     5   450 0.85 -
AA3_3.hmm            -            590 A5-S04_105_cg85_2    -            548   2.1e-76  252.8   0.0   2   2   7.2e-16   9.2e-14   45.9   0.0   507   586   452   530   448   532 0.94 -
AA3_1.hmm            -            548 A5-S04_105_cg85_2    -            548     6e-53  175.5   0.0   1   1   1.2e-53   1.5e-51  170.9   0.0    13   546     3   531     1   533 0.77 -
AA8.hmm              -            815 A5-S04_105_cg85_2    -            548   9.6e-42  138.1   0.0   1   1   5.5e-31   7.1e-29   95.6   0.0   426   781   192   537   185   544 0.80 -
AA6.hmm              -            195 A5-S04_105_cg93_1    -            243     3e-60  198.3   0.0   1   1   5.4e-63   3.5e-60  198.1   0.0     1   192    50   237    50   240 0.93 -
GT51.hmm             -            177 A5-S04_105_cg102_2   -            244   2.3e-53  175.6   0.1   1   1   4.8e-56   3.1e-53  175.2   0.1    14   170    81   237    69   242 0.95 -
GT9.hmm              -            225 A5-S04_105_cg107_2   -            355   1.2e-50  167.8   0.0   1   1     3e-53     2e-50  167.1   0.0     3   203    75   302    73   322 0.86 -
CE11.hmm             -            271 A5-S04_105_cg121_4   -            304  2.6e-116  382.9   0.0   1   1  4.7e-119    3e-116  382.7   0.0     1   270     4   275     4   276 0.98 -
AA7.hmm              -            458 A5-S04_105_cg127_1   -            981   9.2e-18   60.4   0.0   1   1   7.3e-18   4.7e-15   51.4   0.0    11   145    41   181    34   190 0.87 -
GH23.hmm             -            135 A5-S04_105_cg144_5   -            526   1.4e-23   79.2   0.3   1   1   6.9e-26   4.4e-23   77.6   0.3     6   124   355   512   351   520 0.93 -
GH23.hmm             -            135 A5-S04_105_cg152_1   -            702   3.5e-25   84.4   0.5   1   1   1.1e-27   7.3e-25   83.3   0.5    15   121   555   701   544   702 0.89 -
AA3_2.hmm            -            568 A5-S04_105_cg153_5   -            148   3.2e-53  176.6   0.0   1   1   2.2e-55   3.5e-53  176.4   0.0     2   146     3   135     2   147 0.91 -
AA3.hmm              -            618 A5-S04_105_cg153_5   -            148   9.3e-40  131.8   0.0   1   1   6.5e-42     1e-39  131.7   0.0    89   199     3   128     1   143 0.86 -
AA3_3.hmm            -            590 A5-S04_105_cg153_5   -            148   1.1e-29   98.5   0.0   1   1   8.2e-32   1.3e-29   98.3   0.0     2   146     3   146     2   147 0.91 -
AA3_1.hmm            -            548 A5-S04_105_cg153_5   -            148   3.5e-18   60.7   0.0   1   1   3.3e-20   5.3e-18   60.1   0.0    15   139     2   125     1   136 0.77 -
CBM50.hmm            -             40 A5-S04_105_cg166_2   -            241   2.8e-16   54.9   0.9   1   1   1.1e-18   6.9e-16   53.7   0.9     1    39    36    78    36    78 0.89 -
CE1.hmm              -            227 A5-S04_105_cg178_3   -            223   1.9e-15   52.5   0.0   1   1   3.9e-18   2.5e-15   52.1   0.0    28   209    18   205    12   215 0.75 -
GT41.hmm             -            705 A5-S04_105_cg218_9   -            414   3.7e-29   97.0   1.7   1   1   1.7e-22   1.1e-19   65.7   0.5    39   191     8   150     1   151 0.87 -
GH13_11.hmm          -            351 A5-S04_105_cg233_1   -            580  7.2e-167  550.3   0.0   1   1  2.4e-168  8.9e-167  549.9   0.0     1   351   189   538   189   538 0.99 -
GH13.hmm             -            299 A5-S04_105_cg233_1   -            580   2.1e-52  174.5   0.5   1   1   8.6e-54   3.2e-52  173.9   0.5    12   296   189   544   177   547 0.89 -
GH13_10.hmm          -            313 A5-S04_105_cg233_1   -            580     5e-51  169.2   0.1   1   1   1.7e-51   6.6e-50  165.5   0.1     3   313   188   536   187   536 0.85 -
GH13_14.hmm          -            289 A5-S04_105_cg233_1   -            580   2.4e-46  153.6   0.0   1   1   8.2e-48   3.1e-46  153.3   0.0     2   289   202   534   201   534 0.82 -
GH13_41.hmm          -            294 A5-S04_105_cg233_1   -            580   2.8e-37  124.0   0.0   1   1   9.7e-39   3.7e-37  123.6   0.0     7   293   198   540   190   541 0.81 -
GH13_13.hmm          -            361 A5-S04_105_cg233_1   -            580   5.7e-34  113.0   0.4   1   1   1.2e-29   4.4e-28   93.6   0.2    58   216   232   393   201   398 0.82 -
GH13_12.hmm          -            284 A5-S04_105_cg233_1   -            580   3.6e-25   84.5   0.0   1   1   1.8e-26   6.6e-25   83.6   0.0    11   260   202   466   196   538 0.73 -
GH13_37.hmm          -            320 A5-S04_105_cg233_1   -            580     4e-24   80.4   0.1   1   1     3e-20   1.1e-18   62.4   0.0    17   160   200   359   187   407 0.82 -
GH13_32.hmm          -            269 A5-S04_105_cg233_1   -            580   6.2e-24   80.2   0.0   1   1     3e-24   1.1e-22   76.1   0.0     1   256   208   474   208   483 0.76 -
GH13_9.hmm           -            301 A5-S04_105_cg233_1   -            580   1.6e-21   72.1   0.0   1   1   2.1e-22   7.9e-21   69.8   0.1     2   138   203   358   202   388 0.78 -
GH13_28.hmm          -            266 A5-S04_105_cg233_1   -            580   1.1e-18   62.7   0.0   1   1   2.6e-19   9.6e-18   59.6   0.0    10   167   201   360   197   383 0.78 -
CBM48.hmm            -             76 A5-S04_105_cg233_1   -            580   2.3e-17   58.7   0.1   1   1   1.8e-18   6.7e-17   57.2   0.1     2    70    12   102    11   108 0.84 -
GH13_8.hmm           -            293 A5-S04_105_cg233_1   -            580   2.4e-17   58.3   0.4   1   1   9.8e-19   3.7e-17   57.7   0.4     2   125   235   367   234   378 0.80 -
GH13_20.hmm          -            300 A5-S04_105_cg233_1   -            580   7.9e-16   53.5   0.0   1   1   1.1e-15   4.3e-14   47.8   0.0    10   296   201   539   195   543 0.76 -
GH13_9.hmm           -            301 A5-S04_105_cg233_2   -            746  5.7e-164  539.8   0.1   1   1  1.1e-165  7.5e-164  539.4   0.1     1   301   292   592   292   592 1.00 -
GH13_8.hmm           -            293 A5-S04_105_cg233_2   -            746   1.3e-44  147.9   0.1   1   1   2.6e-46   1.9e-44  147.3   0.1     1   247   315   557   315   569 0.86 -
GH13_10.hmm          -            313 A5-S04_105_cg233_2   -            746   2.1e-39  131.0   0.0   1   1   4.9e-39   3.5e-37  123.7   0.0     6   213   282   514   279   542 0.81 -
GH13.hmm             -            299 A5-S04_105_cg233_2   -            746   3.6e-31  104.8   6.5   1   1   8.2e-33   5.9e-31  104.1   6.5    21   294   289   597   265   601 0.67 -
GH13_3.hmm           -            210 A5-S04_105_cg233_2   -            746   3.2e-29   97.2   0.0   1   1   8.8e-31   6.3e-29   96.2   0.0     3   209   289   511   287   512 0.91 -
CBM48.hmm            -             76 A5-S04_105_cg233_2   -            746   1.9e-23   78.2   0.0   1   1   7.9e-18   5.7e-16   54.2   0.1     3    71   131   217   129   222 0.86 -
GH13_11.hmm          -            351 A5-S04_105_cg233_2   -            746   3.4e-19   64.5   0.0   1   1   7.7e-21   5.5e-19   63.9   0.0     3   170   282   428   281   528 0.86 -
GH13_14.hmm          -            289 A5-S04_105_cg233_2   -            746   4.4e-15   51.0   0.0   1   1   1.2e-16   8.4e-15   50.1   0.0     1   152   291   426   291   437 0.87 -
GH77.hmm             -            494 A5-S04_105_cg233_3   -            359   1.2e-90  299.9   0.1   1   1   2.3e-93   1.4e-90  299.7   0.1   176   487     5   351     2   357 0.91 -
GH3.hmm              -            216 A5-S04_105_cg250_7   -            353   1.2e-50  167.4   0.0   1   1   2.3e-53   1.5e-50  167.1   0.0     8   216    55   282    48   282 0.90 -
CE11.hmm             -            271 A5-S04_105_cg263_3   -            321  4.5e-104  342.8   0.0   1   1  8.1e-107  5.2e-104  342.6   0.0     1   270    12   283    12   284 0.98 -
PL22.hmm             -            265 A5-S04_105_cg269_3   -            424     1e-25   85.7   0.0   1   1   1.7e-15   1.1e-12   43.0   0.0   137   255   278   396   275   402 0.86 -
AA7.hmm              -            458 A5-S04_105_cg272_1   -            203   4.8e-15   51.4   0.0   1   1   2.2e-16   1.4e-13   46.6   0.0   242   458     5   198     1   198 0.92 -
GT2_Glycos_transf_2.hmm PF00535.25   170 A5-S04_105_cg273_9   -            284   6.9e-30   99.4   0.1   1   1   6.7e-32   1.1e-29   98.7   0.1     1   103     4   101     4   139 0.94 Glycosyl transferase family 2
GT2_Glyco_tranf_2_3.hmm PF13641.5    230 A5-S04_105_cg273_9   -            284   7.6e-21   70.3   0.1   1   1   1.6e-22   2.5e-20   68.6   0.1     4   212     3   198     1   222 0.84 Glycosyltransferase like family 2
GT27.hmm                -            295 A5-S04_105_cg273_9   -            284     6e-17   57.2   0.3   1   1   6.6e-19   1.1e-16   56.4   0.3     1   112     4   103     4   107 0.88 -
AA3_2.hmm            -            568 A5-S04_105_cg282_2   -            552  1.6e-168  557.2   0.0   1   1  1.5e-170  1.9e-168  557.0   0.0     1   566     3   528     3   530 0.95 -
AA3.hmm              -            618 A5-S04_105_cg282_2   -            552  1.5e-105  349.2   0.0   1   1  1.4e-107  1.8e-105  348.9   0.0    86   401     1   531     1   543 0.88 -
AA3_3.hmm            -            590 A5-S04_105_cg282_2   -            552     7e-84  277.5   0.0   1   2   3.2e-68   4.2e-66  218.8   0.0     2   317     4   305     3   347 0.91 -
AA3_3.hmm            -            590 A5-S04_105_cg282_2   -            552     7e-84  277.5   0.0   2   2   9.7e-16   1.2e-13   45.5   0.0   509   586   452   528   441   530 0.93 -
AA3_1.hmm            -            548 A5-S04_105_cg282_2   -            552   8.4e-61  201.4   0.0   1   1   1.2e-62   1.5e-60  200.6   0.0    14   543     2   526     1   530 0.77 -
AA8.hmm              -            815 A5-S04_105_cg282_2   -            552   5.3e-44  145.6   0.0   1   1   3.1e-45   3.9e-43  142.7   0.0   243   777     2   531     1   550 0.72 -
GH77.hmm             -            494 A5-S04_105_cg284_2   -            740  2.3e-145  480.4   0.3   1   1  4.5e-148  2.9e-145  480.1   0.3     1   488   188   729   188   734 0.91 -
GH13_11.hmm          -            351 A5-S04_105_cg284_3   -            713  1.5e-164  542.6   0.0   1   1  5.8e-166    2e-164  542.2   0.0     1   351   183   532   183   532 0.99 -
GH13.hmm             -            299 A5-S04_105_cg284_3   -            713   3.2e-55  183.7   0.5   1   1   1.7e-56   5.8e-55  182.9   0.5    11   296   182   538   172   541 0.92 -
GH13_10.hmm          -            313 A5-S04_105_cg284_3   -            713   3.3e-50  166.5   0.0   1   1   3.3e-51   1.1e-49  164.7   0.0     4   312   183   529   181   530 0.82 -
GH13_14.hmm          -            289 A5-S04_105_cg284_3   -            713   1.3e-45  151.2   0.0   1   1   5.7e-47   1.9e-45  150.6   0.0     1   289   195   528   195   528 0.81 -
GH13_41.hmm          -            294 A5-S04_105_cg284_3   -            713   3.8e-41  136.7   0.0   1   1   1.6e-42   5.4e-41  136.2   0.0     3   293   186   534   184   535 0.87 -
GH13_13.hmm          -            361 A5-S04_105_cg284_3   -            713   7.8e-31  102.7   0.3   1   1   1.3e-30   4.4e-29   96.9   0.3    54   361   222   529   195   529 0.73 -
GH13_12.hmm          -            284 A5-S04_105_cg284_3   -            713   6.4e-30  100.0   0.0   1   1   3.4e-31   1.1e-29   99.2   0.0    10   154   195   349   185   463 0.83 -
GH13_37.hmm          -            320 A5-S04_105_cg284_3   -            713   2.5e-23   77.7   0.5   1   1   1.3e-21   4.5e-20   67.0   0.0     9   160   184   353   179   358 0.74 -
GH13_9.hmm           -            301 A5-S04_105_cg284_3   -            713   3.2e-23   77.7   0.1   1   1   2.9e-24   9.9e-23   76.0   0.1     2   133   197   347   196   361 0.84 -
GH13_28.hmm          -            266 A5-S04_105_cg284_3   -            713   1.3e-21   72.4   0.0   1   1   7.5e-23   2.5e-21   71.4   0.0    10   183   195   369   185   474 0.79 -
GH13_32.hmm          -            269 A5-S04_105_cg284_3   -            713   1.3e-20   69.3   0.0   1   1   8.9e-22     3e-20   68.1   0.0     1   255   202   467   202   478 0.70 -
CBM48.hmm            -             76 A5-S04_105_cg284_3   -            713   2.3e-19   65.1   0.2   1   1   2.2e-19   7.6e-18   60.2   0.0     2    71    12   103    11   109 0.85 -
GH13_1.hmm           -            306 A5-S04_105_cg284_3   -            713   1.3e-16   55.8   0.1   1   1   1.2e-15     4e-14   47.7   0.0    11   174   195   351   184   371 0.84 -
GH13_2.hmm           -            310 A5-S04_105_cg284_3   -            713   7.5e-16   53.7   1.0   1   1   1.3e-16   4.4e-15   51.2   0.2    11   118   195   310   184   352 0.81 -
GH13_8.hmm           -            293 A5-S04_105_cg284_3   -            713   1.1e-15   52.9   0.1   1   1   5.3e-17   1.8e-15   52.2   0.1     2   123   229   359   228   371 0.78 -
GH13_39.hmm          -            316 A5-S04_105_cg284_3   -            713   4.1e-15   51.2   0.0   1   1   2.7e-16     9e-15   50.1   0.0    10   280   195   475   184   530 0.76 -
GT35.hmm             -            674 A5-S04_105_cg284_4   -            836  2.4e-274  907.2   0.0   1   1  4.4e-277  2.8e-274  907.0   0.0     1   673   108   822   108   823 0.98 -
GH13_9.hmm           -            301 A5-S04_105_cg284_5   -            722  9.2e-157  516.1   0.3   1   1  1.9e-158  1.4e-156  515.6   0.3     2   301   273   570   272   570 0.99 -
GH13_8.hmm           -            293 A5-S04_105_cg284_5   -            722   1.2e-43  144.6   0.3   1   1   2.4e-45   1.7e-43  144.1   0.3     1   246   295   534   295   545 0.87 -
GH13_10.hmm          -            313 A5-S04_105_cg284_5   -            722   4.6e-36  120.0   0.1   1   1   1.4e-36   9.9e-35  115.6   0.1    13   203   270   481   262   516 0.83 -
GH13.hmm             -            299 A5-S04_105_cg284_5   -            722   1.4e-32  109.5   5.0   1   1   3.5e-34   2.5e-32  108.6   5.0    22   296   271   577   261   580 0.69 -
CBM48.hmm            -             76 A5-S04_105_cg284_5   -            722   1.1e-29   98.1   0.0   1   1   9.3e-21   6.6e-19   63.6   0.0     2    72   119   207   118   210 0.89 -
GH13_3.hmm           -            210 A5-S04_105_cg284_5   -            722   4.5e-28   93.4   0.2   1   1   9.8e-30     7e-28   92.8   0.2     5   207   271   487   267   490 0.92 -
GH13_11.hmm          -            351 A5-S04_105_cg284_5   -            722   2.6e-21   71.5   0.1   1   1   5.6e-23     4e-21   70.9   0.1     4   238   263   493   262   514 0.82 -
GH13_14.hmm          -            289 A5-S04_105_cg284_5   -            722   1.3e-16   56.1   0.0   1   1   3.1e-18   2.2e-16   55.3   0.0     2   153   272   407   271   410 0.83 -
GH13_12.hmm          -            284 A5-S04_105_cg284_5   -            722   2.5e-15   52.2   0.0   1   1   6.6e-17   4.7e-15   51.3   0.0     9   154   270   406   265   412 0.85 -
GT5.hmm              -            472 A5-S04_105_cg284_6   -            521  3.9e-123  406.8   0.0   1   1  1.4e-125  4.5e-123  406.6   0.0     1   471     3   517     3   518 0.87 -
GT4.hmm              -            160 A5-S04_105_cg284_6   -            521   5.5e-18   60.5   0.0   1   1   3.2e-20     1e-17   59.6   0.0     7   151   330   480   324   488 0.82 -
GH23.hmm             -            135 A5-S04_105_cg299_1   -            629   4.3e-29   97.0   0.1   1   1   1.4e-31   9.1e-29   96.0   0.1     8   124   471   607   465   616 0.90 -
GT2_Glycos_transf_2.hmm PF00535.25   170 A5-S04_105_cg307_2   -            365   8.5e-29   95.8   0.0   1   1   1.8e-31   1.2e-28   95.4   0.0     1   169     4   171     4   172 0.92 Glycosyl transferase family 2
#
# Program:         hmmscan
# Version:         3.3.1 (Jul 2020)
# Pipeline mode:   SCAN
# Query file:      /beegfs/home/lxd/2_sea_metagenomics/6.metabat2/bins_redup_refinem_drep/derep_70_10/derepbins_prodigal/A5-S04_105.proteins.faa
# Target file:     /beegfs/home/lxd/4_salt_metagenomics/tools/CAZy/dbCAN-HMMdb-V8.txt
# Option settings: hmmscan --tblout A5-S04_105.tbl --domtblout A5-S04_105_dom.tbl --acc --noali --notextw -E 1e-14 --domE 1e-14 --cpu 30 /beegfs/home/lxd/4_salt_metagenomics/tools/CAZy/dbCAN-HMMdb-V8.txt /beegfs/home/lxd/2_sea_metagenomics/6.metabat2/bins_redup_refinem_drep/derep_70_10/derepbins_prodigal/A5-S04_105.proteins.faa 
# Current dir:     /beegfs/home/lxd/2_sea_metagenomics/6.metabat2/bins_redup_refinem_drep/derep_70_10/derepbins_cazy
# Date:            Thu Mar  4 09:46:33 2021
# [ok]
