#                                                                            --- full sequence --- -------------- this domain -------------   hmm coord   ali coord   env coord
# target name        accession   tlen query name           accession   qlen   E-value  score  bias   #  of  c-Evalue  i-Evalue  score  bias  from    to  from    to  from    to  acc description of target
#------------------- ---------- ----- -------------------- ---------- ----- --------- ------ ----- --- --- --------- --------- ------ ----- ----- ----- ----- ----- ----- ----- ---- ---------------------
GH113.hmm            -            306 A5-S04_22_cg17_5     -            281   1.1e-70  233.4   0.1   1   1   1.8e-73   1.2e-70  233.3   0.1     3   232    45   281    43   281 0.95 -
GH23.hmm             -            135 A5-S04_22_cg28_9     -            292   4.8e-33  109.8   0.0   1   1   1.1e-35   6.8e-33  109.4   0.0    14   129   172   287   164   291 0.94 -
AA4.hmm              -            522 A5-S04_22_cg36_1     -            496   1.2e-29   98.6   0.0   1   1     4e-28   1.3e-25   85.3   0.5    16   252    15   241     6   273 0.87 -
AA7.hmm              -            458 A5-S04_22_cg36_1     -            496   1.5e-19   66.3   0.6   1   1   1.1e-21   3.4e-19   65.1   0.6    13   194    49   237    45   251 0.86 -
GT81.hmm             -            293 A5-S04_22_cg73_3     -            403   2.4e-63  209.0   0.0   1   1   8.1e-66   5.2e-63  207.9   0.0    14   265    28   319    14   339 0.79 -
AA1.hmm              -            943 A5-S04_22_cg79_11    -            511   2.3e-25   84.2   3.0   1   1   4.6e-28     3e-25   83.9   3.0   442   668    77   349    45   371 0.77 -
GT4.hmm              -            160 A5-S04_22_cg81_4     -            418   1.9e-32  107.4   0.0   1   1   4.3e-35   2.8e-32  106.9   0.0     4   159   221   386   218   387 0.94 -
GT2_Glycos_transf_2.hmm PF00535.25   170 A5-S04_22_cg92_4     -            116   1.4e-16   56.0   0.1   1   1   5.1e-19   1.6e-16   55.8   0.1     2   100    20   116    19   116 0.96 Glycosyl transferase family 2
GT81.hmm                -            293 A5-S04_22_cg92_4     -            116   1.2e-15   52.4   0.0   1   1   4.8e-18   1.5e-15   52.1   0.0    20   126    15   112     7   115 0.82 -
GH5_1.hmm            -            310 A5-S04_22_cg94_3     -            649  2.4e-119  393.8   0.5   1   1  5.4e-121  3.8e-119  393.1   0.5     2   310    31   343    30   343 0.98 -
GH5.hmm              -            275 A5-S04_22_cg94_3     -            649   5.1e-50  165.8   3.2   1   1   7.2e-52   5.1e-50  165.8   3.2     3   242    29   345    27   363 0.80 -
CBM2.hmm             -            101 A5-S04_22_cg94_3     -            649   1.3e-44  146.2  20.2   1   2   1.5e-25   1.1e-23   79.0   6.0     2    91   415   500   414   503 0.91 -
CBM2.hmm             -            101 A5-S04_22_cg94_3     -            649   1.3e-44  146.2  20.2   2   2   1.6e-23   1.2e-21   72.5   6.3     2    83   569   647   568   648 0.95 -
GH5_20.hmm           -            344 A5-S04_22_cg94_3     -            649   1.1e-41  138.5   0.1   1   1   6.6e-41   4.7e-39  129.9   0.1     3   344    35   338    33   338 0.88 -
GH5_53.hmm           -            386 A5-S04_22_cg94_3     -            649   1.3e-37  125.0  12.5   1   2   3.7e-19   2.6e-17   58.1   1.0   142   281   142   272   130   276 0.83 -
GH5_53.hmm           -            386 A5-S04_22_cg94_3     -            649   1.3e-37  125.0  12.5   2   2   6.3e-16   4.5e-14   47.5   5.1   306   386   276   343   271   343 0.88 -
GH5_24.hmm           -            315 A5-S04_22_cg94_3     -            649   5.8e-36  119.8   0.0   1   1   1.4e-37   9.9e-36  119.1   0.0     5   310    32   337    28   341 0.84 -
GH5_51.hmm           -            351 A5-S04_22_cg94_3     -            649   3.4e-34  113.8   0.2   1   1   1.8e-34   1.3e-32  108.6   0.2    40   346    48   333    44   338 0.83 -
GH5_8.hmm            -            253 A5-S04_22_cg94_3     -            649   2.3e-24   81.5   0.0   1   1   5.7e-26     4e-24   80.8   0.0     4   252    32   341    30   342 0.82 -
GH5_11.hmm           -            313 A5-S04_22_cg94_3     -            649   6.4e-19   63.6   0.0   1   1     5e-20   3.6e-18   61.2   0.0     3   306    30   326    28   334 0.82 -
GH15.hmm             -            361 A5-S04_22_cg105_1    -            450   5.5e-18   60.5   0.1   1   1   4.1e-20   2.6e-17   58.3   0.1    37   359    42   434    33   436 0.75 -
GT81.hmm             -            293 A5-S04_22_cg113_4    -            428   1.6e-65  216.2   0.0   1   1   3.1e-68     2e-65  215.9   0.0    19   264    12   256     1   284 0.92 -
GT4.hmm              -            160 A5-S04_22_cg116_4    -            409   7.6e-31  102.2   0.0   1   1   2.1e-33   1.4e-30  101.4   0.0     6   159   217   375   213   376 0.91 -
AA1.hmm              -            943 A5-S04_22_cg118_1    -            426   7.3e-60  198.4   0.0   1   1   6.1e-62   9.7e-60  198.0   0.0   446   680    39   314    18   332 0.88 -
AA1_3.hmm            -            312 A5-S04_22_cg118_1    -            426   3.7e-54  179.3   0.0   1   1   3.2e-56   5.2e-54  178.8   0.0    10   276    26   317    19   331 0.87 -
AA1_2.hmm            -            337 A5-S04_22_cg118_1    -            426   2.4e-48  160.2   0.1   1   1   4.9e-50   7.9e-48  158.5   0.1     1   231    47   310    47   321 0.92 -
AA1_1.hmm            -            303 A5-S04_22_cg118_1    -            426   1.2e-35  118.4   0.0   1   1   1.2e-27     2e-25   84.8   0.1     4   142    44   172    41   196 0.88 -
GT20.hmm             -            475 A5-S04_22_cg118_3    -            733    3e-185  611.5   0.0   1   1  5.7e-188  3.7e-185  611.2   0.0    13   474     2   464     1   465 0.96 -
GH3.hmm              -            216 A5-S04_22_cg121_4    -            499   7.1e-62  204.1   0.0   1   1   1.6e-64     1e-61  203.5   0.0     7   215    57   278    52   279 0.94 -
GT41.hmm             -            705 A5-S04_22_cg142_5    -            334   4.3e-26   86.9   9.9   1   2   1.8e-16   1.2e-13   45.8   2.8    66   191    96   241    89   241 0.95 -
GT41.hmm             -            705 A5-S04_22_cg142_5    -            334   4.3e-26   86.9   9.9   2   2   3.4e-16   2.2e-13   44.9   1.3   129   229   213   304   211   331 0.56 -
GT2_Glycos_transf_2.hmm PF00535.25   170 A5-S04_22_cg144_1    -            270   6.7e-25   83.2   0.0   1   1   4.1e-27   8.7e-25   82.8   0.0     3   152    60   214    58   231 0.83 Glycosyl transferase family 2
GT2_Glyco_tranf_2_3.hmm PF13641.5    230 A5-S04_22_cg144_1    -            270   7.3e-24   80.2   0.0   1   1   4.4e-26   9.5e-24   79.8   0.0     3   207    56   262    55   267 0.87 Glycosyltransferase like family 2
GT2_Glyco_trans_2_3.hmm PF13632.5    197 A5-S04_22_cg144_1    -            270   8.9e-16   53.7   0.1   1   1   7.4e-18   1.6e-15   52.8   0.1     2   119   145   261   144   267 0.89 Glycosyl transferase family group 2
GT41.hmm             -            705 A5-S04_22_cg146_2    -            595   5.5e-43  142.7   3.6   1   2   7.8e-18     5e-15   50.3   0.0    59   191   134   290   122   290 0.90 -
GT41.hmm             -            705 A5-S04_22_cg146_2    -            595   5.5e-43  142.7   3.6   2   2   3.7e-15   2.3e-12   41.5   1.4    50   191   363   495   352   499 0.91 -
GH23.hmm             -            135 A5-S04_22_cg151_8    -            688   1.4e-24   82.5   4.5   1   1   1.9e-26   1.2e-23   79.4   0.0    18   124   533   659   524   672 0.91 -
GT9.hmm              -            225 A5-S04_22_cg165_2    -            372   2.2e-42  140.8   0.0   1   1   4.6e-45   2.9e-42  140.4   0.0     4   218   102   347    99   356 0.83 -
GT51.hmm             -            177 A5-S04_22_cg192_4    -            886   7.8e-70  229.2   0.0   1   1   2.2e-72   1.4e-69  228.4   0.0     1   177    69   245    69   245 0.99 -
GT2_Glycos_transf_2.hmm PF00535.25   170 A5-S04_22_cg200_3    -            240   7.2e-25   83.0   0.0   1   1   1.6e-27     1e-24   82.6   0.0     1   153     4   150     4   158 0.83 Glycosyl transferase family 2
GT51.hmm             -            177 A5-S04_22_cg203_8    -            233   1.7e-48  159.8   0.0   1   1   3.2e-51     2e-48  159.5   0.0    12   175    56   218    47   220 0.96 -
AA5.hmm              -           1281 A5-S04_22_cg203_11   -            624   9.3e-87  287.0   4.3   1   1     5e-89   1.1e-86  286.8   4.3   567  1023   132   621    69   623 0.86 -
AA5_2.hmm            -            588 A5-S04_22_cg203_11   -            624   2.4e-45  150.5   0.0   1   1     1e-40   2.1e-38  127.5   0.0   342   587   386   621   355   622 0.83 -
AA5_1.hmm            -            563 A5-S04_22_cg203_11   -            624   2.1e-31  104.0   1.1   1   1     2e-19   4.3e-17   56.7   0.2   368   539   466   620   461   622 0.83 -
GT41.hmm             -            705 A5-S04_22_cg220_3    -            227   1.8e-34  114.6   3.1   1   2   4.1e-22   2.6e-19   64.5   0.1    81   191     5   105     1   108 0.92 -
GT41.hmm             -            705 A5-S04_22_cg220_3    -            227   1.8e-34  114.6   3.1   2   2   2.3e-17   1.5e-14   48.8   0.7    86   208   112   216   107   224 0.87 -
GT5.hmm              -            472 A5-S04_22_cg223_2    -            500  3.7e-168  555.3   0.0   1   1  1.3e-170  4.2e-168  555.1   0.0     1   472    12   496    12   496 0.96 -
GT4.hmm              -            160 A5-S04_22_cg223_2    -            500   5.6e-16   53.9   0.0   1   1   3.2e-18     1e-15   53.1   0.0     5   157   312   468   309   471 0.85 -
GT4.hmm              -            160 A5-S04_22_cg231_5    -            393   9.9e-38  124.6   0.0   1   1   4.6e-40   1.5e-37  124.1   0.0     4   160   203   364   200   364 0.97 -
GT5.hmm              -            472 A5-S04_22_cg231_5    -            393   1.4e-17   58.8   0.0   1   1   2.9e-17   9.1e-15   49.5   0.0   278   436   196   353   154   369 0.85 -
CBM50.hmm            -             40 A5-S04_22_cg231_8    -            764  1.8e-119  385.2  31.4   1   7   1.7e-16   1.1e-13   46.7   0.1     1    40    77   119    77   119 0.92 -
CBM50.hmm            -             40 A5-S04_22_cg231_8    -            764  1.8e-119  385.2  31.4   2   7   5.4e-17   3.5e-14   48.3   0.2     1    39   159   200   159   201 0.93 -
CBM50.hmm            -             40 A5-S04_22_cg231_8    -            764  1.8e-119  385.2  31.4   3   7   3.3e-16   2.1e-13   45.7   0.2     1    40   225   267   225   267 0.92 -
CBM50.hmm            -             40 A5-S04_22_cg231_8    -            764  1.8e-119  385.2  31.4   4   7   5.4e-16   3.5e-13   45.1   0.1     1    40   377   419   377   419 0.93 -
CBM50.hmm            -             40 A5-S04_22_cg231_8    -            764  1.8e-119  385.2  31.4   5   7   1.3e-15   8.4e-13   43.8   0.1     1    40   447   489   447   489 0.93 -
CBM50.hmm            -             40 A5-S04_22_cg231_8    -            764  1.8e-119  385.2  31.4   6   7   5.8e-16   3.7e-13   45.0   0.0     1    40   500   542   500   542 0.92 -
CBM50.hmm            -             40 A5-S04_22_cg231_8    -            764  1.8e-119  385.2  31.4   7   7   1.6e-17     1e-14   49.9   0.2     1    40   566   608   566   608 0.91 -
GT4.hmm              -            160 A5-S04_22_cg243_5    -            382   2.9e-19   64.6   0.1   1   1   9.3e-22     6e-19   63.6   0.1     8   157   199   356   192   359 0.93 -
GT28.hmm             -            157 A5-S04_22_cg245_3    -            357   1.2e-51  169.9   0.0   1   1   2.6e-54   1.7e-51  169.4   0.0     2   157   183   341   182   341 0.96 -
GT4.hmm              -            160 A5-S04_22_cg246_6    -            403   6.1e-32  105.8   0.0   1   1   1.5e-34   9.7e-32  105.2   0.0     4   156   192   356   189   361 0.88 -
#
# Program:         hmmscan
# Version:         3.3.1 (Jul 2020)
# Pipeline mode:   SCAN
# Query file:      /beegfs/home/lxd/2_sea_metagenomics/6.metabat2/bins_redup_refinem_drep/derep_70_10/derepbins_prodigal/A5-S04_22.proteins.faa
# Target file:     /beegfs/home/lxd/4_salt_metagenomics/tools/CAZy/dbCAN-HMMdb-V8.txt
# Option settings: hmmscan --tblout A5-S04_22.tbl --domtblout A5-S04_22_dom.tbl --acc --noali --notextw -E 1e-14 --domE 1e-14 --cpu 30 /beegfs/home/lxd/4_salt_metagenomics/tools/CAZy/dbCAN-HMMdb-V8.txt /beegfs/home/lxd/2_sea_metagenomics/6.metabat2/bins_redup_refinem_drep/derep_70_10/derepbins_prodigal/A5-S04_22.proteins.faa 
# Current dir:     /beegfs/home/lxd/2_sea_metagenomics/6.metabat2/bins_redup_refinem_drep/derep_70_10/derepbins_cazy
# Date:            Thu Mar  4 10:23:56 2021
# [ok]
