#                                                                            --- full sequence --- -------------- this domain -------------   hmm coord   ali coord   env coord
# target name        accession   tlen query name           accession   qlen   E-value  score  bias   #  of  c-Evalue  i-Evalue  score  bias  from    to  from    to  from    to  acc description of target
#------------------- ---------- ----- -------------------- ---------- ----- --------- ------ ----- --- --- --------- --------- ------ ----- ----- ----- ----- ----- ----- ----- ---- ---------------------
GT4.hmm              -            160 A5-S03_163_cg19_3    -            359   6.3e-30   99.3   0.0   1   1   3.2e-32     1e-29   98.6   0.0     7   148   183   317   178   322 0.96 -
GT5.hmm              -            472 A5-S03_163_cg19_3    -            359   5.7e-15   50.2   0.0   1   1   2.2e-17   7.1e-15   49.9   0.0   270   470   165   354   135   356 0.83 -
AA3.hmm              -            618 A5-S03_163_cg29_8    -            572   1.1e-48  161.3   0.0   1   1   6.2e-51   1.3e-48  161.0   0.0   104   401     2   566     1   570 0.79 -
AA3_4.hmm            -            549 A5-S03_163_cg29_8    -            572   5.3e-20   66.9   0.0   1   1   4.2e-18   9.1e-16   52.9   0.0   412   548   426   565   403   566 0.87 -
AA3.hmm              -            618 A5-S03_163_cg34_5    -            564   9.9e-52  171.4   0.0   1   1   9.1e-54   1.2e-51  171.1   0.0    88   398     4   555     1   561 0.78 -
AA3_4.hmm            -            549 A5-S03_163_cg34_5    -            564   1.9e-18   61.7   0.1   1   1   8.1e-16     1e-13   46.1   0.0   411   544   422   553   417   558 0.86 -
CE11.hmm             -            271 A5-S03_163_cg38_1    -            102   1.9e-37  124.3   0.1   1   1   3.2e-40     2e-37  124.2   0.1     1    96     7   102     7   102 0.99 -
GH3.hmm              -            216 A5-S03_163_cg47_2    -            701   2.5e-63  208.8   0.1   1   1   5.6e-66   3.6e-63  208.3   0.1     4   216    64   270    61   270 0.97 -
GT19.hmm             -            354 A5-S03_163_cg57_16   -             94   7.1e-15   49.7   0.1   1   1   1.3e-17   8.4e-15   49.5   0.1   297   353     2    58     1    59 0.96 -
GT28.hmm             -            157 A5-S03_163_cg63_2    -            357   2.5e-33  110.3   0.1   1   1   7.5e-36   4.8e-33  109.4   0.1     2   150   192   336   191   342 0.90 -
CE10.hmm             -            341 A5-S03_163_cg80_4    -            290     8e-32  106.4   3.4   1   1   1.6e-34     1e-31  106.1   3.4    84   331    41   285    18   288 0.83 -
GH33.hmm             -            342 A5-S03_163_cg82_5    -            396   3.8e-19   64.5   0.6   1   1     7e-22   4.5e-19   64.2   0.6    51   303    98   338    55   382 0.78 -
CE10.hmm             -            341 A5-S03_163_cg91_5    -            539     1e-33  112.7   0.7   1   1   2.2e-36   1.4e-33  112.2   0.7    73   193   107   248    36   293 0.86 -
GT30.hmm             -            177 A5-S03_163_cg108_2   -            433   8.2e-66  216.1   0.5   1   1   3.5e-68   2.3e-65  214.7   0.1     2   176    41   218    40   219 0.97 -
CE10.hmm             -            341 A5-S03_163_cg119_10  -            182   3.4e-45  150.4   0.3   1   1   5.9e-48   3.8e-45  150.3   0.3    36   202    22   182     3   182 0.88 -
CE10.hmm             -            341 A5-S03_163_cg124_3   -            651   3.7e-29   97.7   0.1   1   1   8.2e-32   5.3e-29   97.2   0.1    65   316   393   633   344   649 0.87 -
CE4.hmm              -            130 A5-S03_163_cg125_4   -            358   2.2e-29   97.6   0.1   1   1   5.6e-32   3.6e-29   96.9   0.1     3   125    76   213    74   217 0.89 -
CE10.hmm             -            341 A5-S03_163_cg126_3   -            710     2e-17   59.1   0.5   1   1   4.9e-20   3.1e-17   58.5   0.5    80   313   476   691   433   708 0.82 -
AA4.hmm              -            522 A5-S03_163_cg128_9   -            462   1.3e-23   78.7   0.0   1   1   1.1e-23   3.5e-21   70.7   0.0    47   202    29   184     6   212 0.90 -
AA7.hmm              -            458 A5-S03_163_cg128_9   -            462   4.3e-19   64.8   3.5   1   1   3.1e-21   9.8e-19   63.6   2.6     6   151    27   176    24   236 0.91 -
AA4.hmm              -            522 A5-S03_163_cg138_17  -            485   8.3e-28   92.5   0.3   1   1   3.7e-22   1.2e-19   65.6   1.4    57   248    44   227    30   242 0.83 -
AA7.hmm              -            458 A5-S03_163_cg138_17  -            485   4.6e-23   77.9   1.1   1   1   3.1e-24     1e-21   73.4   3.8    11   200    37   233    34   295 0.89 -
AA6.hmm              -            195 A5-S03_163_cg141_4   -            214   1.7e-64  212.2   0.0   1   1     3e-67   1.9e-64  212.0   0.0     2   193    12   200    11   202 0.97 -
GT51.hmm             -            177 A5-S03_163_cg146_3   -            598   1.1e-50  166.9   0.0   1   1   2.5e-53   1.6e-50  166.3   0.0    10   177   153   324   144   324 0.95 -
CE10.hmm             -            341 A5-S03_163_cg158_2   -            604     1e-38  129.1   0.2   1   1   2.5e-41   1.6e-38  128.5   0.2    73   188   114   240    75   283 0.88 -
GH23.hmm             -            135 A5-S03_163_cg161_20  -            233   3.9e-27   90.7   0.2   1   1   8.9e-30   5.7e-27   90.2   0.2    16   128    42   155    27   161 0.91 -
GT41.hmm             -            705 A5-S03_163_cg163_13  -            274   4.2e-16   53.9   1.0   1   1   7.7e-19     5e-16   53.6   1.0    54   188    93   235    46   260 0.68 -
CE14.hmm             -            124 A5-S03_163_cg169_5   -            260   1.6e-23   79.1   0.2   1   1     4e-26   2.5e-23   78.5   0.2     1   124     8   117     8   117 0.96 -
AA4.hmm              -            522 A5-S03_163_cg169_9   -            470     4e-25   83.7   0.1   1   1   2.2e-22   6.9e-20   66.4   0.1    15   254    11   240     3   275 0.86 -
AA7.hmm              -            458 A5-S03_163_cg169_9   -            470   3.3e-15   51.9   0.6   1   1     1e-16   3.2e-14   48.7   0.4    10   203    42   244    34   251 0.86 -
CE10.hmm             -            341 A5-S03_163_cg195_9   -            368   1.6e-44  148.2   0.2   1   1   3.2e-47     2e-44  147.9   0.2    57   334    76   351    38   354 0.80 -
AA3.hmm              -            618 A5-S03_163_cg195_13  -            548   2.7e-58  193.0   0.0   1   1   2.6e-60   3.3e-58  192.8   0.0    85   398     5   539     1   544 0.76 -
AA3_1.hmm            -            548 A5-S03_163_cg195_13  -            548   4.9e-32  106.5   0.0   1   1   1.7e-15   2.2e-13   44.9   0.0    11   122     4   116     1   122 0.82 -
AA3_2.hmm            -            568 A5-S03_163_cg195_13  -            548   2.2e-31  104.5   0.1   1   1   2.1e-20   2.6e-18   61.3   0.0     3   280    10   298     8   298 0.73 -
CE10.hmm             -            341 A5-S03_163_cg199_1   -            484     2e-15   52.5   0.2   1   1   4.1e-18   2.6e-15   52.2   0.2    32   186   294   482   256   484 0.79 -
GH23.hmm             -            135 A5-S03_163_cg199_7   -            637   1.4e-30  101.8   0.9   1   1   9.5e-32   6.1e-29   96.6   0.2    17   123   490   616   473   621 0.89 -
GH78.hmm             -            504 A5-S03_163_cg201_5   -            847   8.8e-73  240.9   0.0   1   1   7.1e-75   2.3e-72  239.5   0.0     8   503   329   809   324   810 0.89 -
CBM67.hmm            -            176 A5-S03_163_cg201_5   -            847   5.8e-37  122.4   0.7   1   1   3.3e-39   1.1e-36  121.5   0.7     1   167   121   298   121   305 0.95 -
GH73.hmm             -            128 A5-S03_163_cg208_1   -            254   4.5e-16   54.8   0.0   1   1   1.3e-18   8.1e-16   54.0   0.0    12    94   164   246   159   253 0.85 -
CBM9.hmm             -            182 A5-S03_163_cg210_3   -            524   3.4e-18   61.7   0.1   1   1   9.4e-21     6e-18   60.9   0.1     1   164    56   234    56   251 0.82 -
GT41.hmm             -            705 A5-S03_163_cg214_2   -            618   1.3e-29   98.5   5.8   1   1   5.1e-21   3.2e-18   60.9   1.3    55   189    24   148    14   151 0.90 -
AA12.hmm             -            401 A5-S03_163_cg225_3   -            505     1e-31  105.2   0.0   1   2   2.9e-15   1.9e-12   41.8   0.0     9   215    62   249    56   272 0.84 -
AA12.hmm             -            401 A5-S03_163_cg225_3   -            505     1e-31  105.2   0.0   2   2   6.8e-21   4.4e-18   60.3   0.0   292   399   293   396   288   398 0.83 -
GH103.hmm            -            295 A5-S03_163_cg244_2   -            344  1.1e-100  331.8   0.1   1   1    2e-103  1.3e-100  331.6   0.1     8   295    39   333    33   333 0.93 -
GT4.hmm              -            160 A5-S03_163_cg246_3   -            758   7.5e-49  160.8   0.0   1   2   1.7e-24   5.4e-22   73.5   0.0     8   155   198   344   192   349 0.90 -
GT4.hmm              -            160 A5-S03_163_cg246_3   -            758   7.5e-49  160.8   0.0   2   2   4.6e-28   1.5e-25   85.1   0.0    11   156   576   720   567   724 0.90 -
GT9.hmm              -            225 A5-S03_163_cg246_4   -            341   2.7e-52  173.2   0.0   1   1   5.6e-55   3.6e-52  172.8   0.0     5   221    83   325    79   329 0.85 -
GH109.hmm            -            126 A5-S03_163_cg258_3   -            440   1.8e-22   75.4   0.1   1   1   8.9e-25   5.7e-22   73.8   0.0     1   122    33   150    33   153 0.96 -
GT4.hmm              -            160 A5-S03_163_cg276_3   -            397     5e-21   70.3   0.0   1   1   2.8e-23   1.8e-20   68.5   0.0     9   134   234   346   230   357 0.89 -
GT4.hmm              -            160 A5-S03_163_cg284_2   -            382   1.8e-38  127.0   0.0   1   1   1.7e-40   1.1e-37  124.5   0.0     7   156   198   347   193   350 0.96 -
CE1.hmm              -            227 A5-S03_163_cg291_4   -            364     1e-15   53.4   0.0   1   1   2.8e-18   1.8e-15   52.6   0.0    10   211   170   350   164   359 0.81 -
GT4.hmm              -            160 A5-S03_163_cg319_2   -            372     2e-42  139.9   0.0   1   1     1e-44   3.4e-42  139.2   0.0     7   157   191   340   188   343 0.97 -
GT5.hmm              -            472 A5-S03_163_cg319_2   -            372   4.5e-15   50.5   0.0   1   1   2.2e-17     7e-15   49.9   0.0   293   469   194   364   156   367 0.81 -
GT4.hmm              -            160 A5-S03_163_cg319_3   -            380   7.1e-25   82.9   0.0   1   1   3.2e-27     1e-24   82.3   0.0     5   151   195   338   191   344 0.90 -
GT5.hmm              -            472 A5-S03_163_cg319_3   -            380   6.7e-20   66.4   0.0   1   1   2.8e-22   8.9e-20   66.0   0.0   236   471   162   372   109   373 0.87 -
GT4.hmm              -            160 A5-S03_163_cg321_3   -            656   6.2e-48  157.8   0.0   1   2   5.1e-24   1.6e-21   71.9   0.0     8   154    96   241    91   247 0.89 -
GT4.hmm              -            160 A5-S03_163_cg321_3   -            656   6.2e-48  157.8   0.0   2   2   1.2e-27     4e-25   83.7   0.0    11   156   474   618   466   622 0.90 -
CE4.hmm              -            130 A5-S03_163_cg326_5   -            273     2e-23   78.3   0.0   1   1   5.9e-26   3.8e-23   77.4   0.0    11   127     8   146     3   148 0.80 -
GH20.hmm             -            337 A5-S03_163_cg326_8   -            680   1.8e-92  305.6   0.0   1   1     4e-95   2.5e-92  305.1   0.0     8   336   134   477   128   478 0.89 -
AA3_2.hmm            -            568 A5-S03_163_cg331_7   -            129   1.5e-52  174.3   0.2   1   1     1e-54   1.7e-52  174.2   0.2     2   129     2   128     1   129 0.95 -
AA3.hmm              -            618 A5-S03_163_cg331_7   -            129   1.2e-39  131.5   0.2   1   1     8e-42   1.3e-39  131.4   0.2    89   200     2   128     1   129 0.85 -
AA3_3.hmm            -            590 A5-S03_163_cg331_7   -            129   3.2e-30  100.3   0.0   1   1   2.2e-32   3.5e-30  100.2   0.0     3   129     3   129     1   129 0.91 -
AA3_1.hmm            -            548 A5-S03_163_cg331_7   -            129   1.6e-20   68.4   0.3   1   1   1.2e-22   1.9e-20   68.2   0.3    16   136     2   121     1   127 0.84 -
CE10.hmm             -            341 A5-S03_163_cg354_19  -            378   1.9e-29   98.6   0.1   1   1   3.5e-32   2.3e-29   98.4   0.1    39   323    77   349    11   360 0.82 -
AA12.hmm             -            401 A5-S03_163_cg356_7   -            448   6.4e-26   86.1   0.0   1   1   2.2e-28   1.4e-25   85.0   0.0    11   399    63   440    54   442 0.80 -
PL22.hmm             -            265 A5-S03_163_cg371_4   -            438   2.8e-27   90.8   0.0   1   1   1.6e-18     1e-15   53.0   0.0   135   244   290   399   285   412 0.89 -
GT41.hmm             -            705 A5-S03_163_cg398_2   -            618   2.2e-30  101.1   2.9   1   2   2.3e-20   1.5e-17   58.7   0.2    52   191    21   150    12   152 0.90 -
GT41.hmm             -            705 A5-S03_163_cg398_2   -            618   2.2e-30  101.1   2.9   2   2   6.2e-15     4e-12   40.7   0.5   122   209   149   229   147   442 0.91 -
CE10.hmm             -            341 A5-S03_163_cg419_5   -            606   2.8e-39  131.0   0.1   1   1   6.6e-42   4.2e-39  130.4   0.1    73   208   106   256    67   337 0.87 -
GT2_Glycos_transf_2.hmm PF00535.25   170 A5-S03_163_cg421_2   -            326   1.4e-18   62.6   0.0   1   1   6.4e-21   2.1e-18   62.0   0.0     1   126     4   124     4   154 0.90 Glycosyl transferase family 2
GT27.hmm                -            295 A5-S03_163_cg421_2   -            326     5e-15   50.8   0.0   1   1     2e-17   6.3e-15   50.5   0.0    31   251    31   259     4   269 0.75 -
CE10.hmm             -            341 A5-S03_163_cg426_2   -            313   2.1e-71  236.6   0.3   1   1   3.9e-74   2.5e-71  236.3   0.3    46   334    29   303     4   308 0.85 -
GH3.hmm              -            216 A5-S03_163_cg428_1   -            427   2.6e-72  238.2   0.0   1   1   5.6e-75   3.6e-72  237.7   0.0     3   216    90   316    88   316 0.97 -
AA1.hmm              -            943 A5-S03_163_cg456_3   -            565   4.1e-33  109.9   9.5   1   1   2.7e-35   5.7e-33  109.4   9.5   459   665   197   449   186   467 0.85 -
AA1_2.hmm            -            337 A5-S03_163_cg456_3   -            565   6.1e-22   73.4   0.9   1   1     2e-17   4.3e-15   50.8   0.4    12   106   198   296   195   307 0.86 -
AA1_3.hmm            -            312 A5-S03_163_cg456_3   -            565     4e-20   67.5   1.0   1   1   2.4e-21   5.1e-19   63.8   1.0    40   263   196   453   164   489 0.73 -
AA3_2.hmm            -            568 A5-S03_163_cg468_3   -            355   6.6e-97  320.8   0.0   1   1   6.2e-99   7.9e-97  320.5   0.0   189   566     2   350     1   352 0.94 -
AA3.hmm              -            618 A5-S03_163_cg468_3   -            355   1.5e-58  193.9   0.0   1   1   1.4e-60   1.9e-58  193.6   0.0   203   398    16   350     5   353 0.93 -
AA3_3.hmm            -            590 A5-S03_163_cg468_3   -            355   9.2e-39  128.5   0.0   1   2   2.4e-22     3e-20   67.3   0.0   192   316    13   124     5   178 0.85 -
AA3_3.hmm            -            590 A5-S03_163_cg468_3   -            355   9.2e-39  128.5   0.0   2   2   3.5e-18   4.4e-16   53.6   0.0   509   586   273   350   261   353 0.90 -
AA3_1.hmm            -            548 A5-S03_163_cg468_3   -            355   3.1e-36  120.3   0.0   1   1   3.8e-38   4.8e-36  119.7   0.0   195   544    10   349     3   352 0.81 -
AA8.hmm              -            815 A5-S03_163_cg468_3   -            355   2.8e-28   93.6   0.0   1   1   1.8e-29   2.3e-27   90.6   0.0   426   773    12   349     5   352 0.74 -
GT4.hmm              -            160 A5-S03_163_cg471_1   -            214   5.8e-32  105.9   0.0   1   1   1.1e-34   7.1e-32  105.6   0.0     5   159    27   183    23   184 0.91 -
GT51.hmm             -            177 A5-S03_163_cg481_1   -            777   1.2e-56  186.3   0.0   1   1     3e-59   1.9e-56  185.6   0.0     2   177    60   237    59   237 0.96 -
#
# Program:         hmmscan
# Version:         3.3.1 (Jul 2020)
# Pipeline mode:   SCAN
# Query file:      /beegfs/home/lxd/2_sea_metagenomics/6.metabat2/bins_redup_refinem_drep/derep_70_10/derepbins_prodigal/A5-S03_163.proteins.faa
# Target file:     /beegfs/home/lxd/4_salt_metagenomics/tools/CAZy/dbCAN-HMMdb-V8.txt
# Option settings: hmmscan --tblout A5-S03_163.tbl --domtblout A5-S03_163_dom.tbl --acc --noali --notextw -E 1e-14 --domE 1e-14 --cpu 30 /beegfs/home/lxd/4_salt_metagenomics/tools/CAZy/dbCAN-HMMdb-V8.txt /beegfs/home/lxd/2_sea_metagenomics/6.metabat2/bins_redup_refinem_drep/derep_70_10/derepbins_prodigal/A5-S03_163.proteins.faa 
# Current dir:     /beegfs/home/lxd/2_sea_metagenomics/6.metabat2/bins_redup_refinem_drep/derep_70_10/derepbins_cazy
# Date:            Thu Mar  4 09:09:09 2021
# [ok]
