#                                                                            --- full sequence --- -------------- this domain -------------   hmm coord   ali coord   env coord
# target name        accession   tlen query name           accession   qlen   E-value  score  bias   #  of  c-Evalue  i-Evalue  score  bias  from    to  from    to  from    to  acc description of target
#------------------- ---------- ----- -------------------- ---------- ----- --------- ------ ----- --- --- --------- --------- ------ ----- ----- ----- ----- ----- ----- ----- ---- ---------------------
AA4.hmm              -            522 A5-S04_33_cg4_7      -            478     7e-22   73.0   0.0   1   1   2.3e-19   7.2e-17   56.4   0.0    17   251    16   240    12   259 0.78 -
AA7.hmm              -            458 A5-S04_33_cg4_7      -            478   1.5e-17   59.7   0.2   1   1     4e-19   1.3e-16   56.6   0.2    17   223    53   267    46   301 0.86 -
GT2_Glycos_transf_2.hmm PF00535.25   170 A5-S04_33_cg13_5     -            392   3.4e-24   80.8   0.0   1   1   7.8e-27     5e-24   80.3   0.0     1   166    15   174    15   176 0.97 Glycosyl transferase family 2
GT51.hmm             -            177 A5-S04_33_cg23_6     -            638   3.7e-64  210.8   0.0   1   1   8.8e-67   5.6e-64  210.2   0.0    14   177   104   267    92   267 0.97 -
GT9.hmm              -            225 A5-S04_33_cg39_6     -            368   7.6e-40  132.5   0.2   1   1   1.9e-42   1.2e-39  131.8   0.2    11   205   117   321   106   344 0.77 -
GT4.hmm              -            160 A5-S04_33_cg39_8     -            347   6.4e-35  115.5   0.0   1   1   2.8e-37   9.1e-35  115.0   0.0     8   154   168   308   162   314 0.96 -
GT5.hmm              -            472 A5-S04_33_cg39_8     -            347   4.9e-18   60.3   0.0   1   1   1.9e-20   6.2e-18   59.9   0.0   286   472   163   339   153   339 0.90 -
GT4.hmm              -            160 A5-S04_33_cg73_12    -            344     3e-22   74.3   0.0   1   1   7.8e-25     5e-22   73.6   0.0     9   139   184   301   180   311 0.88 -
GT30.hmm             -            177 A5-S04_33_cg73_14    -            453   1.5e-62  205.5   0.4   1   1   4.3e-65   2.8e-62  204.6   0.4     2   175    60   235    59   237 0.98 -
CE11.hmm             -            271 A5-S04_33_cg80_1     -            213   4.8e-77  254.2   0.0   1   1   8.4e-80   5.4e-77  254.0   0.0     1   197    14   212    14   213 0.98 -
GH109.hmm            -            126 A5-S04_33_cg97_3     -            323   2.3e-15   52.4   0.3   1   1   3.7e-17   2.4e-14   49.1   0.3     1   119     5   111     5   116 0.87 -
CE10.hmm             -            341 A5-S04_33_cg124_3    -            315   2.2e-74  246.4   0.8   1   1     4e-77   2.6e-74  246.2   0.8    54   336    37   311     4   313 0.87 -
GT19.hmm             -            354 A5-S04_33_cg130_8    -            390  1.6e-120  397.2   0.1   1   1  2.9e-123  1.9e-120  397.0   0.1     1   348    10   361    10   367 0.94 -
AA4.hmm              -            522 A5-S04_33_cg131_2    -            496   4.7e-28   93.3   0.0   1   1   5.9e-24   1.9e-21   71.6   0.3    11   251    11   241     3   252 0.86 -
AA7.hmm              -            458 A5-S04_33_cg131_2    -            496   5.2e-22   74.4   0.6   1   1   3.3e-24     1e-21   73.4   0.6    12   195    49   239    46   251 0.90 -
AA3_2.hmm            -            568 A5-S04_33_cg136_1    -             76   1.1e-22   75.8   0.0   1   1   3.8e-25   1.2e-22   75.6   0.0     2    68     6    72     5    75 0.93 -
AA3.hmm              -            618 A5-S04_33_cg136_1    -             76   5.2e-16   53.4   0.0   1   1   1.6e-18   5.2e-16   53.4   0.0    88   135     5    55     1    74 0.75 -
GH119.hmm            -           1070 A5-S04_33_cg138_3    -           1065   1.8e-25   84.0   8.1   1   1   2.7e-28   1.8e-25   84.0   8.1   806   908   727   833   718   906 0.91 -
CE4.hmm              -            130 A5-S04_33_cg144_5    -            301   3.3e-15   51.7   0.0   1   1   8.8e-18   5.7e-15   51.0   0.0    23   125    80   183    67   187 0.80 -
CE10.hmm             -            341 A5-S04_33_cg145_5    -            298   5.4e-27   90.6   1.6   1   1   1.1e-29   7.3e-27   90.1   1.6    68   309    58   274    28   293 0.83 -
GT2_Glycos_transf_2.hmm PF00535.25   170 A5-S04_33_cg145_6    -            321   2.1e-16   55.5   0.0   1   1   4.7e-19     3e-16   55.0   0.0     1   131    18   140    18   181 0.84 Glycosyl transferase family 2
CE10.hmm             -            341 A5-S04_33_cg169_1    -            304   4.8e-73  242.0   3.1   1   1   9.5e-76   6.1e-73  241.6   3.1    46   327     8   281     3   292 0.87 -
CE10.hmm             -            341 A5-S04_33_cg208_7    -            597   3.4e-23   78.1   0.4   1   1   7.8e-26     5e-23   77.5   0.4    93   316   349   562   315   577 0.84 -
GT4.hmm              -            160 A5-S04_33_cg219_4    -            328     1e-20   69.3   0.0   1   1   2.6e-23   1.7e-20   68.6   0.0     5    95   226   316   222   328 0.91 -
CE9.hmm              -            373 A5-S04_33_cg235_3    -            365  6.4e-113  372.3   2.2   1   1  1.2e-115  7.5e-113  372.1   2.2     4   373     6   358     4   358 0.95 -
GT41.hmm             -            705 A5-S04_33_cg254_2    -            648     1e-70  234.4   0.5   1   1   2.1e-68   1.3e-65  217.5   0.0    80   516   137   647   127   647 0.92 -
AA4.hmm              -            522 A5-S04_33_cg255_4    -            467   7.3e-32  105.9   0.0   1   1   2.4e-27   7.8e-25   82.7   0.0    16   251    14   237     7   249 0.79 -
AA7.hmm              -            458 A5-S04_33_cg255_4    -            467   9.2e-24   80.1   2.0   1   1   8.6e-24   2.7e-21   72.0   2.6    12   210    46   252    41   265 0.92 -
GT4.hmm              -            160 A5-S04_33_cg292_4    -            379   2.3e-34  113.7   0.0   1   1   1.1e-36   3.6e-34  113.1   0.0    11   159   200   348   191   349 0.96 -
GT5.hmm              -            472 A5-S04_33_cg292_4    -            379   8.5e-15   49.6   0.0   1   1   3.6e-17   1.2e-14   49.1   0.0   278   471   186   373   150   374 0.87 -
GH103.hmm            -            295 A5-S04_33_cg296_8    -            326  6.3e-118  388.4   0.0   1   1  1.1e-120  7.1e-118  388.2   0.0     1   295    29   323    29   323 0.99 -
AA3_2.hmm            -            568 A5-S04_33_cg302_10   -            546  1.8e-166  550.4   0.0   1   1  1.7e-168  2.2e-166  550.1   0.0     2   566     3   534     2   536 0.91 -
AA3.hmm              -            618 A5-S04_33_cg302_10   -            546  1.9e-111  368.6   0.0   1   1  1.8e-113  2.3e-111  368.3   0.0    89   402     3   538     1   543 0.88 -
AA3_3.hmm            -            590 A5-S04_33_cg302_10   -            546   8.5e-85  280.5   0.0   1   2   4.5e-67   5.7e-65  215.0   0.0     2   464     3   440     2   452 0.87 -
AA3_3.hmm            -            590 A5-S04_33_cg302_10   -            546   8.5e-85  280.5   0.0   2   2   1.6e-20     2e-18   61.3   0.0   510   586   459   534   455   536 0.93 -
AA3_1.hmm            -            548 A5-S04_33_cg302_10   -            546     5e-57  188.9   0.0   1   1   8.4e-58   1.1e-55  184.5   0.0    15   546     2   535     1   537 0.76 -
AA8.hmm              -            815 A5-S04_33_cg302_10   -            546     4e-41  136.1   0.0   1   1     2e-35   2.6e-33  110.2   0.0   328   778    82   538    76   544 0.75 -
GH23.hmm             -            135 A5-S04_33_cg315_6    -            600   9.7e-22   73.2   0.0   1   1   3.6e-24   2.3e-21   72.0   0.0    17   120   431   557   426   565 0.91 -
GT4.hmm              -            160 A5-S04_33_cg317_1    -            367   1.3e-30  101.5   0.0   1   1   6.7e-33   2.1e-30  100.8   0.0     6   156   172   329   168   333 0.88 -
GT5.hmm              -            472 A5-S04_33_cg317_1    -            367   1.1e-17   59.1   0.0   1   1   4.8e-20   1.5e-17   58.6   0.0   224   471   122   358   116   359 0.77 -
GT9.hmm              -            225 A5-S04_33_cg317_2    -            313     2e-42  140.9   0.1   1   1     4e-45   2.5e-42  140.6   0.1     5   204    79   294    75   308 0.85 -
CE10.hmm             -            341 A5-S04_33_cg321_4    -            277   2.2e-29   98.4   2.3   1   1   4.5e-32   2.9e-29   98.0   2.3    71   313    37   256     5   274 0.80 -
CE11.hmm             -            271 A5-S04_33_cg328_6    -            150     4e-49  162.6   0.0   1   1   7.2e-52   4.6e-49  162.4   0.0   153   270     1   118     1   119 0.99 -
CE10.hmm             -            341 A5-S04_33_cg350_13   -            291   2.4e-20   68.7   0.4   1   1   5.8e-23   3.7e-20   68.1   0.4    64   309    42   259     8   288 0.75 -
CE10.hmm             -            341 A5-S04_33_cg351_1    -            182   5.4e-36  120.1   0.7   1   1   9.6e-39   6.1e-36  120.0   0.7    59   186    48   173    13   181 0.89 -
GH102.hmm            -            157 A5-S04_33_cg381_20   -            378   2.1e-48  159.6   0.0   1   1   4.6e-51   2.9e-48  159.1   0.0     2   157   120   275   119   275 0.98 -
GT21.hmm                -            233 A5-S04_33_cg399_2    -            410   1.9e-74  245.4   0.0   1   1   1.7e-76   3.7e-74  244.4   0.0     2   233    45   275    44   275 0.99 -
GT2_Glyco_tranf_2_3.hmm PF13641.5    230 A5-S04_33_cg399_2    -            410     3e-26   88.0   0.0   1   1   1.9e-28     4e-26   87.6   0.0     5   229    47   273    44   274 0.91 Glycosyltransferase like family 2
GT2_Glyco_trans_2_3.hmm PF13632.5    197 A5-S04_33_cg399_2    -            410   2.5e-22   75.0   0.9   1   1   1.8e-24   3.9e-22   74.4   0.9     1   194   132   323   132   326 0.92 Glycosyl transferase family group 2
CE4.hmm              -            130 A5-S04_33_cg412_4    -            294     5e-22   73.8   0.0   1   1   4.2e-24   2.7e-21   71.4   0.0    23   127    42   147    34   150 0.95 -
GH73.hmm             -            128 A5-S04_33_cg423_2    -            343   8.1e-19   63.7   0.0   1   1   1.9e-21   1.2e-18   63.1   0.0    10   125   189   314   185   317 0.79 -
GH23.hmm             -            135 A5-S04_33_cg442_9    -            666   1.6e-30  101.7   0.1   1   1   2.5e-33   1.6e-30  101.7   0.1    12   121   502   636   494   647 0.87 -
AA3_2.hmm            -            568 A5-S04_33_cg443_1    -            561  1.7e-164  543.9   0.0   1   1  1.7e-166  2.2e-164  543.5   0.0     3   568    30   557    29   557 0.97 -
AA3.hmm              -            618 A5-S04_33_cg443_1    -            561  1.3e-106  352.7   0.1   1   1  1.2e-108  1.6e-106  352.4   0.1    89   401    29   558    19   560 0.88 -
AA3_3.hmm            -            590 A5-S04_33_cg443_1    -            561   1.9e-78  259.6   0.0   1   2   9.9e-61   1.3e-58  194.1   0.0     4   324    31   335    29   375 0.90 -
AA3_3.hmm            -            590 A5-S04_33_cg443_1    -            561   1.9e-78  259.6   0.0   2   2   3.1e-16     4e-14   47.1   0.1   505   588   476   557   467   558 0.87 -
AA3_1.hmm            -            548 A5-S04_33_cg443_1    -            561   4.3e-54  179.3   0.0   1   1   7.6e-56   9.7e-54  178.1   0.0    16   542    29   552    22   556 0.80 -
AA8.hmm              -            815 A5-S04_33_cg443_1    -            561   1.8e-43  143.8   0.0   1   1   3.3e-38   4.2e-36  119.5   0.0   327   771   107   552    91   556 0.83 -
CE10.hmm             -            341 A5-S04_33_cg464_8    -            172   7.9e-36  119.6   0.0   1   1   1.4e-38   9.1e-36  119.4   0.0    72   176    68   172     4   172 0.78 -
GH109.hmm            -            126 A5-S04_33_cg479_5    -            374   7.8e-15   50.7   0.1   1   1   2.4e-17   1.6e-14   49.7   0.1     3   122    10   120     8   124 0.91 -
AA3_2.hmm            -            568 A5-S04_33_cg500_5    -            535  7.7e-170  561.6   0.0   1   1  7.2e-172  9.2e-170  561.3   0.0     2   568     6   532     5   532 0.94 -
AA3.hmm              -            618 A5-S04_33_cg500_5    -            535  1.4e-107  355.9   0.0   1   1  1.3e-109  1.7e-107  355.6   0.0    88   400     5   532     2   534 0.88 -
AA3_3.hmm            -            590 A5-S04_33_cg500_5    -            535   3.7e-83  275.1   0.0   1   2   1.3e-64   1.6e-62  206.9   0.0     3   325     7   313     5   354 0.88 -
AA3_3.hmm            -            590 A5-S04_33_cg500_5    -            535   3.7e-83  275.1   0.0   2   2     1e-18   1.3e-16   55.3   0.0   510   588   455   532   452   533 0.95 -
AA3_1.hmm            -            548 A5-S04_33_cg500_5    -            535   1.3e-60  200.7   0.0   1   1   2.8e-62   3.5e-60  199.3   0.0    14   546     4   531     1   533 0.80 -
AA8.hmm              -            815 A5-S04_33_cg500_5    -            535   1.5e-51  170.5   0.0   1   1   9.7e-53   1.2e-50  167.5   0.0   243   775     4   531     1   534 0.77 -
GT28.hmm             -            157 A5-S04_33_cg502_4    -            197   2.7e-46  152.4   0.0   1   1   5.1e-49   3.2e-46  152.2   0.0     2   156     4   165     3   166 0.96 -
GT51.hmm             -            177 A5-S04_33_cg504_2    -            807   7.5e-65  213.0   0.0   1   1   1.8e-67   1.1e-64  212.4   0.0     1   177    55   234    55   234 0.97 -
GT1.hmm              -            382 A5-S04_33_cg526_4    -            393   6.3e-15   51.4   7.1   1   1   4.8e-17   3.1e-14   49.1   7.1    92   352    72   364     5   388 0.72 -
GT4.hmm              -            160 A5-S04_33_cg526_6    -            386   5.1e-32  106.1   0.0   1   1   2.5e-34   8.2e-32  105.4   0.0     9   158   201   350   194   352 0.89 -
GT5.hmm              -            472 A5-S04_33_cg526_6    -            386   6.1e-20   66.6   0.0   1   1   2.5e-22   8.1e-20   66.1   0.0   271   467   182   372   148   376 0.87 -
GT4.hmm              -            160 A5-S04_33_cg526_7    -            433   3.5e-34  113.1   0.0   1   1     9e-37   5.8e-34  112.4   0.0    10   157   242   394   236   397 0.95 -
CE10.hmm             -            341 A5-S04_33_cg533_7    -            310   3.9e-70  232.4   0.1   1   1   7.2e-73   4.6e-70  232.2   0.1    58   334    41   303    25   309 0.88 -
CE10.hmm             -            341 A5-S04_33_cg533_11   -            277   6.5e-39  129.8   1.5   1   1   1.3e-41   8.3e-39  129.4   1.5    77   309    42   252    23   266 0.80 -
#
# Program:         hmmscan
# Version:         3.3.1 (Jul 2020)
# Pipeline mode:   SCAN
# Query file:      /beegfs/home/lxd/2_sea_metagenomics/6.metabat2/bins_redup_refinem_drep/derep_70_10/derepbins_prodigal/A5-S04_33.proteins.faa
# Target file:     /beegfs/home/lxd/4_salt_metagenomics/tools/CAZy/dbCAN-HMMdb-V8.txt
# Option settings: hmmscan --tblout A5-S04_33.tbl --domtblout A5-S04_33_dom.tbl --acc --noali --notextw -E 1e-14 --domE 1e-14 --cpu 30 /beegfs/home/lxd/4_salt_metagenomics/tools/CAZy/dbCAN-HMMdb-V8.txt /beegfs/home/lxd/2_sea_metagenomics/6.metabat2/bins_redup_refinem_drep/derep_70_10/derepbins_prodigal/A5-S04_33.proteins.faa 
# Current dir:     /beegfs/home/lxd/2_sea_metagenomics/6.metabat2/bins_redup_refinem_drep/derep_70_10/derepbins_cazy
# Date:            Thu Mar  4 10:30:32 2021
# [ok]
