#                                                                            --- full sequence --- -------------- this domain -------------   hmm coord   ali coord   env coord
# target name        accession   tlen query name           accession   qlen   E-value  score  bias   #  of  c-Evalue  i-Evalue  score  bias  from    to  from    to  from    to  acc description of target
#------------------- ---------- ----- -------------------- ---------- ----- --------- ------ ----- --- --- --------- --------- ------ ----- ----- ----- ----- ----- ----- ----- ---- ---------------------
GH65.hmm             -            372 A5-S04_119_cg5_3     -            770  1.6e-134  443.7   0.2   1   1  3.2e-137  2.1e-134  443.4   0.2     1   370   311   698   311   700 0.98 -
GT4.hmm              -            160 A5-S04_119_cg5_4     -            409   6.3e-31  102.5   0.0   1   1     3e-33   9.5e-31  101.9   0.0     5   159   210   374   206   375 0.94 -
GT5.hmm              -            472 A5-S04_119_cg5_4     -            409   3.6e-18   60.7   0.1   1   1     7e-18   2.2e-15   51.5   0.0   239   471   181   399   160   400 0.76 -
GH76.hmm             -            358 A5-S04_119_cg8_2     -            647   4.2e-18   61.0   0.1   1   1   6.3e-17     4e-14   47.9   0.0    49   185   415   571   372   576 0.79 -
GT2_Glycos_transf_2.hmm PF00535.25   170 A5-S04_119_cg10_7    -            287     7e-35  115.6   0.0   1   1   3.1e-37   9.9e-35  115.1   0.0     4   165     1   157     1   162 0.86 Glycosyl transferase family 2
GT2_Glyco_tranf_2_3.hmm PF13641.5    230 A5-S04_119_cg10_7    -            287   2.2e-18   62.3   0.0   1   1   1.1e-20   3.4e-18   61.6   0.0     9   199     2   184     1   223 0.84 Glycosyltransferase like family 2
CE4.hmm              -            130 A5-S04_119_cg11_10   -            289   6.6e-21   70.2   0.0   1   1   1.8e-23   1.2e-20   69.3   0.0    10   126    20   159    15   163 0.85 -
GT20.hmm             -            475 A5-S04_119_cg13_10   -            441    2e-165  546.1   0.0   1   1  3.6e-168  2.3e-165  545.9   0.0    40   473     1   431     1   433 0.97 -
AA5.hmm              -           1281 A5-S04_119_cg26_11   -            314     6e-24   78.9   6.4   1   1   3.6e-26   1.1e-23   78.0   6.4   560   865    28   313    17   313 0.87 -
GT2_Glycos_transf_2.hmm PF00535.25   170 A5-S04_119_cg40_7    -            326   8.1e-35  115.4   0.0   1   1   1.7e-37   1.1e-34  115.0   0.0     1   166    24   183    24   187 0.83 Glycosyl transferase family 2
GT83.hmm             -            540 A5-S04_119_cg41_3    -            570  1.9e-118  391.6  42.1   1   1  3.9e-121  2.5e-118  391.2  42.1     9   492    25   518    18   539 0.81 -
GH15.hmm             -            361 A5-S04_119_cg47_2    -            556   9.5e-86  283.5   0.0   1   1   1.8e-88   1.1e-85  283.2   0.0     2   360   175   544   174   545 0.89 -
GT2_Glycos_transf_2.hmm PF00535.25   170 A5-S04_119_cg48_3    -            237   1.3e-32  108.2   0.0   1   1   5.3e-35   1.7e-32  107.9   0.0     1   167     4   173     4   176 0.88 Glycosyl transferase family 2
GT81.hmm                -            293 A5-S04_119_cg48_3    -            237   4.6e-20   67.0   0.0   1   1     2e-22   6.3e-20   66.5   0.0    22   228     2   205     1   216 0.83 -
AA4.hmm              -            522 A5-S04_119_cg66_4    -            484     5e-34  113.1   0.1   1   1   5.3e-31   1.7e-28   94.8   0.1    13   260     3   241     1   268 0.83 -
AA7.hmm              -            458 A5-S04_119_cg66_4    -            484   6.8e-20   67.4   1.7   1   1   7.6e-22   2.4e-19   65.6   1.5    11   200    38   232    35   260 0.89 -
AA7.hmm              -            458 A5-S04_119_cg66_5    -            453   2.4e-16   55.7   1.0   1   1     6e-18   1.9e-15   52.7   1.0    11   198    32   228    28   237 0.85 -
AA4.hmm              -            522 A5-S04_119_cg66_5    -            453   1.1e-15   52.5   0.0   1   1   1.7e-16   5.4e-14   47.0   0.0    15   249     5   224     2   240 0.86 -
AA3_2.hmm            -            568 A5-S04_119_cg86_4    -            421   3.5e-94  311.8   0.0   1   1   2.6e-85   3.3e-83  275.6   0.0     2   324     4   313     3   326 0.92 -
AA3.hmm              -            618 A5-S04_119_cg86_4    -            421   8.1e-57  188.2   0.0   1   1   7.6e-59   9.8e-57  187.9   0.0    86   322     1   399     1   416 0.83 -
AA3_3.hmm            -            590 A5-S04_119_cg86_4    -            421   1.4e-53  177.5   0.0   1   1   1.7e-53   2.2e-51  170.2   0.0     2   316     4   307     3   317 0.90 -
AA3_1.hmm            -            548 A5-S04_119_cg86_4    -            421   1.5e-39  131.3   0.1   1   1   6.6e-40   8.4e-38  125.5   0.1    15   325     3   308     1   315 0.75 -
AA8.hmm              -            815 A5-S04_119_cg86_4    -            421     3e-30  100.1   0.1   1   1   3.9e-31     5e-29   96.1   0.1   244   515     3   278     1   316 0.76 -
GT83.hmm             -            540 A5-S04_119_cg114_18  -             90   6.8e-29   96.0   3.9   1   1   1.2e-31   7.5e-29   95.9   3.9     6    87     8    90     3    90 0.95 -
GT19.hmm             -            354 A5-S04_119_cg117_2   -            383  6.5e-128  421.5   0.0   1   1  1.1e-130  7.3e-128  421.4   0.0     1   352    11   364    11   366 0.98 -
GT41.hmm             -            705 A5-S04_119_cg135_2   -            392   4.4e-55  182.7  13.7   1   3   8.9e-15   5.7e-12   40.2   0.0   124   191    50   117    48   123 0.94 -
GT41.hmm             -            705 A5-S04_119_cg135_2   -            392   4.4e-55  182.7  13.7   2   3   5.5e-15   3.5e-12   40.9   1.1   118   191   227   301   192   303 0.76 -
GT41.hmm             -            705 A5-S04_119_cg135_2   -            392   4.4e-55  182.7  13.7   3   3   1.1e-17     7e-15   49.8   1.3   125   191   303   369   300   390 0.89 -
GT2_Glycos_transf_2.hmm PF00535.25   170 A5-S04_119_cg150_2   -            288   3.7e-33  110.0   0.0   1   1     3e-35   4.8e-33  109.6   0.0     1   166     7   162     7   166 0.82 Glycosyl transferase family 2
GT2_Glyco_tranf_2_3.hmm PF13641.5    230 A5-S04_119_cg150_2   -            288   1.6e-25   85.6   0.0   1   1   1.5e-27   2.4e-25   85.0   0.0     4   194     6   184     4   190 0.91 Glycosyltransferase like family 2
GT2_Glyco_tranf_2_2.hmm PF10111.8    276 A5-S04_119_cg150_2   -            288   2.2e-21   71.8   0.0   1   1   2.5e-22     4e-20   67.7   0.0     1   206     7   191     7   205 0.85 Glycosyltransferase like family 2
GT27.hmm                -            295 A5-S04_119_cg150_2   -            288   9.6e-18   59.8   0.0   1   1     1e-16   1.6e-14   49.2   0.0     1   116     7   114     7   119 0.91 -
GH23.hmm             -            135 A5-S04_119_cg162_7   -            677     3e-30  100.8   0.1   1   1   4.6e-33     3e-30  100.8   0.1     8   124   532   668   524   674 0.91 -
CE1.hmm              -            227 A5-S04_119_cg163_1   -            221   5.8e-16   54.2   0.0   1   1   1.2e-18   7.6e-16   53.8   0.0    11   209     6   198     2   212 0.74 -
CE4.hmm              -            130 A5-S04_119_cg179_6   -            311   3.7e-20   67.8   0.0   1   1   8.9e-23   5.7e-20   67.1   0.0    23   126    68   172    47   176 0.88 -
GT9.hmm              -            225 A5-S04_119_cg183_4   -            348     1e-41  138.6   0.0   1   1   2.3e-44   1.5e-41  138.1   0.0    44   216   123   321    94   331 0.76 -
CE11.hmm             -            271 A5-S04_119_cg185_5   -            431     1e-83  276.1   0.0   1   1   1.9e-86   1.2e-83  275.8   0.0     1   269   159   424   159   426 0.96 -
GT51.hmm             -            177 A5-S04_119_cg196_3   -            240   6.4e-57  187.2   0.0   1   1   1.2e-59   7.9e-57  186.9   0.0    12   177    64   228    55   228 0.97 -
GT41.hmm             -            705 A5-S04_119_cg199_2   -           1051   1.1e-21   72.3   1.9   1   1   1.5e-15   9.4e-13   42.8   0.2    62   190   827   945   810   946 0.91 -
CE4.hmm              -            130 A5-S04_119_cg236_2   -            313   3.2e-15   51.8   0.0   1   1   8.6e-18   5.5e-15   51.0   0.0    26   126    72   173    53   177 0.84 -
GH23.hmm             -            135 A5-S04_119_cg239_1   -            175   4.6e-33  109.9   0.1   1   1   9.5e-36   6.1e-33  109.5   0.1    14   123    51   159    40   167 0.92 -
GH23.hmm             -            135 A5-S04_119_cg249_8   -            209   1.1e-23   79.6   0.0   1   1   3.2e-26   2.1e-23   78.6   0.0    12    95   126   207   116   208 0.93 -
GT2_Glycos_transf_2.hmm PF00535.25   170 A5-S04_119_cg270_12  -            237   2.1e-18   62.0   0.0   1   1   4.9e-21   3.2e-18   61.4   0.0     1   152    15   146    15   165 0.80 Glycosyl transferase family 2
CE7.hmm              -            313 A5-S04_119_cg280_4   -            404   1.5e-17   58.7   0.0   1   1   4.6e-15     3e-12   41.3   0.0   161   312   226   376   224   377 0.86 -
GH23.hmm             -            135 A5-S04_119_cg281_9   -            162   6.8e-18   60.8   0.0   1   1   1.4e-20   8.9e-18   60.4   0.0    16   125    35   156    24   160 0.85 -
GT83.hmm             -            540 A5-S04_119_cg286_2   -            353   4.8e-55  182.3  24.6   1   1     9e-58   5.8e-55  182.1  24.6   185   492     2   301     1   322 0.75 -
GT30.hmm             -            177 A5-S04_119_cg287_2   -            432   7.6e-58  190.2   0.0   1   1   2.8e-59   1.8e-56  185.7   0.0     1   173    33   213    33   215 0.95 -
GT9.hmm              -            225 A5-S04_119_cg287_5   -            376     7e-57  188.2   0.0   1   1   1.4e-59   8.7e-57  187.9   0.0     4   219    85   333    82   339 0.86 -
GT9.hmm              -            225 A5-S04_119_cg287_8   -            360   2.1e-52  173.6   0.0   1   1   4.6e-55     3e-52  173.1   0.0     4   223    87   332    85   334 0.87 -
GT83.hmm             -            540 A5-S04_119_cg287_10  -            561   4.4e-94  311.2  43.0   1   1   8.7e-97   5.6e-94  310.9  43.0     9   483    13   513     7   545 0.82 -
GT2_Glycos_transf_2.hmm PF00535.25   170 A5-S04_119_cg294_26  -            318   3.9e-37  123.0   0.0   1   1   8.3e-40   5.3e-37  122.5   0.0     1   132     4   136     4   174 0.90 Glycosyl transferase family 2
AA12.hmm             -            401 A5-S04_119_cg303_3   -            386   3.7e-19   63.9   0.0   1   1   4.7e-16     3e-13   44.4   0.1   185   350   203   339   192   381 0.79 -
GT41.hmm             -            705 A5-S04_119_cg312_1   -            582   3.6e-42  140.0  16.2   1   1   8.3e-16   5.3e-13   43.6   2.2    58   191   368   492   362   493 0.93 -
GT41.hmm             -            705 A5-S04_119_cg341_20  -            252   5.5e-34  113.0  11.0   1   1   4.5e-22   2.9e-19   64.3   0.8    94   191    12    99     2   101 0.90 -
AA3_2.hmm            -            568 A5-S04_119_cg342_1   -             79   7.4e-27   89.5   0.0   1   1     5e-29     8e-27   89.4   0.0   493   567     1    76     1    77 0.98 -
AA3.hmm              -            618 A5-S04_119_cg342_1   -             79   2.4e-25   84.2   0.1   1   1   1.6e-27   2.5e-25   84.1   0.1   330   399     6    76     2    78 0.94 -
AA3_3.hmm            -            590 A5-S04_119_cg342_1   -             79     3e-16   54.1   0.0   1   1   2.3e-18   3.7e-16   53.9   0.0   516   586     4    75     2    77 0.90 -
AA3_1.hmm            -            548 A5-S04_119_cg342_1   -             79   7.6e-16   53.0   0.1   1   1   4.7e-18   7.6e-16   53.0   0.1   479   543    10    73     2    78 0.89 -
GT2_Glycos_transf_2.hmm PF00535.25   170 A5-S04_119_cg353_3   -            242   3.7e-25   84.0   0.0   1   1   7.9e-28   5.1e-25   83.5   0.0     1   111     4   112     4   161 0.89 Glycosyl transferase family 2
AA4.hmm              -            522 A5-S04_119_cg359_1   -            166   2.5e-15   51.4   0.0   1   1   4.4e-18   2.8e-15   51.2   0.0    52   165    43   153    21   165 0.84 -
GT41.hmm             -            705 A5-S04_119_cg371_9   -            376   2.8e-28   94.1   3.3   1   1   2.5e-20   1.6e-17   58.6   0.4    77   191   180   284   145   285 0.86 -
GT28.hmm             -            157 A5-S04_119_cg383_8   -            356   1.6e-51  169.5   0.0   1   1   3.2e-54     2e-51  169.1   0.0     1   157   179   341   179   341 0.97 -
AA4.hmm              -            522 A5-S04_119_cg393_3   -            464   1.2e-30  101.9   0.0   1   1   3.6e-28   1.2e-25   85.5   0.0    13   201     5   198     1   242 0.82 -
AA7.hmm              -            458 A5-S04_119_cg393_3   -            464   3.2e-24   81.7   0.1   1   1   1.6e-25   5.1e-23   77.7   0.4    13   187    51   232    43   253 0.85 -
GH65.hmm             -            372 A5-S04_119_cg407_25  -            797  2.7e-134  443.0   0.1   1   1  5.2e-137  3.3e-134  442.7   0.1     1   369   317   725   317   728 0.98 -
GT4.hmm              -            160 A5-S04_119_cg415_3   -            385   5.8e-30   99.4   0.0   1   1   3.2e-32     1e-29   98.6   0.0     7   158   194   341   190   343 0.93 -
GT5.hmm              -            472 A5-S04_119_cg415_3   -            385   1.2e-18   62.3   0.0   1   1   1.4e-20   4.5e-18   60.4   0.0   241   471   162   366   143   367 0.81 -
GH15.hmm             -            361 A5-S04_119_cg415_4   -            491   6.4e-34  113.0   1.7   1   1   1.4e-36     9e-34  112.5   1.7     9   197   278   490   272   491 0.84 -
AA4.hmm              -            522 A5-S04_119_cg417_5   -            613   1.2e-16   55.8   0.1   1   1   3.6e-17   2.3e-14   48.2   0.1    53   174    44   164    26   183 0.80 -
AA3.hmm              -            618 A5-S04_119_cg431_4   -            516     1e-60  201.0   0.0   1   1   7.2e-63   1.2e-60  200.9   0.0    87   400     4   513     1   515 0.76 -
AA3_2.hmm            -            568 A5-S04_119_cg431_4   -            516   2.6e-33  110.8   0.1   1   1     8e-23   1.3e-20   68.9   0.0     2   321     6   318     5   342 0.73 -
GT51.hmm             -            177 A5-S04_119_cg438_4   -            172   6.1e-55  180.7   0.0   1   1   1.1e-57   6.8e-55  180.6   0.0    18   177     2   160     1   160 0.98 -
GT41.hmm             -            705 A5-S04_119_cg441_3   -            274   2.7e-25   84.3   0.1   1   1   9.7e-19   6.2e-16   53.3   0.0    57   191    35   160    23   162 0.92 -
GT2_Glycos_transf_2.hmm PF00535.25   170 A5-S04_119_cg447_2   -            305     1e-21   72.8   0.7   1   1   9.6e-24     2e-21   71.8   0.1     1   169     6   180     6   181 0.97 Glycosyl transferase family 2
GT2_Glyco_tranf_2_3.hmm PF13641.5    230 A5-S04_119_cg447_2   -            305   3.9e-20   68.0   0.0   1   1   2.5e-22   5.4e-20   67.5   0.0     4   220     5   232     3   242 0.79 Glycosyltransferase like family 2
GT27.hmm                -            295 A5-S04_119_cg447_2   -            305   1.8e-15   52.3   0.0   1   1   8.6e-17   1.8e-14   49.0   0.0     2   222     7   220     6   232 0.78 -
GT2_Glycos_transf_2.hmm PF00535.25   170 A5-S04_119_cg447_3   -            264   1.3e-18   62.7   0.1   1   1   3.4e-21   2.2e-18   62.0   0.1     1   147     9   141     9   163 0.87 Glycosyl transferase family 2
GT4.hmm              -            160 A5-S04_119_cg447_4   -            368   7.8e-39  128.2   0.0   1   1   4.9e-41   1.6e-38  127.2   0.0     9   152   185   326   179   333 0.97 -
GT5.hmm              -            472 A5-S04_119_cg447_4   -            368   1.5e-21   71.8   0.0   1   1   8.7e-24   2.8e-21   71.0   0.0   288   471   181   358   168   359 0.81 -
AA4.hmm              -            522 A5-S04_119_cg456_4   -            495   5.5e-26   86.5   0.1   1   1   2.1e-25   6.7e-23   76.4   0.0    15   264     5   257     2   307 0.81 -
AA7.hmm              -            458 A5-S04_119_cg456_4   -            495   5.8e-18   61.0   5.2   1   1   1.1e-19   3.5e-17   58.4   2.9    28   149    60   183    36   190 0.87 -
GH15.hmm             -            361 A5-S04_119_cg465_7   -             96   1.2e-18   62.7   0.0   1   1     2e-21   1.3e-18   62.6   0.0   273   360     2    84     1    85 0.91 -
#
# Program:         hmmscan
# Version:         3.3.1 (Jul 2020)
# Pipeline mode:   SCAN
# Query file:      /beegfs/home/lxd/2_sea_metagenomics/6.metabat2/bins_redup_refinem_drep/derep_70_10/derepbins_prodigal/A5-S04_119.proteins.faa
# Target file:     /beegfs/home/lxd/4_salt_metagenomics/tools/CAZy/dbCAN-HMMdb-V8.txt
# Option settings: hmmscan --tblout A5-S04_119.tbl --domtblout A5-S04_119_dom.tbl --acc --noali --notextw -E 1e-14 --domE 1e-14 --cpu 30 /beegfs/home/lxd/4_salt_metagenomics/tools/CAZy/dbCAN-HMMdb-V8.txt /beegfs/home/lxd/2_sea_metagenomics/6.metabat2/bins_redup_refinem_drep/derep_70_10/derepbins_prodigal/A5-S04_119.proteins.faa 
# Current dir:     /beegfs/home/lxd/2_sea_metagenomics/6.metabat2/bins_redup_refinem_drep/derep_70_10/derepbins_cazy
# Date:            Thu Mar  4 09:56:12 2021
# [ok]
