#                                                                            --- full sequence --- -------------- this domain -------------   hmm coord   ali coord   env coord
# target name        accession   tlen query name           accession   qlen   E-value  score  bias   #  of  c-Evalue  i-Evalue  score  bias  from    to  from    to  from    to  acc description of target
#------------------- ---------- ----- -------------------- ---------- ----- --------- ------ ----- --- --- --------- --------- ------ ----- ----- ----- ----- ----- ----- ----- ---- ---------------------
CE4.hmm              -            130 A5-S04_79_cg3_2      -            274   6.1e-23   76.8   0.0   1   1   1.8e-25   1.1e-22   75.9   0.0    10   126    14   156    11   159 0.82 -
GH102.hmm            -            157 A5-S04_79_cg31_8     -            404   2.2e-56  185.5   0.0   1   1   4.5e-59   2.9e-56  185.1   0.0     1   156   137   292   137   293 0.99 -
AA3.hmm              -            618 A5-S04_79_cg49_2     -            211   9.6e-22   72.3   0.0   1   1   4.6e-24   9.9e-22   72.3   0.0   322   399    93   202    21   207 0.72 -
AA3_2.hmm            -            568 A5-S04_79_cg49_2     -            211   1.1e-16   55.9   0.0   1   1   5.4e-19   1.2e-16   55.8   0.0   440   566    69   201    30   203 0.83 -
AA3_1.hmm            -            548 A5-S04_79_cg49_2     -            211   1.2e-15   52.4   0.0   1   1   5.8e-18   1.2e-15   52.3   0.0   477   542   135   198    54   202 0.83 -
GT9.hmm              -            225 A5-S04_79_cg56_8     -            321   2.5e-40  134.0   2.2   1   1   5.2e-43   3.3e-40  133.6   2.2     4   205    79   296    76   310 0.84 -
GT4.hmm              -            160 A5-S04_79_cg56_9     -            394   2.3e-30  100.7   0.0   1   1   1.1e-32   3.6e-30  100.1   0.0     6   157   207   359   203   362 0.94 -
GT5.hmm              -            472 A5-S04_79_cg56_9     -            394   5.7e-24   79.8   0.0   1   1   3.1e-26   9.8e-24   79.1   0.0   237   471   171   387   152   388 0.83 -
CE10.hmm             -            341 A5-S04_79_cg103_7    -            316   4.7e-74  245.3   2.5   1   1   9.1e-77   5.8e-74  245.0   2.5    39   336    23   312     2   314 0.89 -
GT51.hmm             -            177 A5-S04_79_cg112_1    -            215   1.4e-56  186.1   0.0   1   1   2.5e-59   1.6e-56  185.9   0.0     1   158    55   215    55   215 0.97 -
AA3.hmm              -            618 A5-S04_79_cg118_3    -            388   1.8e-36  121.0   0.1   1   1     1e-38   2.2e-36  120.7   0.1    91   264    27   279    13   328 0.81 -
AA3_2.hmm            -            568 A5-S04_79_cg118_3    -            388   3.5e-23   77.4   1.0   1   1     2e-16   4.3e-14   47.4   0.4     7   128    30   143    27   173 0.85 -
AA3_1.hmm            -            548 A5-S04_79_cg118_3    -            388   1.4e-21   71.9   0.1   1   1   1.9e-23     4e-21   70.4   0.1    18   279    27   277    15   281 0.80 -
GT41.hmm             -            705 A5-S04_79_cg126_4    -            552  1.2e-127  422.6   0.0   1   1  2.3e-130  1.5e-127  422.3   0.0   120   522     2   533     1   543 0.97 -
GT2_Glycos_transf_2.hmm PF00535.25   170 A5-S04_79_cg144_4    -            357   7.2e-20   66.8   0.0   1   1   1.6e-22   1.1e-19   66.2   0.0     2   127     5   123     4   176 0.88 Glycosyl transferase family 2
GT41.hmm             -            705 A5-S04_79_cg148_1    -            776  1.8e-107  355.9  52.4   1   8   7.2e-15   4.6e-12   40.5   0.2   121   191    80   151    79   154 0.91 -
GT41.hmm             -            705 A5-S04_79_cg148_1    -            776  1.8e-107  355.9  52.4   2   8   1.1e-16   6.8e-14   46.6   0.1   123   191   117   185   116   187 0.91 -
GT41.hmm             -            705 A5-S04_79_cg148_1    -            776  1.8e-107  355.9  52.4   3   8   9.9e-19   6.3e-16   53.3   0.0   124   191   152   219   150   220 0.94 -
GT41.hmm             -            705 A5-S04_79_cg148_1    -            776  1.8e-107  355.9  52.4   4   8   6.6e-18   4.2e-15   50.6   0.1   123   191   185   253   184   253 0.97 -
GT41.hmm             -            705 A5-S04_79_cg148_1    -            776  1.8e-107  355.9  52.4   5   8   1.9e-18   1.2e-15   52.4   0.5   123   191   219   287   218   290 0.91 -
GT41.hmm             -            705 A5-S04_79_cg148_1    -            776  1.8e-107  355.9  52.4   6   8   1.5e-17   9.7e-15   49.4   2.5   122   190   252   320   250   322 0.95 -
GT41.hmm             -            705 A5-S04_79_cg148_1    -            776  1.8e-107  355.9  52.4   7   8   8.2e-17   5.3e-14   46.9   0.8   121   188   284   352   283   355 0.95 -
GT41.hmm             -            705 A5-S04_79_cg148_1    -            776  1.8e-107  355.9  52.4   8   8   1.1e-20   7.2e-18   59.7   1.1    79   191   321   423   317   427 0.94 -
CE10.hmm             -            341 A5-S04_79_cg164_3    -            249   3.4e-28   94.5   0.3   1   1   6.3e-31     4e-28   94.3   0.3    71   295    47   248     6   249 0.77 -
CE10.hmm             -            341 A5-S04_79_cg166_4    -            327   7.5e-80  264.3   0.8   1   1   1.5e-82   9.4e-80  264.0   0.8    68   336    51   311     3   313 0.90 -
CE11.hmm             -            271 A5-S04_79_cg177_6    -            281   6.5e-98  322.6   0.0   1   1  1.1e-100   7.3e-98  322.4   0.0    23   270     1   250     1   251 0.98 -
GT28.hmm             -            157 A5-S04_79_cg177_13   -            359   1.1e-47  157.0   0.7   1   1   2.6e-50   1.7e-47  156.4   0.2     2   157   163   325   162   325 0.96 -
GT41.hmm             -            705 A5-S04_79_cg202_1    -            443   3.1e-17   57.6   1.0   1   1   8.3e-15   5.3e-12   40.3   0.8    64   191   212   339   149   342 0.79 -
GH3.hmm              -            216 A5-S04_79_cg215_5    -            348   1.2e-45  151.0   0.1   1   1   2.8e-48   1.8e-45  150.5   0.1     6   215    62   286    57   287 0.89 -
GT83.hmm             -            540 A5-S04_79_cg252_2    -            560   4.1e-60  199.1  65.5   1   1   8.5e-63   5.5e-60  198.7  65.5     9   430    22   443    19   484 0.81 -
GT19.hmm             -            354 A5-S04_79_cg256_7    -            392    3e-114  376.6   0.0   1   1  5.3e-117  3.4e-114  376.4   0.0     1   352     5   361     5   363 0.96 -
GT4.hmm              -            160 A5-S04_79_cg258_2    -            415   1.4e-28   94.9   0.0   1   1   3.1e-31     2e-28   94.4   0.0    12   159   228   380   220   381 0.96 -
GT4.hmm              -            160 A5-S04_79_cg258_3    -            389   1.1e-28   95.2   0.0   1   1   2.3e-31   1.5e-28   94.8   0.0    29   159   225   352   194   353 0.85 -
GT41.hmm             -            705 A5-S04_79_cg277_5    -            242   8.7e-16   52.8   0.3   1   1   1.5e-18   9.8e-16   52.7   0.3    73   191    55   163    36   227 0.90 -
GT30.hmm             -            177 A5-S04_79_cg306_1    -             46   3.1e-15   51.4   0.2   1   1     5e-18   3.2e-15   51.3   0.2    77   120     2    45     1    45 0.97 -
AA5.hmm              -           1281 A5-S04_79_cg320_1    -            308   1.4e-24   81.1  18.2   1   1   4.4e-19   1.4e-16   54.5   5.7   658   883    22   224    13   226 0.81 -
GT41.hmm             -            705 A5-S04_79_cg334_4    -            688   3.2e-83  275.7  37.1   1   4   5.1e-22   3.2e-19   64.2   2.0    57   191    18   142     2   143 0.93 -
GT41.hmm             -            705 A5-S04_79_cg334_4    -            688   3.2e-83  275.7  37.1   2   4   2.7e-16   1.7e-13   45.2   3.8   123   191   210   278   209   279 0.92 -
GT41.hmm             -            705 A5-S04_79_cg334_4    -            688   3.2e-83  275.7  37.1   3   4   1.1e-21   7.3e-19   63.0   2.4    82   191   247   346   246   347 0.95 -
GT41.hmm             -            705 A5-S04_79_cg334_4    -            688   3.2e-83  275.7  37.1   4   4   1.3e-22   8.1e-20   66.1   0.7   119   191   341   414   340   416 0.97 -
GT51.hmm             -            177 A5-S04_79_cg342_2    -            633   8.4e-19   63.0   0.0   1   1   2.3e-21   1.5e-18   62.2   0.0   114   177     2    65     1    65 0.97 -
GT2_Glycos_transf_2.hmm PF00535.25   170 A5-S04_79_cg345_3    -            240   4.2e-24   80.6   0.0   1   1   4.5e-26   2.9e-23   77.8   0.0     1   106     4   110     4   135 0.94 Glycosyl transferase family 2
GT2_Glycos_transf_2.hmm PF00535.25   170 A5-S04_79_cg361_3    -            396   3.5e-26   87.3   0.0   1   1   1.5e-28   4.7e-26   86.9   0.0     2   166    48   225    47   229 0.93 Glycosyl transferase family 2
GT2_Glyco_tranf_2_3.hmm PF13641.5    230 A5-S04_79_cg361_3    -            396   1.4e-25   85.8   0.1   1   1   6.1e-28     2e-25   85.3   0.1     1   199    44   253    44   283 0.86 Glycosyltransferase like family 2
GH23.hmm             -            135 A5-S04_79_cg372_2    -            673   1.9e-28   95.0   0.1   1   1   7.2e-31   4.6e-28   93.7   0.1    13   120   512   644   508   652 0.91 -
GH73.hmm             -            128 A5-S04_79_cg400_1    -            337   7.5e-18   60.6   0.0   1   1   1.6e-20     1e-17   60.1   0.0    13   125   190   312   185   315 0.80 -
CE4.hmm              -            130 A5-S04_79_cg400_2    -            351   4.2e-28   93.4   0.2   1   1     1e-30   6.5e-28   92.8   0.2     4   125    90   218    87   222 0.93 -
GT41.hmm             -            705 A5-S04_79_cg419_5    -            478   3.4e-47  156.7   0.0   1   3     9e-22   5.8e-19   63.3   2.4   100   191     2    83     1    84 0.92 -
GT41.hmm             -            705 A5-S04_79_cg419_5    -            478   3.4e-47  156.7   0.0   2   3   1.7e-16   1.1e-13   45.9   2.3   123   191    49   117    48   117 0.96 -
GT41.hmm             -            705 A5-S04_79_cg419_5    -            478   3.4e-47  156.7   0.0   3   3   3.5e-19   2.3e-16   54.8   0.0    82   200    86   322    84   354 0.77 -
GT51.hmm             -            177 A5-S04_79_cg440_10   -            634   2.6e-66  217.7   0.0   1   1   3.6e-68   2.3e-65  214.7   0.0     2   177    64   239    63   239 0.98 -
GH73.hmm             -            128 A5-S04_79_cg448_2    -            313   7.9e-19   63.7   0.0   1   1   1.7e-21   1.1e-18   63.3   0.0    10   126   161   287   153   289 0.79 -
GH109.hmm            -            126 A5-S04_79_cg471_5    -            334   1.3e-16   56.5   0.1   1   1   4.4e-19   2.8e-16   55.4   0.1     1   118     4   111     4   118 0.88 -
GT41.hmm             -            705 A5-S04_79_cg472_2    -            453   4.7e-35  116.5   7.2   1   2     3e-19   1.9e-16   55.0   2.4    84   191    19   116     5   117 0.88 -
GT41.hmm             -            705 A5-S04_79_cg472_2    -            453   4.7e-35  116.5   7.2   2   2   9.5e-19   6.1e-16   53.3   0.1   123   191   116   184   115   185 0.97 -
GT9.hmm              -            225 A5-S04_79_cg506_1    -            171   1.5e-33  111.9   0.9   1   1     3e-36   1.9e-33  111.5   0.9    93   219     3   132     1   137 0.89 -
GT4.hmm              -            160 A5-S04_79_cg506_2    -            380   1.3e-19   65.7   0.0   1   1   2.8e-22   1.8e-19   65.3   0.0     5   154   192   340   188   346 0.91 -
GT4.hmm              -            160 A5-S04_79_cg513_2    -            341   4.6e-36  119.2   0.0   1   1   2.2e-38   7.1e-36  118.6   0.0     6   156   164   308   160   312 0.97 -
GT5.hmm              -            472 A5-S04_79_cg513_2    -            341   7.5e-18   59.7   0.0   1   1   3.8e-20   1.2e-17   59.0   0.0   282   470   157   335   134   337 0.79 -
GT30.hmm             -            177 A5-S04_79_cg515_3    -            301   1.7e-64  211.8   0.2   1   1   2.3e-65   1.5e-62  205.5   0.0     2   174    34   208    33   211 0.97 -
GH15.hmm             -            361 A5-S04_79_cg516_2    -            595   2.1e-69  229.7   0.6   1   1     4e-72   2.5e-69  229.4   0.6     2   360   222   586   221   587 0.86 -
GT20.hmm             -            475 A5-S04_79_cg516_3    -            460  2.2e-164  542.7   0.0   1   1  4.3e-167  2.7e-164  542.4   0.0    38   473    19   452     3   454 0.97 -
GH25.hmm             -            177 A5-S04_79_cg581_3    -            222   7.1e-40  132.4   0.0   1   1   1.3e-42   8.3e-40  132.2   0.0     1   177     6   192     6   192 0.88 -
GT2_Glycos_transf_2.hmm PF00535.25   170 A5-S04_79_cg590_1    -            284   5.4e-18   60.7   0.0   1   1   1.3e-20   8.1e-18   60.1   0.0    30   123     8    98     5   130 0.84 Glycosyl transferase family 2
GT4.hmm              -            160 A5-S04_79_cg590_11   -            388   3.7e-23   77.3   0.0   1   1   2.5e-25   8.1e-23   76.2   0.0    10   149   201   339   193   348 0.94 -
GT5.hmm              -            472 A5-S04_79_cg590_11   -            388   3.2e-15   51.0   0.0   1   1   1.5e-17   4.8e-15   50.4   0.0   229   470   156   374   148   376 0.89 -
CE11.hmm             -            271 A5-S04_79_cg591_3    -            302  7.4e-107  351.9   0.0   1   1  1.3e-109  8.4e-107  351.8   0.0     1   270     5   274     5   275 0.98 -
GT2_Glycos_transf_2.hmm PF00535.25   170 A5-S04_79_cg600_1    -             98   3.1e-18   61.4   0.0   1   1   5.5e-21   3.5e-18   61.3   0.0     2    89     9    98     8    98 0.90 Glycosyl transferase family 2
GT4.hmm              -            160 A5-S04_79_cg600_2    -            366   2.8e-19   64.6   0.0   1   1   6.9e-22   4.4e-19   64.0   0.0    12   135   177   297   174   303 0.94 -
#
# Program:         hmmscan
# Version:         3.3.1 (Jul 2020)
# Pipeline mode:   SCAN
# Query file:      /beegfs/home/lxd/2_sea_metagenomics/6.metabat2/bins_redup_refinem_drep/derep_70_10/derepbins_prodigal/A5-S04_79.proteins.faa
# Target file:     /beegfs/home/lxd/4_salt_metagenomics/tools/CAZy/dbCAN-HMMdb-V8.txt
# Option settings: hmmscan --tblout A5-S04_79.tbl --domtblout A5-S04_79_dom.tbl --acc --noali --notextw -E 1e-14 --domE 1e-14 --cpu 30 /beegfs/home/lxd/4_salt_metagenomics/tools/CAZy/dbCAN-HMMdb-V8.txt /beegfs/home/lxd/2_sea_metagenomics/6.metabat2/bins_redup_refinem_drep/derep_70_10/derepbins_prodigal/A5-S04_79.proteins.faa 
# Current dir:     /beegfs/home/lxd/2_sea_metagenomics/6.metabat2/bins_redup_refinem_drep/derep_70_10/derepbins_cazy
# Date:            Thu Mar  4 10:42:49 2021
# [ok]
