#                                                                            --- full sequence --- -------------- this domain -------------   hmm coord   ali coord   env coord
# target name        accession   tlen query name           accession   qlen   E-value  score  bias   #  of  c-Evalue  i-Evalue  score  bias  from    to  from    to  from    to  acc description of target
#------------------- ---------- ----- -------------------- ---------- ----- --------- ------ ----- --- --- --------- --------- ------ ----- ----- ----- ----- ----- ----- ----- ---- ---------------------
CE15.hmm             -            269 KW1-S08_28_cg6_3     -            785     7e-84  276.7   0.0   1   2   5.6e-61   1.8e-58  193.4   0.0     2   267    82   414    81   416 0.94 -
CE15.hmm             -            269 KW1-S08_28_cg6_3     -            785     7e-84  276.7   0.0   2   2   7.8e-27   2.5e-24   81.5   0.0     3   265   457   782   455   784 0.89 -
CE7.hmm              -            313 KW1-S08_28_cg12_4    -            291   1.6e-38  127.6   0.0   1   1   4.2e-41   2.7e-38  126.9   0.0    14   262     2   235     1   238 0.90 -
CE7.hmm              -            313 KW1-S08_28_cg12_5    -            309   3.3e-90  297.4   0.0   1   1   6.4e-93   4.1e-90  297.1   0.0    11   312     8   302     2   303 0.96 -
CE1.hmm              -            227 KW1-S08_28_cg16_1    -            269   4.6e-17   57.8   0.3   1   1   1.1e-19   7.2e-17   57.2   0.3     7   209    51   232    46   246 0.78 -
PL31.hmm             -            187 KW1-S08_28_cg19_1    -            775   5.4e-20   66.9   1.7   1   1   1.6e-21   1.7e-19   65.2   0.2     2    98   175   270   174   274 0.89 -
PL9.hmm              -            374 KW1-S08_28_cg19_1    -            775   5.5e-17   57.2  12.2   1   1   3.6e-18   3.8e-16   54.5   2.7    27   135   163   269   142   323 0.86 -
PL6_1.hmm            -            347 KW1-S08_28_cg19_1    -            775   9.3e-17   56.5   0.2   1   1   8.7e-19   9.3e-17   56.5   0.2     1   105   167   268   167   271 0.87 -
PL9_1.hmm            -            375 KW1-S08_28_cg19_1    -            775   1.1e-15   52.9   2.8   1   1   9.1e-15   9.7e-13   43.2   0.1    25   121   170   257   152   291 0.88 -
PL6.hmm              -            372 KW1-S08_28_cg19_1    -            775   2.7e-15   51.3   0.7   1   1   2.5e-17   2.7e-15   51.3   0.7     3   104   166   268   164   273 0.89 -
PL6_2.hmm            -            356 KW1-S08_28_cg19_1    -            775     7e-15   50.1   0.6   1   1   6.5e-17     7e-15   50.1   0.6     1    98   167   265   167   272 0.84 -
GT4.hmm              -            160 KW1-S08_28_cg19_3    -            367   6.6e-32  105.7   0.0   1   1   3.2e-34     1e-31  105.1   0.0     7   159   179   336   174   337 0.94 -
GT5.hmm              -            472 KW1-S08_28_cg19_3    -            367   1.1e-16   55.8   0.0   1   1     6e-19   1.9e-16   55.0   0.0   278   471   170   361   125   362 0.86 -
GH33.hmm             -            342 KW1-S08_28_cg23_13   -            349   1.8e-31  105.0   0.3   1   1   1.8e-30   5.9e-28   93.4   0.1    53   248    52   241    23   251 0.79 -
CE1.hmm              -            227 KW1-S08_28_cg38_1    -            285   5.1e-26   87.1   0.0   1   1   1.1e-28     7e-26   86.6   0.0    38   209    46   227    25   239 0.80 -
CE11.hmm             -            271 KW1-S08_28_cg38_4    -            428   3.8e-92  303.7   0.0   1   1   7.6e-95   4.9e-92  303.3   0.0     1   270     4   271     4   272 0.98 -
GH127.hmm            -            524 KW1-S08_28_cg39_4    -            615   4.6e-59  195.9   0.0   1   1   6.2e-61     2e-58  193.8   0.0    57   522    64   523    26   525 0.87 -
GH146.hmm            -            503 KW1-S08_28_cg39_4    -            615   1.7e-50  167.1   0.0   1   1   1.3e-52   4.1e-50  165.8   0.0    56   502    60   524    53   525 0.87 -
GH32.hmm             -            293 KW1-S08_28_cg43_2    -            528   7.2e-59  195.1   0.0   1   1   1.4e-61   9.1e-59  194.8   0.0     1   288    60   344    60   349 0.85 -
PL26.hmm             -            862 KW1-S08_28_cg43_4    -            855   1.8e-67  223.5   2.2   1   2   1.3e-25   8.4e-23   75.7   0.0    10   233    18   276    11   280 0.84 -
PL26.hmm             -            862 KW1-S08_28_cg43_4    -            855   1.8e-67  223.5   2.2   2   2   1.1e-43   7.1e-41  135.5  11.9   304   626   301   603   293   617 0.89 -
GH109.hmm            -            126 KW1-S08_28_cg56_3    -            394   1.7e-17   59.3   0.1   1   1   6.8e-20   4.3e-17   58.0   0.1     1   113     6   109     6   121 0.89 -
GT2_Glycos_transf_2.hmm PF00535.25   170 KW1-S08_28_cg59_3    -           1017   3.2e-65  214.4   1.1   1   3   1.4e-26     3e-24   81.0   0.0     1   132     5   130     5   161 0.89 Glycosyl transferase family 2
GT2_Glycos_transf_2.hmm PF00535.25   170 KW1-S08_28_cg59_3    -           1017   3.2e-65  214.4   1.1   2   3   2.5e-26   5.2e-24   80.2   0.1     1   112   244   349   244   354 0.96 Glycosyl transferase family 2
GT2_Glycos_transf_2.hmm PF00535.25   170 KW1-S08_28_cg59_3    -           1017   3.2e-65  214.4   1.1   3   3     5e-17   1.1e-14   49.9   0.0     2   163   521   673   520   680 0.83 Glycosyl transferase family 2
GH109.hmm            -            126 KW1-S08_28_cg64_4    -            350   3.7e-15   51.8   0.0   1   1   1.5e-17   9.7e-15   50.4   0.0     4   125    24   136    22   137 0.89 -
GT41.hmm             -            705 KW1-S08_28_cg64_5    -            294   2.8e-26   87.5   9.7   1   1     2e-16   1.3e-13   45.7   0.9    87   191   139   232   134   246 0.94 -
GH109.hmm            -            126 KW1-S08_28_cg68_6    -            351   9.8e-19   63.3   0.3   1   1   3.2e-21   2.1e-18   62.3   0.3     1   122     4   116     4   120 0.90 -
CE7.hmm              -            313 KW1-S08_28_cg72_3    -            327  1.1e-113  374.5   0.0   1   1    2e-116  1.3e-113  374.3   0.0     2   311     5   316     4   318 0.98 -
GH33.hmm             -            342 KW1-S08_28_cg74_3    -            412     1e-23   79.4   1.0   1   1   1.6e-23     1e-20   69.6   0.4   125   305   123   335   117   340 0.80 -
GH109.hmm            -            126 KW1-S08_28_cg82_6    -            329   1.4e-16   56.4   0.0   1   1   5.8e-19   3.7e-16   55.0   0.0     1   116     5   110     5   118 0.91 -
CBM9.hmm             -            182 KW1-S08_28_cg84_8    -           1143   7.1e-24   80.2   0.1   1   1   5.7e-26   3.7e-23   77.9   0.0     1   150   337   503   337   521 0.84 -
GT41.hmm             -            705 KW1-S08_28_cg88_1    -            956   5.2e-68  225.4  48.6   1   1   5.2e-16   3.3e-13   44.3   1.3    67   191    34   190    19   194 0.82 -
GH109.hmm            -            126 KW1-S08_28_cg88_3    -            322   5.4e-15   51.2   0.0   1   1   3.6e-17   2.3e-14   49.2   0.0     1   113     4   106     4   119 0.90 -
CE4.hmm              -            130 KW1-S08_28_cg91_7    -            256   9.6e-30   98.7   0.0   1   1   3.4e-32   2.2e-29   97.6   0.0     5   124    16   143    12   148 0.91 -
GT66.hmm             -            693 KW1-S08_28_cg92_3    -            266   1.9e-32  107.7  15.5   1   1   3.7e-35   2.4e-32  107.4  15.5     8   221    24   240    20   253 0.91 -
CBM9.hmm             -            182 KW1-S08_28_cg92_7    -            235   3.3e-17   58.5   0.3   1   1   7.9e-20   5.1e-17   57.9   0.3     1   169    44   201    44   209 0.84 -
GT41.hmm             -            705 KW1-S08_28_cg98_6    -            460   2.8e-30  100.7   0.6   1   2   4.2e-17   2.7e-14   47.9   0.2    91   191    17   107     2   108 0.81 -
GT41.hmm             -            705 KW1-S08_28_cg98_6    -            460   2.8e-30  100.7   0.6   2   2   3.4e-18   2.2e-15   51.5   0.0   123   191   107   175   106   285 0.88 -
GH109.hmm            -            126 KW1-S08_28_cg105_7   -            386   4.1e-23   77.5   0.0   1   1   1.4e-25   9.1e-23   76.3   0.0     2   126     6   119     5   119 0.89 -
GH33.hmm             -            342 KW1-S08_28_cg117_2   -            378   5.2e-27   90.3   0.0   1   1   7.2e-24   4.6e-21   70.7   0.0    23   228    21   237    13   249 0.76 -
GT41.hmm             -            705 KW1-S08_28_cg118_5   -            871   3.8e-27   90.4   2.7   1   1   4.5e-20   2.9e-17   57.7   0.0    77   191   661   765   636   765 0.89 -
GH109.hmm            -            126 KW1-S08_28_cg124_6   -            405   1.3e-17   59.7   5.1   1   1     2e-19   1.3e-16   56.5   2.5     3   125    80   192    78   193 0.91 -
GH33.hmm             -            342 KW1-S08_28_cg127_1   -            228   4.7e-31  103.6   0.0   1   1   8.5e-34   5.4e-31  103.4   0.0   128   337     1   216     1   221 0.79 -
GT4.hmm              -            160 KW1-S08_28_cg129_5   -            387   7.4e-36  118.5   0.0   1   1   3.5e-38   1.1e-35  118.0   0.0    12   159   206   354   199   355 0.96 -
GT5.hmm              -            472 KW1-S08_28_cg129_5   -            387   8.1e-22   72.7   0.0   1   1   1.5e-22   4.7e-20   66.9   0.0   289   471   200   378   167   379 0.83 -
GT9.hmm              -            225 KW1-S08_28_cg131_3   -            372   2.1e-57  189.9   0.1   1   1   4.3e-60   2.7e-57  189.5   0.1     3   219   108   347   106   353 0.89 -
GH109.hmm            -            126 KW1-S08_28_cg134_5   -            361   1.8e-19   65.7   0.0   1   1   3.8e-22   2.5e-19   65.3   0.0     2   124     9   130     8   132 0.91 -
GH33.hmm             -            342 KW1-S08_28_cg144_4   -            386   6.4e-34  113.0   0.1   1   1   7.6e-36   1.6e-33  111.7   0.1    54   339    95   368    41   371 0.76 -
GH114.hmm            -            190 KW1-S08_28_cg149_11  -            341   5.1e-22   73.7   0.8   1   1   1.6e-21     1e-18   63.0   0.7    11   112   212   330   197   338 0.82 -
GT4.hmm              -            160 KW1-S08_28_cg156_11  -            504   1.6e-19   65.4   0.0   1   1   5.7e-22   3.7e-19   64.3   0.0     7   153   146   318   140   324 0.76 -
GH33.hmm             -            342 KW1-S08_28_cg157_10  -            363   3.4e-27   90.9   2.1   1   1   5.6e-23   1.2e-20   69.4   2.3    24   246    17   254    16   259 0.68 -
GH93.hmm             -            307 KW1-S08_28_cg157_10  -            363   1.6e-18   62.1   5.0   1   1   2.1e-17   4.6e-15   50.8   0.9     4   207   160   349   157   360 0.81 -
GT2_Glycos_transf_2.hmm PF00535.25   170 KW1-S08_28_cg159_4   -            328   1.4e-25   85.3   0.0   1   1   1.4e-27   2.3e-25   84.7   0.0     1   168    10   176    10   178 0.83 Glycosyl transferase family 2
GT2_Glyco_tranf_2_3.hmm PF13641.5    230 KW1-S08_28_cg159_4   -            328   6.4e-24   80.4   0.0   1   1   5.5e-26   8.9e-24   79.9   0.0     1   228     7   230     7   231 0.85 Glycosyltransferase like family 2
GT2_Glyco_trans_2_3.hmm PF13632.5    197 KW1-S08_28_cg159_4   -            328   3.4e-15   51.7   0.2   1   1   3.1e-17     5e-15   51.2   0.2     2   182    87   280    86   316 0.69 Glycosyl transferase family group 2
GT27.hmm                -            295 KW1-S08_28_cg159_4   -            328   7.5e-15   50.3   0.0   1   1   7.3e-17   1.2e-14   49.6   0.0     1   229    10   219    10   236 0.77 -
GT2_Glycos_transf_2.hmm PF00535.25   170 KW1-S08_28_cg159_5   -            413   1.4e-26   88.6   0.0   1   1   6.7e-29   2.1e-26   88.0   0.0     1   168    32   193    32   194 0.97 Glycosyl transferase family 2
GT81.hmm                -            293 KW1-S08_28_cg159_5   -            413     9e-17   56.1   0.0   1   1     4e-19   1.3e-16   55.6   0.0    19   146    27   140    12   161 0.90 -
GH109.hmm            -            126 KW1-S08_28_cg162_4   -            349   1.3e-15   53.2   0.3   1   1   7.5e-18   4.8e-15   51.4   0.3     1   123     7   120     7   123 0.90 -
GT41.hmm             -            705 KW1-S08_28_cg171_2   -            334   6.1e-36  119.4  27.3   1   1   8.2e-16   5.2e-13   43.6   4.7   121   191   162   233   161   236 0.95 -
CBM9.hmm             -            182 KW1-S08_28_cg172_4   -            759   1.8e-20   69.1   1.8   1   1   5.5e-23   3.5e-20   68.2   1.8     1   170    55   229    55   241 0.81 -
GH4.hmm              -            179 KW1-S08_28_cg174_4   -            467   5.8e-48  158.0   0.1   1   1   1.4e-50   8.9e-48  157.4   0.1     1   178     5   191     5   192 0.90 -
GH33.hmm             -            342 KW1-S08_28_cg175_5   -            314   5.8e-45  149.3   1.3   1   1   1.1e-47   7.3e-45  149.0   1.3    18   330    14   299     4   309 0.87 -
GH156.hmm            -            552 KW1-S08_28_cg177_10  -            545   4.7e-49  162.9   0.0   1   1   1.3e-51   8.2e-49  162.0   0.0    38   404    14   373     2   457 0.81 -
GH156.hmm            -            552 KW1-S08_28_cg179_8   -            298   3.5e-22   74.1   1.3   1   1   1.2e-24     8e-22   73.0   1.3   125   239    95   219    40   224 0.90 -
GH156.hmm            -            552 KW1-S08_28_cg180_2   -            528   3.4e-52  173.2   0.0   1   1   7.1e-55   4.6e-52  172.8   0.0    36   542     3   503     1   509 0.81 -
GH23.hmm             -            135 KW1-S08_28_cg184_7   -            223   6.8e-32  106.1   0.3   1   1   1.7e-34   1.1e-31  105.5   0.3    15   125    61   218    52   221 0.96 -
CE10.hmm             -            341 KW1-S08_28_cg186_3   -            599   1.1e-28   96.1   0.1   1   1     5e-31   1.6e-28   95.6   0.1    73   327   347   583   293   595 0.80 -
CE1.hmm              -            227 KW1-S08_28_cg186_3   -            599     2e-16   55.7   0.0   1   1     1e-18   3.2e-16   55.0   0.0     6   220   352   593   349   598 0.64 -
GH165.hmm            -            635 KW1-S08_28_cg189_3   -            501   3.6e-61  202.5   0.0   1   2   1.1e-28     7e-26   85.9   0.0   173   297    42   155    33   167 0.84 -
GH165.hmm            -            635 KW1-S08_28_cg189_3   -            501   3.6e-61  202.5   0.0   2   2   3.2e-37     2e-34  114.1   0.0   299   602   197   497   185   500 0.85 -
GH3.hmm              -            216 KW1-S08_28_cg193_6   -            591   7.2e-77  253.1   0.1   1   1   1.9e-79   1.2e-76  252.3   0.1     3   215   139   365   137   366 0.96 -
GH109.hmm            -            126 KW1-S08_28_cg194_15  -            351   4.4e-15   51.5   0.0   1   1   1.2e-17   7.5e-15   50.8   0.0    13   121    33   137    28   141 0.89 -
GH33.hmm             -            342 KW1-S08_28_cg202_25  -            367   1.8e-16   55.6   0.0   1   1   6.4e-17   4.1e-14   47.9   0.0    24   223    26   230     8   252 0.72 -
GH165.hmm            -            635 KW1-S08_28_cg206_2   -            478     3e-65  216.0   0.0   1   1   3.8e-67   2.4e-64  213.0   0.0   146   603    17   474     6   477 0.79 -
GH109.hmm            -            126 KW1-S08_28_cg212_3   -            345   2.1e-15   52.5   0.4   1   1   9.8e-18   6.3e-15   51.0   0.4     2   121     6   116     5   120 0.88 -
CE14.hmm             -            124 KW1-S08_28_cg215_10  -            206   7.7e-19   64.0   0.0   1   1     2e-21   1.3e-18   63.3   0.0     1   124     4   107     4   107 0.96 -
GT4.hmm              -            160 KW1-S08_28_cg215_13  -            393   6.5e-44  144.7   0.0   1   1   4.8e-46   1.5e-43  143.5   0.0     4   159   205   358   202   359 0.97 -
GT5.hmm              -            472 KW1-S08_28_cg215_13  -            393   1.3e-21   72.0   0.0   1   1   7.7e-24   2.5e-21   71.1   0.0   268   472   188   383   167   383 0.80 -
GT4.hmm              -            160 KW1-S08_28_cg215_18  -            394   1.6e-40  133.7   0.0   1   1   7.4e-43   2.4e-40  133.1   0.0     7   159   206   369   201   370 0.96 -
GT5.hmm              -            472 KW1-S08_28_cg215_18  -            394   4.1e-19   63.8   0.0   1   1   3.1e-21   9.9e-19   62.6   0.0   235   469   172   392   153   393 0.81 -
GT9.hmm              -            225 KW1-S08_28_cg215_19  -            388   5.7e-53  175.4   0.0   1   1   1.2e-55   7.8e-53  175.0   0.0     3   219   119   362   117   367 0.88 -
GT4.hmm              -            160 KW1-S08_28_cg216_1   -            204   2.3e-28   94.2   0.0   1   1   4.9e-31   3.1e-28   93.8   0.0     9   159     9   166     3   167 0.95 -
CBM9.hmm             -            182 KW1-S08_28_cg235_7   -            755   3.1e-23   78.1   0.6   1   1   9.1e-26   5.8e-23   77.2   0.6     1   148    56   214    56   247 0.83 -
CE4.hmm              -            130 KW1-S08_28_cg242_9   -            265   5.2e-22   73.7   0.0   1   1   1.3e-24   8.6e-22   73.0   0.0    10   111    16   130    11   147 0.88 -
GH109.hmm            -            126 KW1-S08_28_cg259_3   -            367   1.1e-16   56.6   0.0   1   1   4.4e-19   2.8e-16   55.4   0.0     2   123     6   118     5   121 0.93 -
CE4.hmm              -            130 KW1-S08_28_cg263_8   -            270   2.8e-36  119.9   0.0   1   1   7.4e-39   4.8e-36  119.1   0.0     5   125    69   206    65   209 0.94 -
CE9.hmm              -            373 KW1-S08_28_cg264_3   -            392  1.2e-115  381.3   2.6   1   1    2e-118  1.3e-115  381.2   2.6     1   373     7   387     7   387 0.97 -
PL12.hmm             -            138 KW1-S08_28_cg264_12  -            898   7.8e-19   63.6   0.0   1   1   2.2e-21   1.4e-18   62.8   0.0     1   131   510   657   510   659 0.80 -
CE10.hmm             -            341 KW1-S08_28_cg264_17  -            665   7.5e-26   86.8   0.0   1   1   3.9e-28   1.3e-25   86.1   0.0    93   311   419   640   388   657 0.83 -
CE10.hmm             -            341 KW1-S08_28_cg264_18  -            643   1.5e-26   89.1   0.0   1   1   4.3e-29   2.8e-26   88.2   0.0    78   324   381   619   360   628 0.86 -
AA5.hmm              -           1281 KW1-S08_28_cg269_1   -            194   3.2e-20   66.6   5.2   1   1   4.6e-18   1.5e-15   51.2   1.0   575   664    91   180    90   185 0.89 -
GT9.hmm              -            225 KW1-S08_28_cg270_10  -            358   3.1e-59  195.9   0.2   1   1   6.4e-62   4.1e-59  195.5   0.2     2   219    79   323    78   329 0.85 -
CBM9.hmm             -            182 KW1-S08_28_cg270_30  -            689     3e-25   84.7   4.4   1   1   7.5e-28   4.8e-25   84.0   2.6     1   180    49   231    49   232 0.86 -
GH42.hmm             -            371 KW1-S08_28_cg275_3   -            702   6.3e-64  211.7   4.6   1   1   2.4e-66   7.6e-64  211.5   4.6     2   370    20   400    19   401 0.88 -
GH5.hmm              -            275 KW1-S08_28_cg275_3   -            702   7.5e-15   50.5   4.9   1   1   5.3e-17   1.7e-14   49.3   4.9    35   234    32   367    12   372 0.72 -
CE7.hmm              -            313 KW1-S08_28_cg275_7   -            755     3e-20   67.6   0.0   1   1     1e-16   6.4e-14   46.8   0.0    49   203    94   251    60   253 0.81 -
GH109.hmm            -            126 KW1-S08_28_cg291_2   -            343   1.9e-20   68.9   0.0   1   1   4.8e-23     3e-20   68.2   0.0     2   124     3   120     2   122 0.85 -
GH33.hmm             -            342 KW1-S08_28_cg291_5   -            656   4.5e-25   83.9   0.3   1   1   5.5e-26   1.2e-23   79.3   0.2    49   301   344   590   327   616 0.79 -
GH165.hmm            -            635 KW1-S08_28_cg291_10  -            356   4.1e-72  238.6   0.1   1   1   8.2e-75   5.3e-72  238.3   0.1   301   607    28   348     4   352 0.93 -
GH165.hmm            -            635 KW1-S08_28_cg291_11  -            171   1.1e-25   85.3   0.0   1   1   2.1e-28   1.4e-25   85.0   0.0   154   313    12   147     2   162 0.90 -
AA3_2.hmm            -            568 KW1-S08_28_cg297_12  -            528  1.1e-127  422.4   0.0   1   2   9.7e-86   1.2e-83  276.9   0.0     2   322     2   324     1   334 0.90 -
AA3_2.hmm            -            568 KW1-S08_28_cg297_12  -            528  1.1e-127  422.4   0.0   2   2   2.6e-45   3.3e-43  143.5   0.0   413   565   372   526   340   527 0.90 -
AA3.hmm              -            618 KW1-S08_28_cg297_12  -            528     5e-92  304.5   0.0   1   1   4.4e-94   5.6e-92  304.3   0.0    89   397     2   526     1   527 0.84 -
AA3_3.hmm            -            590 KW1-S08_28_cg297_12  -            528   3.2e-65  215.9   0.0   1   2   4.9e-46   6.3e-44  145.5   0.0     2   317     2   321     1   331 0.82 -
AA3_3.hmm            -            590 KW1-S08_28_cg297_12  -            528   3.2e-65  215.9   0.0   2   2   1.4e-22   1.8e-20   68.1   0.1   509   583   449   524   429   527 0.91 -
AA3_1.hmm            -            548 KW1-S08_28_cg297_12  -            528   3.5e-52  172.9   0.0   1   2   1.1e-35   1.5e-33  111.5   0.0    16   326     2   322     1   331 0.79 -
AA3_1.hmm            -            548 KW1-S08_28_cg297_12  -            528   3.5e-52  172.9   0.0   2   2   8.7e-20   1.1e-17   59.1   0.0   406   541   386   523   370   526 0.82 -
AA8.hmm              -            815 KW1-S08_28_cg297_12  -            528   2.1e-36  120.5   0.5   1   1   3.4e-26   4.3e-24   79.7   0.2   245   555     2   322     1   330 0.77 -
CBM66.hmm            -            155 KW1-S08_28_cg298_1   -            471   3.1e-15   52.1   0.1   1   1   8.5e-18   5.4e-15   51.3   0.1    17   155   126   271   121   271 0.85 -
GH165.hmm            -            635 KW1-S08_28_cg301_4   -            209   1.6e-38  127.7   0.0   1   1     3e-41   1.9e-38  127.4   0.0   434   607     1   204     1   207 0.94 -
GT9.hmm              -            225 KW1-S08_28_cg305_1   -            340   1.8e-61  203.3   0.0   1   1   4.5e-64   2.9e-61  202.5   0.1     2   220    74   319    73   324 0.86 -
GT41.hmm             -            705 KW1-S08_28_cg309_9   -            277   1.4e-32  108.3   8.1   1   2     1e-15   6.5e-13   43.3   0.9   101   191    22   111     5   113 0.78 -
GT41.hmm             -            705 KW1-S08_28_cg309_9   -            277   1.4e-32  108.3   8.1   2   2   2.5e-16   1.6e-13   45.4   0.3   124   191   112   179   110   183 0.94 -
GT41.hmm             -            705 KW1-S08_28_cg309_11  -            321     4e-47  156.4  25.1   1   3   8.3e-16   5.3e-13   43.6   1.6   125   191    21    87    14    91 0.94 -
GT41.hmm             -            705 KW1-S08_28_cg309_11  -            321     4e-47  156.4  25.1   2   3   1.2e-16   7.8e-14   46.4   0.8   121   191   152   223   151   223 0.96 -
GT41.hmm             -            705 KW1-S08_28_cg309_11  -            321     4e-47  156.4  25.1   3   3   1.4e-18   8.9e-16   52.8   2.2   119   191   218   291   215   313 0.90 -
CBM9.hmm             -            182 KW1-S08_28_cg313_3   -            156   2.8e-21   71.7   0.0   1   1   4.9e-24   3.1e-21   71.6   0.0    48   181     2   152     1   153 0.84 -
GT4.hmm              -            160 KW1-S08_28_cg315_4   -            500   4.2e-18   60.8   0.0   1   1     1e-20   6.5e-18   60.2   0.0     5   157   315   468   312   472 0.91 -
GH109.hmm            -            126 KW1-S08_28_cg318_6   -            380   8.8e-18   60.2   0.3   1   1     5e-20   3.2e-17   58.4   0.3     1   122     4   115     4   119 0.92 -
GH156.hmm            -            552 KW1-S08_28_cg320_1   -            303   6.5e-22   73.3   0.0   1   1   1.2e-24   7.9e-22   73.0   0.0   272   542     2   277     1   283 0.77 -
GT9.hmm              -            225 KW1-S08_28_cg322_17  -            351   1.3e-63  210.2   0.2   1   1   3.4e-66   2.2e-63  209.5   0.2     7   217    78   314    72   321 0.90 -
CE4.hmm              -            130 KW1-S08_28_cg328_3   -            270   3.9e-20   67.7   0.0   1   1     1e-22   6.5e-20   66.9   0.0     4   108    52   175    49   192 0.86 -
GT35.hmm             -            674 KW1-S08_28_cg328_4   -            858  2.6e-143  474.2   0.0   1   2   2.2e-18   1.4e-15   52.0   0.0    21    68   125   173   120   213 0.88 -
GT35.hmm             -            674 KW1-S08_28_cg328_4   -            858  2.6e-143  474.2   0.0   2   2  1.4e-128    9e-126  416.2   0.0   160   561   238   643   224   674 0.89 -
CE7.hmm              -            313 KW1-S08_28_cg329_5   -            293   3.2e-73  241.6   0.0   1   1   6.2e-76     4e-73  241.3   0.0    22   312     7   288     4   289 0.94 -
GH109.hmm            -            126 KW1-S08_28_cg331_13  -            348   4.3e-15   51.5   0.0   1   1     1e-17   6.7e-15   50.9   0.0     1   121     6   118     6   123 0.89 -
GH165.hmm            -            635 KW1-S08_28_cg335_2   -            485   1.5e-36  121.2   0.0   1   1   7.8e-39     5e-36  119.4   0.0   211   602    76   480    71   484 0.83 -
GT2_Glycos_transf_2.hmm PF00535.25   170 KW1-S08_28_cg340_2   -           1063   3.5e-24   80.8   0.0   1   1   2.1e-26   6.9e-24   79.9   0.0     1   113    17   125    17   182 0.91 Glycosyl transferase family 2
GT4.hmm                 -            160 KW1-S08_28_cg340_2   -           1063   5.3e-15   50.8   0.0   1   1   3.9e-17   1.2e-14   49.6   0.0    12   136   811   947   803   956 0.88 -
GH33.hmm             -            342 KW1-S08_28_cg349_4   -            387   7.6e-19   63.5   3.5   1   1   2.9e-15   1.9e-12   42.4   0.4    28   194   171   328   163   378 0.77 -
GH109.hmm            -            126 KW1-S08_28_cg349_6   -            345   1.9e-22   75.3   0.1   1   1     9e-25   5.8e-22   73.8   0.1     1   126     3   119     3   119 0.95 -
GH109.hmm            -            126 KW1-S08_28_cg349_7   -            345     3e-17   58.5   0.1   1   1   1.8e-19   1.2e-16   56.6   0.0     1   122     4   116     4   119 0.91 -
GH140.hmm            -            412 KW1-S08_28_cg351_4   -            159   5.9e-30   99.7   0.0   1   1     1e-32   6.7e-30   99.5   0.0   270   412     3   152     1   152 0.88 -
CE14.hmm             -            124 KW1-S08_28_cg354_1   -            125   1.9e-27   91.8   0.1   1   1   3.4e-30   2.2e-27   91.6   0.1     1   124     9   118     9   118 0.96 -
GH109.hmm            -            126 KW1-S08_28_cg358_2   -            326   4.7e-16   54.7   0.4   1   1   5.6e-18   3.6e-15   51.8   0.4     1   123     6   117     6   120 0.91 -
GH33.hmm             -            342 KW1-S08_28_cg360_2   -            410   3.8e-16   54.6   0.2   1   1   4.5e-17   2.9e-14   48.4   0.2    24   298    84   347    82   370 0.77 -
GH33.hmm             -            342 KW1-S08_28_cg360_4   -            354   2.2e-25   85.0   0.3   1   1   2.3e-22   7.4e-20   66.8   0.1   117   325   102   330    72   342 0.75 -
GH106.hmm            -            824 KW1-S08_28_cg361_1   -            233   1.4e-20   68.3   0.0   1   1   2.6e-23   1.7e-20   68.0   0.0   433   650    19   232     2   232 0.85 -
GH156.hmm            -            552 KW1-S08_28_cg369_10  -            516   4.2e-76  252.1   0.0   1   1   7.8e-79     5e-76  251.9   0.0    34   526     4   493     1   512 0.84 -
GH76.hmm             -            358 KW1-S08_28_cg373_5   -            832   1.9e-17   58.9   0.1   1   1   6.1e-17   3.9e-14   48.0   0.0    51   185   471   626   454   633 0.81 -
GH109.hmm            -            126 KW1-S08_28_cg378_2   -            348   1.4e-22   75.8   0.0   1   1   3.5e-25   2.2e-22   75.1   0.0     1   125     6   122     6   123 0.92 -
GT41.hmm             -            705 KW1-S08_28_cg393_1   -            673     1e-19   65.8  10.8   1   1   7.2e-17   4.6e-14   47.1   5.2    46   191    42   177    21   179 0.90 -
GH74.hmm             -            233 KW1-S08_28_cg403_1   -           1071   5.4e-77  253.6  44.5   1   4   4.1e-15   1.3e-12   42.9   2.9    46   111    46   118    38   125 0.93 -
GH74.hmm             -            233 KW1-S08_28_cg403_1   -           1071   5.4e-77  253.6  44.5   2   4   1.2e-15     4e-13   44.6   0.1    21   110    76   168    69   178 0.84 -
GH74.hmm             -            233 KW1-S08_28_cg403_1   -           1071   5.4e-77  253.6  44.5   3   4   2.6e-15   8.4e-13   43.5   0.1    33   114   139   230   126   233 0.84 -
GH74.hmm             -            233 KW1-S08_28_cg403_1   -           1071   5.4e-77  253.6  44.5   4   4   2.1e-18   6.7e-16   53.7   0.5    45   115   209   281   196   297 0.82 -
GH23.hmm             -            135 KW1-S08_28_cg404_3   -            164   1.1e-22   76.3   0.1   1   1   2.1e-25   1.3e-22   76.0   0.1    14   105     5   117     3   147 0.82 -
GH109.hmm            -            126 KW1-S08_28_cg405_1   -            274   2.9e-22   74.7   0.3   1   1   7.7e-25   4.9e-22   74.0   0.3     1   121     4   117     4   121 0.92 -
AA3.hmm              -            618 KW1-S08_28_cg409_2   -            508   3.2e-51  169.7   0.0   1   1   2.6e-53   4.2e-51  169.3   0.0    84   398    12   502     7   505 0.77 -
AA3_2.hmm            -            568 KW1-S08_28_cg409_2   -            508     4e-40  133.3   0.1   1   1   2.4e-37   3.8e-35  116.9   0.1     3   564    18   500    16   503 0.77 -
AA3_1.hmm            -            548 KW1-S08_28_cg409_2   -            508   3.5e-33  110.2   0.0   1   1   7.3e-24   1.2e-21   72.2   0.2    14   276    15   263     7   272 0.87 -
GH156.hmm            -            552 KW1-S08_28_cg415_3   -            542   1.6e-43  144.6   0.0   1   1   3.3e-46   2.1e-43  144.2   0.0    58   528    35   509    14   532 0.81 -
GH133.hmm            -            372 KW1-S08_28_cg417_2   -            671  2.3e-131  433.4   0.0   1   1  1.4e-133  3.1e-131  432.9   0.0     8   372   305   660   299   660 0.97 -
GH13_25.hmm          -            434 KW1-S08_28_cg417_2   -            671   6.2e-40  132.3   0.0   1   2   3.2e-19   6.9e-17   56.4   0.0    16    91   316   392   308   407 0.89 -
GH13_25.hmm          -            434 KW1-S08_28_cg417_2   -            671   6.2e-40  132.3   0.0   2   2   1.6e-24   3.5e-22   73.8   0.0   193   434   447   659   407   659 0.85 -
GH78.hmm             -            504 KW1-S08_28_cg417_2   -            671     4e-20   67.2   0.1   1   1   2.8e-22   5.9e-20   66.6   0.1   149   319   320   508   318   558 0.84 -
GH109.hmm            -            126 KW1-S08_28_cg417_4   -            355   5.4e-19   64.1   0.0   1   1   2.1e-21   1.4e-18   62.9   0.0     1   122     7   119     7   123 0.92 -
GT2_Glycos_transf_2.hmm PF00535.25   170 KW1-S08_28_cg418_6   -            217   1.4e-24   82.1   0.0   1   1   3.3e-27   2.1e-24   81.5   0.0    28   128     4   103     2   137 0.86 Glycosyl transferase family 2
AA7.hmm              -            458 KW1-S08_28_cg433_2   -            498   2.7e-92  306.1   8.9   1   1   4.4e-91   2.8e-88  292.8   8.9     7   458    82   493    76   493 0.79 -
CBM9.hmm             -            182 KW1-S08_28_cg440_2   -            237   3.7e-34  113.7   0.0   1   1   6.6e-37   4.2e-34  113.5   0.0     1   181    18   230    18   231 0.91 -
GT4.hmm              -            160 KW1-S08_28_cg450_2   -            417   5.7e-24   79.9   0.0   1   1   1.6e-26     1e-23   79.1   0.0     7   153   230   381   226   386 0.95 -
GT41.hmm                -            705 KW1-S08_28_cg450_10  -            682   8.5e-37  122.3  18.6   1   1   5.8e-20   1.8e-17   58.4   4.1    71   207   408   543   405   560 0.92 -
GT2_Glycos_transf_2.hmm PF00535.25   170 KW1-S08_28_cg450_10  -            682     7e-23   76.6   0.0   1   1   4.7e-25   1.5e-22   75.5   0.0     1   117    42   148    42   195 0.84 Glycosyl transferase family 2
GT4.hmm              -            160 KW1-S08_28_cg454_4   -            454   1.7e-36  120.7   0.0   1   1   4.2e-39   2.7e-36  120.0   0.0    12   159   245   398   235   399 0.97 -
GT2_Glycos_transf_2.hmm PF00535.25   170 KW1-S08_28_cg454_5   -            319   5.6e-28   93.1   0.0   1   1   2.4e-30   7.8e-28   92.7   0.0     2   108     9   113     8   171 0.90 Glycosyl transferase family 2
GT2_Glyco_tranf_2_3.hmm PF13641.5    230 KW1-S08_28_cg454_5   -            319   1.4e-15   53.0   0.1   1   1   9.9e-18   3.2e-15   51.9   0.0     4   128     7   126     5   197 0.85 Glycosyltransferase like family 2
GH109.hmm            -            126 KW1-S08_28_cg457_5   -            341   5.4e-15   51.2   0.1   1   1   5.5e-17   3.5e-14   48.6   0.1     3   122     6   116     4   120 0.80 -
CE10.hmm             -            341 KW1-S08_28_cg462_2   -            669   6.9e-27   90.2   0.0   1   1   1.4e-29   9.3e-27   89.8   0.0    41   337   388   666   351   668 0.83 -
CBM50.hmm            -             40 KW1-S08_28_cg469_12  -            281   2.3e-24   80.8   1.4   1   1   3.4e-15   2.2e-12   42.5   0.1     1    40    46    89    46    89 0.92 -
GH23.hmm             -            135 KW1-S08_28_cg469_13  -            451   1.1e-29   99.0   0.1   1   1   4.8e-32   3.1e-29   97.5   0.1    16   126   306   430   298   438 0.93 -
GH165.hmm            -            635 KW1-S08_28_cg469_14  -            489   1.9e-74  246.4   0.0   1   1   1.1e-76   7.1e-74  244.5   0.0   145   603    18   485     6   488 0.81 -
GH4.hmm              -            179 KW1-S08_28_cg469_20  -            441   1.6e-54  179.4   0.0   1   1   3.2e-57     2e-54  179.0   0.0     1   178     5   183     5   184 0.98 -
CE14.hmm             -            124 KW1-S08_28_cg469_21  -            287   1.3e-17   60.0   1.6   1   1   3.3e-20   2.1e-17   59.3   0.8     1   117    12   136    12   142 0.86 -
GH33.hmm             -            342 KW1-S08_28_cg469_26  -            355   2.9e-22   74.7   0.7   1   1   7.4e-19   2.4e-16   55.2   0.3    23   193    20   193     5   205 0.78 -
GH165.hmm            -            635 KW1-S08_28_cg476_6   -            394   2.6e-51  169.9   0.0   1   1   7.9e-54   5.1e-51  169.0   0.0   286   606    17   392    10   393 0.83 -
GH165.hmm            -            635 KW1-S08_28_cg478_3   -            344   3.3e-71  235.7   0.0   1   1   6.2e-74     4e-71  235.4   0.0   298   606    13   342     5   343 0.92 -
GH165.hmm            -            635 KW1-S08_28_cg481_2   -            464  1.3e-103  342.7   0.0   1   1  3.2e-106    2e-103  342.1   0.0   153   604     8   461     4   462 0.92 -
GT51.hmm             -            177 KW1-S08_28_cg485_5   -            826   3.4e-59  194.6   0.0   1   1   8.9e-62   5.7e-59  193.9   0.0     9   176   179   355   169   356 0.92 -
GT9.hmm              -            225 KW1-S08_28_cg490_3   -            330     2e-49  163.8   0.0   1   1   4.7e-52     3e-49  163.2   0.0     9   204    79   299    72   323 0.86 -
GT2_Glycos_transf_2.hmm PF00535.25   170 KW1-S08_28_cg491_3   -            421   1.7e-23   78.6   0.0   1   1   7.9e-26   2.5e-23   78.0   0.0     1   116   139   249   139   302 0.92 Glycosyl transferase family 2
GT27.hmm                -            295 KW1-S08_28_cg491_3   -            421   6.5e-15   50.5   0.0   1   1   1.6e-16   5.3e-14   47.5   0.0     1   225   139   348   139   373 0.78 -
GH156.hmm            -            552 KW1-S08_28_cg495_8   -            538   1.3e-59  197.7   0.0   1   1   2.4e-62   1.5e-59  197.5   0.0   130   427    86   400    11   500 0.88 -
CE4.hmm              -            130 KW1-S08_28_cg500_7   -            251   1.1e-20   69.5   0.0   1   1   2.4e-23   1.6e-20   69.0   0.0     6   111     8   128     3   148 0.80 -
GH109.hmm            -            126 KW1-S08_28_cg506_5   -            325   2.3e-15   52.4   0.2   1   1   1.6e-17     1e-14   50.3   0.2     1   122     4   115     4   118 0.87 -
GT51.hmm             -            177 KW1-S08_28_cg509_1   -            796   8.4e-50  164.0   0.0   1   1   2.7e-52   1.7e-49  163.0   0.0    19   176    76   232    57   233 0.95 -
AA1.hmm              -            943 KW1-S08_28_cg517_5   -            353   3.8e-38  126.5  19.3   1   1     3e-32   6.4e-30   99.3   8.4   450   549    78   209    33   229 0.75 -
AA1_3.hmm            -            312 KW1-S08_28_cg517_5   -            353   2.3e-19   65.0   1.7   1   1   1.1e-21   2.3e-19   65.0   1.7    11   132    90   207    76   212 0.86 -
AA1_2.hmm            -            337 KW1-S08_28_cg517_5   -            353   1.1e-16   56.0   4.7   1   1   2.6e-15   5.5e-13   43.9   0.7     6   106   116   210   113   227 0.89 -
GT30.hmm             -            177 KW1-S08_28_cg519_10  -            432   1.8e-38  127.1   0.1   1   1   6.1e-41   3.9e-38  126.0   0.0    11   176    52   213    32   214 0.94 -
GH165.hmm            -            635 KW1-S08_28_cg526_4   -            480   9.6e-81  267.2   0.0   1   1   1.8e-83   1.2e-80  266.9   0.0   150   606    33   478    16   479 0.85 -
GT41.hmm             -            705 KW1-S08_28_cg527_6   -            166   1.6e-15   51.9   4.7   1   1   3.2e-17   2.1e-14   48.3   4.9    77   191    29   133    23   157 0.89 -
GH24.hmm             -            137 KW1-S08_28_cg530_5   -            149   5.2e-22   73.7   0.0   1   1     1e-24   6.6e-22   73.4   0.0     3   132     4   131     3   135 0.92 -
AA5.hmm              -           1281 KW1-S08_28_cg535_1   -            612   5.3e-28   92.4  13.0   1   1   9.6e-15   3.1e-12   40.2   0.4   604   713   388   493   387   500 0.88 -
GH2.hmm              -            752 KW1-S08_28_cg544_5   -           1316   1.8e-46  154.2  12.8   1   1   2.9e-49   1.8e-46  154.2  12.8    15   446    46   581    33   841 0.78 -
AA5.hmm              -           1281 KW1-S08_28_cg545_2   -            478   2.3e-24   80.3   5.1   1   1   1.5e-16   4.7e-14   46.2   0.6   581   718   185   313   179   320 0.85 -
CBM9.hmm             -            182 KW1-S08_28_cg546_2   -            399   1.3e-22   76.1   0.1   1   1   2.8e-25   1.8e-22   75.7   0.1     1   181    44   240    44   240 0.84 -
GT2_Glycos_transf_2.hmm PF00535.25   170 KW1-S08_28_cg550_10  -            233   3.1e-37  123.3   0.1   1   1   1.4e-39   4.5e-37  122.8   0.1     1   168     6   170     6   171 0.98 Glycosyl transferase family 2
GT81.hmm                -            293 KW1-S08_28_cg550_10  -            233   1.4e-17   58.8   0.1   1   1   5.7e-20   1.8e-17   58.4   0.1    21   141     3   115     1   123 0.87 -
GT2_Glycos_transf_2.hmm PF00535.25   170 KW1-S08_28_cg560_2   -            222   1.4e-22   75.5   0.0   1   1   2.8e-25   1.8e-22   75.2   0.0     3   166     6   158     4   161 0.88 Glycosyl transferase family 2
GT9.hmm              -            225 KW1-S08_28_cg576_2   -            341   2.5e-67  222.3   0.0   1   1   5.2e-70   3.3e-67  222.0   0.0     1   217    70   312    70   321 0.89 -
CE7.hmm              -            313 KW1-S08_28_cg578_1   -            145   1.4e-32  108.1   0.0   1   1   2.5e-35   1.6e-32  107.9   0.0   171   303     1   133     1   140 0.97 -
CE7.hmm              -            313 KW1-S08_28_cg578_2   -            321  3.9e-110  362.9   0.0   1   1  6.9e-113  4.4e-110  362.7   0.0     2   312     4   315     3   316 0.97 -
GH109.hmm            -            126 KW1-S08_28_cg578_5   -            367   9.1e-22   73.1   0.1   1   1   3.5e-24   2.3e-21   71.8   0.1     3   124     7   118     5   120 0.87 -
GT2_Glycos_transf_2.hmm PF00535.25   170 KW1-S08_28_cg580_2   -            413   2.3e-27   91.2   0.0   1   1   1.1e-29   3.7e-27   90.5   0.0     1   168    32   193    32   194 0.97 Glycosyl transferase family 2
GT81.hmm                -            293 KW1-S08_28_cg580_2   -            413   2.6e-17   57.9   0.0   1   1   1.2e-19   3.8e-17   57.4   0.0    15   146    23   140    10   146 0.89 -
GT2_Glycos_transf_2.hmm PF00535.25   170 KW1-S08_28_cg580_3   -            328   8.5e-24   79.5   0.0   1   1   5.6e-26   1.2e-23   79.1   0.0     1   167    10   175    10   178 0.83 Glycosyl transferase family 2
GT2_Glyco_tranf_2_3.hmm PF13641.5    230 KW1-S08_28_cg580_3   -            328   1.2e-19   66.4   0.0   1   1   7.4e-22   1.6e-19   66.0   0.0     1   228     7   230     7   232 0.83 Glycosyltransferase like family 2
GT27.hmm                -            295 KW1-S08_28_cg580_3   -            328   4.8e-18   60.7   0.0   1   1   3.2e-20   6.9e-18   60.2   0.0     1   228    10   218    10   236 0.79 -
GH31.hmm             -            427 KW1-S08_28_cg585_2   -            672  1.4e-126  418.2   4.4   1   1    3e-129  1.9e-126  417.8   4.4     1   424   215   655   215   657 0.94 -
GH165.hmm            -            635 KW1-S08_28_cg585_3   -            336  9.6e-108  356.4   0.0   1   1  5.3e-101   3.4e-98  324.8   0.0   369   626    61   331    59   335 0.96 -
GH13_8.hmm           -            293 KW1-S08_28_cg586_7   -            684  1.6e-153  505.3   3.9   1   1  2.6e-153  1.4e-151  499.0   2.6     1   293   234   525   234   525 1.00 -
GH13_9.hmm           -            301 KW1-S08_28_cg586_7   -            684   4.1e-62  205.4   1.4   1   1   1.1e-63   6.1e-62  204.8   1.4     1   300   211   528   211   529 0.85 -
GH13_10.hmm          -            313 KW1-S08_28_cg586_7   -            684     6e-33  109.8   1.1   1   1     2e-34   1.1e-32  108.9   0.8     5   145   200   349   197   441 0.87 -
GH13.hmm             -            299 KW1-S08_28_cg586_7   -            684   1.8e-26   89.3   7.6   1   1   3.5e-28   1.8e-26   89.3   7.6    13   290   200   530   194   535 0.70 -
GH13_11.hmm          -            351 KW1-S08_28_cg586_7   -            684   1.4e-18   62.6   0.8   1   1   3.9e-20   2.1e-18   62.0   0.8     2   175   200   353   199   397 0.83 -
GH13_14.hmm          -            289 KW1-S08_28_cg586_7   -            684   2.5e-18   61.6   0.2   1   1   2.9e-19   1.5e-17   59.1   0.0     2   152   211   346   210   351 0.82 -
GH13_37.hmm          -            320 KW1-S08_28_cg586_7   -            684   4.9e-18   60.3   0.3   1   1   1.6e-19   8.6e-18   59.5   0.3    53   158   226   348   130   401 0.80 -
GH13_13.hmm          -            361 KW1-S08_28_cg586_7   -            684   3.2e-17   57.8   0.6   1   1     1e-18   5.6e-17   57.1   0.1    60   183   234   348   143   352 0.90 -
GH13_12.hmm          -            284 KW1-S08_28_cg586_7   -            684   5.5e-16   54.3   0.1   1   1   3.1e-17   1.7e-15   52.8   0.0     9   154   209   346   200   351 0.85 -
CBM32.hmm            -            124 KW1-S08_28_cg592_4   -            644   1.6e-19   65.8   0.0   1   1   4.7e-19     3e-16   55.3   0.0     6   113   321   437   316   451 0.73 -
GH109.hmm            -            126 KW1-S08_28_cg600_12  -            356   8.7e-20   66.7   0.0   1   1   2.9e-22   1.8e-19   65.7   0.0     1   124     5   120     5   122 0.92 -
GT41.hmm             -            705 KW1-S08_28_cg602_3   -            266   7.7e-19   62.9   7.6   1   1   5.6e-15   3.6e-12   40.9   5.2    71   191    46   166    17   167 0.82 -
GH5_10.hmm           -            305 KW1-S08_28_cg604_26  -            358   1.2e-36  121.4   0.0   1   1   2.3e-37   3.6e-35  116.6   0.0     5   304    34   313    30   314 0.86 -
GH5_17.hmm           -            292 KW1-S08_28_cg604_26  -            358   2.6e-35  117.4   0.0   1   1   2.3e-37   3.7e-35  116.9   0.0     6   291    35   315    31   316 0.82 -
GH5.hmm              -            275 KW1-S08_28_cg604_26  -            358   1.3e-30  102.1   0.0   1   1   1.1e-32   1.8e-30  101.7   0.0    16   243    39   323    30   330 0.75 -
GH5_7.hmm            -            289 KW1-S08_28_cg604_26  -            358   1.8e-17   58.8   0.0   1   1   4.1e-16   6.5e-14   47.1   0.0     3   288    65   310    63   311 0.85 -
GT2_Glyco_tranf_2_3.hmm PF13641.5    230 KW1-S08_28_cg604_27  -            462   1.6e-25   85.6   0.0   1   1   7.1e-28   2.3e-25   85.1   0.0     2   228    89   315    88   317 0.89 Glycosyltransferase like family 2
GT2_Glyco_trans_2_3.hmm PF13632.5    197 KW1-S08_28_cg604_27  -            462   4.6e-23   77.4   1.2   1   1   1.4e-25   4.6e-23   77.4   1.2     1   182   174   366   174   429 0.78 Glycosyl transferase family group 2
GH106.hmm            -            824 KW1-S08_28_cg609_7   -            970   1.2e-48  161.1   0.0   1   1   5.8e-44   3.7e-41  136.4   0.0    18   510    17   562     2   583 0.87 -
AA7.hmm              -            458 KW1-S08_28_cg610_1   -            941   1.7e-19   66.1   0.0   1   1   2.5e-20   7.9e-18   60.6   0.0    14   147     4   140     1   149 0.88 -
AA4.hmm              -            522 KW1-S08_28_cg610_1   -            941   4.9e-19   63.6   0.4   1   1   2.8e-18   9.1e-16   52.8   0.3    54   188     5   138     2   144 0.90 -
GT2_Glycos_transf_2.hmm PF00535.25   170 KW1-S08_28_cg620_1   -             85   3.2e-20   67.9   0.0   1   1   5.5e-23   3.6e-20   67.8   0.0     1    74    10    85    10    85 0.97 Glycosyl transferase family 2
GT41.hmm             -            705 KW1-S08_28_cg620_5   -            786   1.6e-29   98.2  36.4   1   1   5.6e-17   3.6e-14   47.5   1.4    80   209   280   397   279   402 0.90 -
GT2_Glycos_transf_2.hmm PF00535.25   170 KW1-S08_28_cg624_9   -            227   2.9e-19   64.8   0.0   1   1     1e-21   3.3e-19   64.6   0.0     1   131     4   126     4   180 0.89 Glycosyl transferase family 2
GT81.hmm                -            293 KW1-S08_28_cg624_9   -            227   3.2e-17   57.6   0.0   1   1   1.2e-19   3.7e-17   57.4   0.0    22   152     2   115     1   178 0.81 -
GH156.hmm            -            552 KW1-S08_28_cg626_7   -            524   5.9e-44  146.0   0.0   1   1   1.9e-46   1.2e-43  145.0   0.0    36   546     3   506     1   510 0.79 -
GT41.hmm             -            705 KW1-S08_28_cg627_1   -            458   1.2e-17   59.0   0.9   1   1   5.3e-16   3.4e-13   44.3   0.0    51   191   128   258    79   293 0.86 -
AA1.hmm              -            943 KW1-S08_28_cg630_2   -            381   6.5e-27   89.4  15.4   1   2   7.7e-20   4.9e-17   56.7   4.5   459   618   127   313   125   314 0.76 -
AA1.hmm              -            943 KW1-S08_28_cg630_2   -            381   6.5e-27   89.4  15.4   2   2   3.2e-16   2.1e-13   44.7   5.2   454   541   285   372   279   379 0.79 -
CE14.hmm             -            124 KW1-S08_28_cg633_3   -            288   1.8e-21   72.5   0.6   1   1   5.6e-24   3.6e-21   71.5   0.4     1   121     8   136     8   141 0.93 -
GH109.hmm            -            126 KW1-S08_28_cg638_1   -            378   8.9e-16   53.7   0.0   1   1     3e-18   1.9e-15   52.7   0.0     1   118     3   111     3   118 0.91 -
GH74.hmm             -            233 KW1-S08_28_cg638_5   -            323   1.2e-35  118.3   1.4   1   1   8.6e-16   5.5e-13   44.1   0.5    42   137     9    99     1   102 0.84 -
GT41.hmm             -            705 KW1-S08_28_cg638_7   -            543   1.1e-44  148.4  14.0   1   3   7.8e-20     5e-17   56.9   0.7    57   191    61   228    41   232 0.94 -
GT41.hmm             -            705 KW1-S08_28_cg638_7   -            543   1.1e-44  148.4  14.0   2   3   1.8e-16   1.1e-13   45.8   0.2    72   199   235   361   229   366 0.89 -
GT41.hmm             -            705 KW1-S08_28_cg638_7   -            543   1.1e-44  148.4  14.0   3   3   3.2e-16     2e-13   45.0   1.6    64   190   366   517   362   520 0.67 -
CE1.hmm              -            227 KW1-S08_28_cg639_3   -            915   2.6e-41  137.1   0.0   1   1   7.2e-44   4.6e-41  136.3   0.0    10   209    53   333    48   346 0.85 -
GH117.hmm            -            211 KW1-S08_28_cg642_1   -            321   2.2e-27   91.3   3.1   1   1   3.6e-16   4.6e-14   47.8   5.0     1   126   168   281   168   317 0.85 -
GH163.hmm            -            251 KW1-S08_28_cg645_7   -            574   4.6e-85  280.2   0.0   1   1   9.7e-88   6.2e-85  279.8   0.0     1   251   197   460   197   460 0.99 -
GH156.hmm            -            552 KW1-S08_28_cg648_2   -            509   1.1e-70  234.3   0.0   1   1   8.1e-73   5.2e-70  232.0   0.0    35   471    18   443    12   506 0.86 -
GT41.hmm             -            705 KW1-S08_28_cg648_3   -            547   5.9e-41  136.0  26.5   1   2     1e-15   6.6e-13   43.3   3.8    60   191    30   188    19   189 0.85 -
GT41.hmm             -            705 KW1-S08_28_cg648_3   -            547   5.9e-41  136.0  26.5   2   2   1.4e-15   9.2e-13   42.8   3.9    87   187   162   252   156   256 0.94 -
GT1.hmm              -            382 KW1-S08_28_cg649_2   -            429   6.5e-53  176.0   1.3   1   1   1.7e-55   1.1e-52  175.2   1.2     4   381    16   420    13   421 0.94 -
GT9.hmm              -            225 KW1-S08_28_cg649_3   -            329   2.1e-52  173.6   0.0   1   1   4.3e-55   2.7e-52  173.2   0.0     3   213    73   294    71   309 0.82 -
GH109.hmm            -            126 KW1-S08_28_cg650_1   -            345   6.7e-15   50.9   0.9   1   1   2.1e-17   1.3e-14   50.0   0.9     1   114     6   111     6   122 0.88 -
GH109.hmm            -            126 KW1-S08_28_cg650_3   -            346   1.7e-16   56.0   0.1   1   1   6.1e-19   3.9e-16   54.9   0.1     1   123     2   116     2   119 0.87 -
GH156.hmm            -            552 KW1-S08_28_cg665_2   -            484   5.6e-52  172.5   0.0   1   1   3.2e-44   2.1e-41  137.6   0.0   200   526   132   455   121   480 0.80 -
GH156.hmm            -            552 KW1-S08_28_cg666_5   -            543   2.9e-57  190.0   0.0   1   1   5.8e-60   3.7e-57  189.6   0.0   131   545    97   542    84   542 0.84 -
GH165.hmm            -            635 KW1-S08_28_cg666_8   -            488   2.6e-96  318.6   0.0   1   1   5.3e-99   3.4e-96  318.2   0.0   156   602     8   481     4   484 0.87 -
GT41.hmm             -            705 KW1-S08_28_cg667_10  -            496   1.2e-24   82.2   8.6   1   1   6.5e-19   4.1e-16   53.9   0.9    77   196   256   366   244   372 0.87 -
GH33.hmm             -            342 KW1-S08_28_cg668_2   -            348   1.8e-32  108.3   0.3   1   1     4e-35   2.5e-32  107.8   0.3    54   304    40   310    26   337 0.80 -
GH105.hmm            -            332 KW1-S08_28_cg675_20  -            564     8e-42  138.9   0.0   1   1   1.8e-44   1.1e-41  138.4   0.0    13   331   265   560   258   561 0.86 -
GH109.hmm            -            126 KW1-S08_28_cg699_1   -            328   1.3e-17   59.7   0.2   1   1   4.5e-20   2.9e-17   58.6   0.2     2   117     2   107     1   114 0.91 -
GH109.hmm            -            126 KW1-S08_28_cg703_2   -            319   1.3e-15   53.2   0.0   1   1   8.2e-18   5.2e-15   51.3   0.0     1   111     3   103     3   112 0.90 -
GT2_Glycos_transf_2.hmm PF00535.25   170 KW1-S08_28_cg704_7   -            366   7.2e-36  118.8   0.0   1   1     4e-38   1.3e-35  118.0   0.0     1   128     6   128     6   165 0.88 Glycosyl transferase family 2
GT2_Glyco_tranf_2_3.hmm PF13641.5    230 KW1-S08_28_cg704_7   -            366   6.4e-21   70.6   0.0   1   1   8.2e-23   2.6e-20   68.6   0.0     1   134     3   128     2   197 0.74 Glycosyltransferase like family 2
CE10.hmm             -            341 KW1-S08_28_cg713_2   -            312   3.6e-22   74.7   0.0   1   1   8.7e-24   5.6e-21   70.8   0.0    82   311    75   276    41   296 0.79 -
CE7.hmm              -            313 KW1-S08_28_cg713_8   -            321  1.8e-110  364.0   0.0   1   1  3.1e-113    2e-110  363.8   0.0     2   312     4   315     3   316 0.97 -
CE7.hmm              -            313 KW1-S08_28_cg713_9   -            322   4.6e-74  244.4   0.0   1   1   8.8e-77   5.6e-74  244.1   0.0     4   303     6   310     3   316 0.96 -
GH32.hmm             -            293 KW1-S08_28_cg719_2   -            358   3.2e-71  235.7   0.0   1   1   5.9e-74   3.8e-71  235.5   0.0     1   291    26   317    26   319 0.86 -
GT2_Glycos_transf_2.hmm PF00535.25   170 KW1-S08_28_cg723_7   -            385     3e-28   94.0   0.0   1   1   1.4e-30   4.4e-28   93.5   0.0     1   166    47   215    47   218 0.86 Glycosyl transferase family 2
GT2_Glyco_tranf_2_3.hmm PF13641.5    230 KW1-S08_28_cg723_7   -            385   3.2e-23   78.1   0.1   1   1   5.7e-25   1.8e-22   75.6   0.1     1   228    44   277    44   279 0.80 Glycosyltransferase like family 2
GT28.hmm             -            157 KW1-S08_28_cg733_10  -            371   4.5e-52  171.2   0.0   1   1   1.3e-54   8.2e-52  170.4   0.0     1   157   190   353   190   353 0.95 -
GH109.hmm            -            126 KW1-S08_28_cg734_3   -            375   3.5e-22   74.4   0.8   1   1   5.7e-24   3.7e-21   71.2   0.8     2   126    41   151    40   151 0.89 -
GH109.hmm            -            126 KW1-S08_28_cg737_3   -            408   2.6e-15   52.2   0.1   1   1   1.1e-17   7.3e-15   50.8   0.1     1   121     4   115     4   118 0.92 -
GT19.hmm             -            354 KW1-S08_28_cg737_8   -            375  2.8e-125  412.9   0.0   1   1  4.9e-128  3.2e-125  412.7   0.0     1   353     4   354     4   355 0.98 -
GH33.hmm             -            342 KW1-S08_28_cg741_9   -            341     1e-97  322.8   0.4   1   1  4.2e-100   1.3e-97  322.4   0.4     8   340     6   323     2   326 0.93 -
GT41.hmm             -            705 KW1-S08_28_cg742_1   -            226   2.5e-20   67.9  18.3   1   1   7.3e-17   4.7e-14   47.1   5.5    53   191     7   169     1   171 0.93 -
GT41.hmm             -            705 KW1-S08_28_cg751_1   -            410   5.9e-25   83.1  17.1   1   1   9.5e-15   6.1e-12   40.1   1.8    78   191   107   217   105   222 0.96 -
GH23.hmm             -            135 KW1-S08_28_cg751_2   -            737   2.2e-28   94.7   0.1   1   1   3.4e-31   2.2e-28   94.7   0.1    15   124   592   721   577   729 0.89 -
PL26.hmm             -            862 KW1-S08_28_cg757_4   -           1093   3.8e-19   63.7   3.7   1   1   2.3e-21   1.5e-18   61.7   0.1    18   214    48   248    34   260 0.86 -
GH33.hmm             -            342 KW1-S08_28_cg765_11  -            374   7.9e-16   53.5   0.3   1   1     3e-18   1.9e-15   52.3   0.3    15   306    11   314     2   366 0.74 -
GH109.hmm            -            126 KW1-S08_28_cg768_1   -            118   6.6e-19   63.9   0.9   1   1   2.5e-21   1.6e-18   62.6   0.9     3   123     5   117     3   118 0.91 -
GH33.hmm             -            342 KW1-S08_28_cg768_6   -            370   1.7e-19   65.6   0.0   1   1   3.5e-17   1.1e-14   49.7   0.0   160   328   165   342   152   351 0.68 -
GH93.hmm             -            307 KW1-S08_28_cg768_6   -            370     2e-16   55.3   0.0   1   1   6.6e-15   2.1e-12   42.0   0.0    55   173   146   265   116   267 0.83 -
GH109.hmm            -            126 KW1-S08_28_cg769_3   -            377   2.7e-20   68.4   0.1   1   1   8.5e-23   5.4e-20   67.4   0.1     2   121     5   115     4   120 0.92 -
GH109.hmm            -            126 KW1-S08_28_cg770_1   -            412   4.6e-16   54.7   0.0   1   1   1.4e-18   9.2e-16   53.7   0.0     1   124     4   129     4   131 0.87 -
GH109.hmm            -            126 KW1-S08_28_cg770_2   -            402   8.4e-16   53.8   0.1   1   1   2.5e-18   1.6e-15   52.9   0.1     1   122     6   128     6   131 0.91 -
CE10.hmm             -            341 KW1-S08_28_cg772_2   -            642   4.5e-30  100.7   0.0   1   1   2.1e-32   6.8e-30  100.1   0.0    48   328   363   633   333   640 0.83 -
CE7.hmm              -            313 KW1-S08_28_cg772_2   -            642   3.5e-16   54.2   0.0   1   1   1.9e-16   6.1e-14   46.9   0.0    41   269   369   584   357   623 0.78 -
GH165.hmm            -            635 KW1-S08_28_cg774_8   -            507  1.3e-103  342.8   0.0   1   2   1.2e-82   7.9e-80  264.2   0.0   149   521     4   386     1   393 0.89 -
GH165.hmm            -            635 KW1-S08_28_cg774_8   -            507  1.3e-103  342.8   0.0   2   2   6.5e-26   4.2e-23   76.8   0.0   517   605   410   505   405   506 0.91 -
GT41.hmm             -            705 KW1-S08_28_cg775_9   -            654     4e-48  159.7  40.5   1   1   4.5e-15   2.9e-12   41.2   4.5    81   191   271   420   266   424 0.94 -
GH109.hmm            -            126 KW1-S08_28_cg789_2   -            327   3.5e-17   58.3   0.3   1   1   1.4e-19   8.8e-17   57.0   0.3     2   126     3   115     2   115 0.91 -
CE7.hmm              -            313 KW1-S08_28_cg789_19  -            317   6.1e-20   66.6   0.0   1   1   5.4e-20   3.4e-17   57.6   0.0    46   205    67   232    45   237 0.77 -
GT41.hmm             -            705 KW1-S08_28_cg790_8   -            388   1.3e-37  124.9  16.9   1   2   5.1e-21   3.3e-18   60.8   0.5    47   191    42   176     5   183 0.85 -
GT41.hmm             -            705 KW1-S08_28_cg790_8   -            388   1.3e-37  124.9  16.9   2   2   4.7e-15     3e-12   41.1   0.7    75   172   172   260   170   284 0.63 -
PL22.hmm             -            265 KW1-S08_28_cg799_5   -            375   5.9e-38  125.8   0.0   1   2   1.6e-25     1e-22   75.9   0.0   134   252    36   153    18   164 0.92 -
PL22.hmm             -            265 KW1-S08_28_cg799_5   -            375   5.9e-38  125.8   0.0   2   2   9.7e-17   6.2e-14   47.1   0.0    72   166   164   371   159   374 0.94 -
GT41.hmm             -            705 KW1-S08_28_cg799_6   -            190   9.3e-19   62.6   7.2   1   1   2.3e-19   1.5e-16   55.4   1.6    89   191    31   129    19   130 0.85 -
GH109.hmm            -            126 KW1-S08_28_cg799_7   -            350   2.1e-17   59.0   0.0   1   1   9.9e-20   6.4e-17   57.5   0.0     4   121     7   114     5   119 0.83 -
GT83.hmm             -            540 KW1-S08_28_cg802_2   -            576   6.6e-17   56.5  57.0   1   1     1e-19   6.6e-17   56.5  57.0    84   366   130   472   119   538 0.75 -
GT3.hmm              -            637 KW1-S08_28_cg803_4   -            586   1.9e-18   61.5   0.0   1   1   6.4e-16   4.1e-13   43.9   0.0     2   283     7   312     6   364 0.77 -
GH109.hmm            -            126 KW1-S08_28_cg803_5   -            350   2.5e-19   65.2   0.0   1   1   6.5e-22   4.2e-19   64.5   0.0     1   126     2   131     2   131 0.90 -
PL11.hmm             -            606 KW1-S08_28_cg805_4   -            460   1.3e-18   62.1   1.8   1   1   1.4e-15   4.4e-13   43.8   0.0   318   530   217   434   200   442 0.73 -
PL11_2.hmm           -            575 KW1-S08_28_cg805_4   -            460   6.7e-17   56.4   2.9   1   1   6.3e-18     2e-15   51.5   1.2   120   341    37   256    22   264 0.69 -
GT4.hmm              -            160 KW1-S08_28_cg808_1   -            161   4.1e-26   86.9   0.0   1   1   7.5e-29   4.8e-26   86.6   0.0    28   159     1   128     1   129 0.96 -
GH109.hmm            -            126 KW1-S08_28_cg811_7   -            231   1.2e-16   56.6   0.0   1   1   4.3e-19   2.7e-16   55.4   0.0     1   123     4   119     4   122 0.88 -
GH76.hmm             -            358 KW1-S08_28_cg814_1   -            758   5.3e-18   60.7   2.9   1   1   1.9e-17   1.2e-14   49.6   0.8    51   185   489   644   469   650 0.83 -
GT83.hmm             -            540 KW1-S08_28_cg815_1   -            383   1.4e-18   62.0  17.7   1   1   2.3e-21   1.4e-18   62.0  17.7    64   222   180   348   178   380 0.73 -
GH165.hmm            -            635 KW1-S08_28_cg826_5   -            326   2.4e-59  196.5   0.0   1   1   4.3e-62   2.7e-59  196.3   0.0   323   606     2   325     1   325 0.91 -
AA3.hmm              -            618 KW1-S08_28_cg837_1   -            279   1.3e-29   98.4   0.0   1   1     5e-32   1.6e-29   98.0   0.0   236   399    22   276     3   277 0.82 -
AA3_2.hmm            -            568 KW1-S08_28_cg837_1   -            279   3.1e-17   57.7   0.0   1   1   7.7e-16   2.5e-13   44.9   0.0   497   566   206   275   150   276 0.88 -
GH109.hmm            -            126 KW1-S08_28_cg849_2   -            337   1.5e-18   62.7   0.0   1   1   3.5e-21   2.2e-18   62.1   0.0     1   123     4   122     4   125 0.96 -
GH109.hmm            -            126 KW1-S08_28_cg851_1   -            378     2e-17   59.0   0.0   1   1   4.9e-20   3.1e-17   58.4   0.0     1   118     8   128     8   136 0.86 -
CBM9.hmm             -            182 KW1-S08_28_cg854_3   -           1991   2.1e-26   88.5   0.0   1   1   3.5e-17   1.1e-14   50.2   0.0     2   162  1796  1964  1795  1985 0.75 -
GH88.hmm             -            329 KW1-S08_28_cg858_4   -            460   2.1e-64  213.0   0.0   1   1   7.7e-67   4.9e-64  211.8   0.0     2   324    50   438    49   442 0.94 -
GH109.hmm            -            126 KW1-S08_28_cg860_2   -            353   2.4e-15   52.3   1.0   1   1   9.9e-18   6.3e-15   51.0   1.0     2   122     6   118     5   122 0.86 -
GT21.hmm             -            233 KW1-S08_28_cg868_2   -            406   3.5e-22   74.3   0.1   1   1   7.6e-25   4.9e-22   73.9   0.1     1   229    41   277    41   279 0.80 -
AA4.hmm              -            522 KW1-S08_28_cg871_15  -            480   9.3e-34  112.2   0.2   1   1   2.7e-30   8.7e-28   92.5   1.4    13   257     3   237     1   253 0.85 -
AA7.hmm              -            458 KW1-S08_28_cg871_15  -            480   8.9e-23   76.9   1.7   1   1   4.6e-25   1.5e-22   76.2   1.7    10   185    37   219    34   238 0.89 -
AA4.hmm              -            522 KW1-S08_28_cg871_16  -            444   1.2e-20   68.9   0.1   1   1   3.6e-21   2.3e-18   61.4   0.1    44   250    26   225    12   254 0.88 -
GT41.hmm             -            705 KW1-S08_28_cg871_24  -            350   1.6e-19   65.2   7.3   1   1     2e-15   1.3e-12   42.4   4.3    98   191    53   182    23   216 0.70 -
GT2_Glycos_transf_2.hmm PF00535.25   170 KW1-S08_28_cg876_10  -            221   2.8e-21   71.3   0.0   1   1   5.6e-24   3.6e-21   71.0   0.0     1   148     3   134     3   168 0.82 Glycosyl transferase family 2
CE10.hmm             -            341 KW1-S08_28_cg881_4   -            647   2.3e-30  101.6   0.0   1   1   1.5e-32   3.2e-30  101.2   0.0    83   331   407   642   352   646 0.84 -
GT4.hmm              -            160 KW1-S08_28_cg881_6   -            150   1.9e-26   88.0   0.1   1   1   3.1e-28     2e-25   84.6   0.0    55   157    14   114     4   117 0.95 -
GH165.hmm            -            635 KW1-S08_28_cg883_1   -            509   1.2e-76  253.7   0.0   1   1   1.1e-78   6.8e-76  251.1   0.0   151   604     2   490     1   497 0.82 -
GH109.hmm            -            126 KW1-S08_28_cg885_6   -            317   9.9e-16   53.6   0.0   1   1   3.8e-18   2.5e-15   52.3   0.0     2   123     5   117     4   120 0.93 -
GH165.hmm            -            635 KW1-S08_28_cg885_10  -            461   1.9e-86  286.0   0.0   1   1   3.5e-89   2.3e-86  285.8   0.0   145   607     3   451     1   457 0.91 -
GH36.hmm             -            688 KW1-S08_28_cg890_6   -            803   1.4e-33  111.7   0.0   1   1   5.1e-36   3.3e-33  110.4   0.0   106   457    77   451    27   478 0.77 -
GH33.hmm             -            342 KW1-S08_28_cg892_2   -            377   8.2e-17   56.8   3.8   1   1   4.6e-15   1.5e-12   42.8   0.2    26   194   151   315   147   356 0.67 -
GT83.hmm             -            540 KW1-S08_28_cg896_5   -            484   4.6e-25   83.4  40.3   1   1   9.4e-28     6e-25   83.0  40.3     5   355    16   351    12   395 0.76 -
GH63.hmm             -            570 KW1-S08_28_cg901_31  -            947   4.2e-19   63.7   0.0   1   1   2.4e-21   1.5e-18   61.9   0.0   356   568   496   944   474   945 0.92 -
GH33.hmm             -            342 KW1-S08_28_cg901_35  -            342   6.2e-21   70.3   0.0   1   1   1.2e-23   7.9e-21   70.0   0.0    24   263    18   238     3   317 0.73 -
#
# Program:         hmmscan
# Version:         3.3.1 (Jul 2020)
# Pipeline mode:   SCAN
# Query file:      /beegfs/home/lxd/2_sea_metagenomics/6.metabat2/bins_redup_refinem_drep/derep_70_10/derepbins_prodigal/KW1-S08_28.proteins.faa
# Target file:     /beegfs/home/lxd/4_salt_metagenomics/tools/CAZy/dbCAN-HMMdb-V8.txt
# Option settings: hmmscan --tblout KW1-S08_28.tbl --domtblout KW1-S08_28_dom.tbl --acc --noali --notextw -E 1e-14 --domE 1e-14 --cpu 30 /beegfs/home/lxd/4_salt_metagenomics/tools/CAZy/dbCAN-HMMdb-V8.txt /beegfs/home/lxd/2_sea_metagenomics/6.metabat2/bins_redup_refinem_drep/derep_70_10/derepbins_prodigal/KW1-S08_28.proteins.faa 
# Current dir:     /beegfs/home/lxd/2_sea_metagenomics/6.metabat2/bins_redup_refinem_drep/derep_70_10/derepbins_cazy
# Date:            Thu Mar  4 13:45:15 2021
# [ok]
