#                                                                            --- full sequence --- -------------- this domain -------------   hmm coord   ali coord   env coord
# target name        accession   tlen query name           accession   qlen   E-value  score  bias   #  of  c-Evalue  i-Evalue  score  bias  from    to  from    to  from    to  acc description of target
#------------------- ---------- ----- -------------------- ---------- ----- --------- ------ ----- --- --- --------- --------- ------ ----- ----- ----- ----- ----- ----- ----- ---- ---------------------
CE10.hmm             -            341 KW1-S15_75_cg6_2     -            655   2.3e-18   62.2   0.0   1   1   5.8e-21   3.7e-18   61.5   0.0    84   312   407   630   343   641 0.81 -
GT28.hmm             -            157 KW1-S15_75_cg21_11   -            377   4.4e-52  171.3   0.1   1   1   1.1e-54   6.9e-52  170.6   0.1     2   156   189   348   188   349 0.96 -
CE11.hmm             -            271 KW1-S15_75_cg21_18   -            289  8.5e-112  368.1   0.0   1   1  1.5e-114  9.7e-112  367.9   0.0    13   270     1   260     1   261 0.99 -
GT41.hmm             -            705 KW1-S15_75_cg28_16   -            796   8.3e-31  102.5   2.6   1   1     8e-16   5.1e-13   43.7   1.1    50   191   415   553   364   555 0.77 -
GT19.hmm             -            354 KW1-S15_75_cg31_14   -            390  3.7e-124  409.2   0.0   1   1  6.7e-127  4.3e-124  409.0   0.0     2   353    10   368     9   369 0.97 -
CE10.hmm             -            341 KW1-S15_75_cg32_2    -            684   5.5e-24   80.7   0.4   1   1   2.5e-26   8.1e-24   80.1   0.4    76   325   432   668   400   676 0.84 -
AA4.hmm              -            522 KW1-S15_75_cg36_6    -            475   3.4e-25   83.9   0.0   1   1   1.6e-22     5e-20   66.9   0.0    44   194    41   191     9   237 0.85 -
AA7.hmm              -            458 KW1-S15_75_cg36_6    -            475   7.5e-17   57.4   0.4   1   1   1.3e-18   4.3e-16   54.9   0.4    12   210    48   256    42   269 0.91 -
GT9.hmm              -            225 KW1-S15_75_cg40_9    -            361   1.1e-49  164.7   0.2   1   1   2.1e-52   1.4e-49  164.3   0.2     2   204    80   314    79   340 0.85 -
GT41.hmm             -            705 KW1-S15_75_cg41_2    -            644   1.4e-32  108.3   5.6   1   2   4.7e-15     3e-12   41.1   4.9    41   191    11   150     3   152 0.71 -
GT41.hmm             -            705 KW1-S15_75_cg41_2    -            644   1.4e-32  108.3   5.6   2   2   7.9e-15   5.1e-12   40.4   0.0   123   191   218   286   217   382 0.85 -
GT41.hmm             -            705 KW1-S15_75_cg41_6    -            715   2.8e-47  156.9  14.6   1   2     2e-24   1.3e-21   72.1   1.9    49   191    10   142     2   143 0.93 -
GT41.hmm             -            705 KW1-S15_75_cg41_6    -            715   2.8e-47  156.9  14.6   2   2   1.3e-17   8.4e-15   49.6   0.3   120   191   138   210   137   211 0.95 -
GH3.hmm              -            216 KW1-S15_75_cg46_11   -            348   6.5e-52  171.5   0.0   1   1   1.2e-54   7.9e-52  171.2   0.0     5   215    52   280    48   281 0.91 -
GT41.hmm             -            705 KW1-S15_75_cg50_11   -            201   3.7e-16   54.0   0.1   1   1   6.5e-19   4.2e-16   53.9   0.1    55   191    45   172    21   198 0.89 -
GH23.hmm             -            135 KW1-S15_75_cg66_20   -            195   2.4e-19   65.5   0.0   1   1   4.9e-22   3.1e-19   65.1   0.0     8   120    86   186    80   194 0.87 -
AA6.hmm              -            195 KW1-S15_75_cg66_24   -            202   3.1e-65  214.6   0.0   1   1   5.5e-68   3.5e-65  214.4   0.0     2   195     5   195     4   195 0.93 -
GH23.hmm             -            135 KW1-S15_75_cg72_2    -            468   4.6e-23   77.5   0.3   1   1     2e-25   1.3e-22   76.1   0.1    14   123   289   437   276   445 0.93 -
GT41.hmm             -            705 KW1-S15_75_cg75_5    -            498   2.3e-31  104.3  13.2   1   2   3.7e-16   2.4e-13   44.8   0.6   121   191    94   165    92   173 0.92 -
GT41.hmm             -            705 KW1-S15_75_cg75_5    -            498   2.3e-31  104.3  13.2   2   2   1.2e-15   7.8e-13   43.1   0.9    79   191   165   266   161   278 0.81 -
GT41.hmm             -            705 KW1-S15_75_cg75_6    -            536   2.3e-33  110.9  13.1   1   2   6.9e-18   4.4e-15   50.5   0.9    88   191     7   100     1   104 0.89 -
GT41.hmm             -            705 KW1-S15_75_cg75_6    -            536   2.3e-33  110.9  13.1   2   2   1.6e-15   1.1e-12   42.6   0.2    56   210   179   314   169   364 0.84 -
GT41.hmm             -            705 KW1-S15_75_cg76_8    -            552   1.5e-23   78.5   1.7   1   1   2.4e-19   1.5e-16   55.3   0.2    69   191   126   238   102   300 0.91 -
GT2_Glycos_transf_2.hmm PF00535.25   170 KW1-S15_75_cg77_11   -            257     1e-29   98.8   0.0   1   1   4.8e-32   1.5e-29   98.2   0.0     1   131    15   149    15   178 0.91 Glycosyl transferase family 2
GT2_Glyco_tranf_2_3.hmm PF13641.5    230 KW1-S15_75_cg77_11   -            257   2.2e-15   52.4   0.0   1   1   1.2e-17   3.9e-15   51.7   0.0     4   136    14   145    12   191 0.86 Glycosyltransferase like family 2
GT83.hmm             -            540 KW1-S15_75_cg77_13   -            577   5.1e-88  291.2  53.8   1   1   9.4e-91     6e-88  290.9  53.8     5   500    10   506     6   539 0.77 -
GT4.hmm              -            160 KW1-S15_75_cg79_1    -            312   1.6e-29   98.0   0.0   1   1   4.5e-32   2.9e-29   97.1   0.0     8   145   180   312   175   312 0.96 -
CBM9.hmm             -            182 KW1-S15_75_cg92_1    -            287   3.6e-20   68.1   0.2   1   1   7.2e-23   4.6e-20   67.8   0.2     1   180    46   227    46   228 0.82 -
AA7.hmm              -            458 KW1-S15_75_cg92_2    -            501   3.6e-96  318.8   2.9   1   1   1.7e-97   1.1e-94  314.0   2.9     3   458    78   496    76   496 0.88 -
GT41.hmm             -            705 KW1-S15_75_cg93_9    -            758   2.2e-27   91.2   9.3   1   2     1e-20   6.5e-18   59.8   1.5    23   191     9   167     2   169 0.87 -
GT41.hmm             -            705 KW1-S15_75_cg93_9    -            758   2.2e-27   91.2   9.3   2   2   2.1e-15   1.4e-12   42.2   0.4    84   192   138   263   135   470 0.79 -
GT51.hmm             -            177 KW1-S15_75_cg94_1    -            869     1e-65  215.8   0.0   1   1   2.6e-68   1.7e-65  215.1   0.0     1   176    58   233    58   234 0.99 -
CE10.hmm             -            341 KW1-S15_75_cg96_8    -            801   9.5e-23   76.6   0.4   1   1   5.5e-25   1.8e-22   75.7   0.4    78   321   554   785   507   796 0.83 -
CE1.hmm              -            227 KW1-S15_75_cg96_8    -            801   1.9e-22   75.4   0.2   1   1   1.8e-24   5.8e-22   73.8   0.2    10   198   558   765   549   796 0.72 -
GT41.hmm             -            705 KW1-S15_75_cg100_1   -            660    5e-145  480.0   0.1   1   2   3.4e-16   2.2e-13   44.9   1.0    61   191     9   129     5   130 0.92 -
GT41.hmm             -            705 KW1-S15_75_cg100_1   -            660    5e-145  480.0   0.1   2   2  8.7e-135  5.6e-132  436.9   0.0    81   522    97   650    94   652 0.95 -
AA3.hmm              -            618 KW1-S15_75_cg107_8   -            551   2.6e-58  193.1   0.0   1   1   2.7e-60   3.4e-58  192.7   0.0    87   398     9   542     5   548 0.78 -
AA3_2.hmm            -            568 KW1-S15_75_cg107_8   -            551   1.9e-32  107.9   0.0   1   1     1e-20   1.3e-18   62.2   0.0     3   280    12   301    10   302 0.78 -
AA3_1.hmm            -            548 KW1-S15_75_cg107_8   -            551     7e-31  102.6   0.0   1   1   1.4e-15   1.7e-13   45.2   0.0    14   123     9   119     2   123 0.80 -
GH103.hmm            -            295 KW1-S15_75_cg112_14  -            344   4.8e-94  310.0   0.0   1   1   8.7e-97   5.6e-94  309.8   0.0     6   294    44   334    40   335 0.94 -
GT41.hmm             -            705 KW1-S15_75_cg118_6   -            700  3.6e-160  530.1  13.2   1   4   6.6e-15   4.2e-12   40.6   3.0    85   190    16   111     3   112 0.86 -
GT41.hmm             -            705 KW1-S15_75_cg118_6   -            700  3.6e-160  530.1  13.2   2   4   4.3e-15   2.8e-12   41.3   0.1   129   204   186   261   181   282 0.92 -
GT41.hmm             -            705 KW1-S15_75_cg118_6   -            700  3.6e-160  530.1  13.2   3   4     5e-55   3.2e-52  173.2   0.0   521   685   308   473   291   474 0.90 -
GT41.hmm             -            705 KW1-S15_75_cg118_6   -            700  3.6e-160  530.1  13.2   4   4   2.6e-77   1.6e-74  246.9   0.0   304   516   462   693   461   698 0.96 -
AA12.hmm             -            401 KW1-S15_75_cg120_1   -            356   9.8e-24   78.9   0.0   1   1   3.9e-26   2.5e-23   77.6   0.0    89   399    39   347    31   349 0.79 -
CBM9.hmm             -            182 KW1-S15_75_cg126_2   -            746   2.2e-19   65.6   0.7   1   1   6.6e-22   4.2e-19   64.6   0.1     1   180    46   227    46   228 0.82 -
CE10.hmm             -            341 KW1-S15_75_cg131_2   -            744   3.5e-21   71.5   0.1   1   1   8.3e-24   5.3e-21   70.9   0.1    90   329   512   735   453   740 0.81 -
CE10.hmm             -            341 KW1-S15_75_cg132_3   -            672   9.2e-22   73.4   0.1   1   1   2.1e-24   1.3e-21   72.8   0.1    86   315   428   654   328   662 0.84 -
AA3.hmm              -            618 KW1-S15_75_cg139_3   -            552   7.3e-58  191.6   0.0   1   1   5.8e-60   9.2e-58  191.3   0.0    85   398     7   543     3   549 0.79 -
AA3_2.hmm            -            568 KW1-S15_75_cg139_3   -            552   3.5e-30  100.5   0.0   1   1   1.2e-18   1.9e-16   55.1   0.0     3   280    12   302    10   302 0.76 -
AA3_1.hmm            -            548 KW1-S15_75_cg139_3   -            552     1e-29   98.8   0.0   1   1   1.6e-16   2.5e-14   48.0   0.0    10   123     5   120     1   124 0.81 -
GT41.hmm             -            705 KW1-S15_75_cg154_3   -            258   1.8e-19   65.0   0.3   1   1   1.3e-15   8.5e-13   42.9   0.0    87   191    40   134    25   137 0.92 -
GT41.hmm             -            705 KW1-S15_75_cg155_2   -            666   5.9e-27   89.7   2.6   1   1   3.4e-15   2.2e-12   41.6   0.1    62   191   337   456   331   456 0.94 -
CE1.hmm              -            227 KW1-S15_75_cg156_1   -            291   4.7e-48  159.2   0.0   1   1   8.6e-51   5.5e-48  158.9   0.0     1   225    33   286    33   288 0.86 -
CE10.hmm             -            341 KW1-S15_75_cg158_3   -            647     3e-28   94.7   0.0   1   1     7e-31   4.5e-28   94.1   0.0    84   323   398   622   350   633 0.81 -
GT9.hmm              -            225 KW1-S15_75_cg164_1   -            206     6e-40  132.8   0.2   1   1   1.1e-42   6.9e-40  132.6   0.2    55   222     3   186     1   189 0.83 -
GT30.hmm             -            177 KW1-S15_75_cg164_6   -            426   1.2e-69  228.6   0.0   1   1   8.6e-71   5.5e-68  223.2   0.0     2   176    33   210    32   211 0.98 -
GT41.hmm             -            705 KW1-S15_75_cg173_3   -            983   7.1e-48  158.9  18.5   1   3   2.6e-16   1.6e-13   45.3   1.7    98   191    24   114     1   120 0.75 -
GT41.hmm             -            705 KW1-S15_75_cg173_3   -            983   7.1e-48  158.9  18.5   2   3   7.4e-17   4.7e-14   47.1   0.1   122   191   181   250   181   311 0.90 -
GT41.hmm             -            705 KW1-S15_75_cg173_3   -            983   7.1e-48  158.9  18.5   3   3   4.7e-15     3e-12   41.1   2.5    54   191   504   631   490   640 0.87 -
GT41.hmm             -            705 KW1-S15_75_cg187_7   -            640  3.2e-114  378.2   0.0   1   1  1.7e-116  1.1e-113  376.5   0.0    63   518    66   628     2   636 0.91 -
CE1.hmm              -            227 KW1-S15_75_cg202_9   -            271   1.5e-20   69.2   0.0   1   1   3.1e-23     2e-20   68.8   0.0     6   143    37   190    33   248 0.73 -
GH23.hmm             -            135 KW1-S15_75_cg212_4   -            318   2.1e-23   78.6   0.3   1   1   6.4e-26   4.1e-23   77.7   0.2    20   121   138   259   119   268 0.89 -
GT41.hmm             -            705 KW1-S15_75_cg216_6   -            485   3.1e-33  110.5   3.5   1   2   2.3e-15   1.5e-12   42.2   0.0   124   191    98   165    96   167 0.92 -
GT41.hmm             -            705 KW1-S15_75_cg216_6   -            485   3.1e-33  110.5   3.5   2   2   7.9e-15   5.1e-12   40.4   0.3   122   191   164   233   162   256 0.92 -
#
# Program:         hmmscan
# Version:         3.3.1 (Jul 2020)
# Pipeline mode:   SCAN
# Query file:      /beegfs/home/lxd/2_sea_metagenomics/6.metabat2/bins_redup_refinem_drep/derep_70_10/derepbins_prodigal/KW1-S15_75.proteins.faa
# Target file:     /beegfs/home/lxd/4_salt_metagenomics/tools/CAZy/dbCAN-HMMdb-V8.txt
# Option settings: hmmscan --tblout KW1-S15_75.tbl --domtblout KW1-S15_75_dom.tbl --acc --noali --notextw -E 1e-14 --domE 1e-14 --cpu 30 /beegfs/home/lxd/4_salt_metagenomics/tools/CAZy/dbCAN-HMMdb-V8.txt /beegfs/home/lxd/2_sea_metagenomics/6.metabat2/bins_redup_refinem_drep/derep_70_10/derepbins_prodigal/KW1-S15_75.proteins.faa 
# Current dir:     /beegfs/home/lxd/2_sea_metagenomics/6.metabat2/bins_redup_refinem_drep/derep_70_10/derepbins_cazy
# Date:            Thu Mar  4 17:39:03 2021
# [ok]
