#                                                                            --- full sequence --- -------------- this domain -------------   hmm coord   ali coord   env coord
# target name        accession   tlen query name           accession   qlen   E-value  score  bias   #  of  c-Evalue  i-Evalue  score  bias  from    to  from    to  from    to  acc description of target
#------------------- ---------- ----- -------------------- ---------- ----- --------- ------ ----- --- --- --------- --------- ------ ----- ----- ----- ----- ----- ----- ----- ---- ---------------------
GT2_Glycos_transf_2.hmm PF00535.25   170 KW1-S08_227_cg17_2   -            393   1.2e-24   82.3   0.0   1   1   7.5e-27   1.6e-24   81.9   0.0     1   114    50   166    50   222 0.85 Glycosyl transferase family 2
GT2_Glyco_tranf_2_3.hmm PF13641.5    230 KW1-S08_227_cg17_2   -            393   7.8e-17   57.2   0.2   1   1   2.7e-18   5.8e-16   54.3   0.2     2   214    48   261    47   278 0.78 Glycosyltransferase like family 2
GT21.hmm                -            233 KW1-S08_227_cg17_2   -            393   2.1e-15   52.1   0.0   1   1     2e-17   4.2e-15   51.2   0.0     2   207    48   252    47   272 0.87 -
GT4.hmm              -            160 KW1-S08_227_cg24_10  -            372   4.7e-41  135.4   0.0   1   1     2e-43   6.4e-41  135.0   0.0     5   158   193   343   189   345 0.95 -
GT5.hmm              -            472 KW1-S08_227_cg24_10  -            372   1.7e-18   61.8   0.0   1   1   1.2e-20   3.8e-18   60.6   0.0   281   471   188   369   153   370 0.86 -
GH33.hmm             -            342 KW1-S08_227_cg26_2   -            393   2.8e-23   78.0   3.6   1   1   5.2e-25   1.7e-22   75.5   3.6    23   328    53   375    39   385 0.72 -
GH93.hmm             -            307 KW1-S08_227_cg26_2   -            393   1.3e-18   62.5   3.5   1   1   3.1e-16   9.8e-14   46.4   0.2    13   204   205   375   200   385 0.82 -
GT19.hmm             -            354 KW1-S08_227_cg29_3   -            398   2.9e-99  327.3   0.0   1   1  5.5e-102   3.6e-99  327.0   0.0     1   348    10   360    10   365 0.96 -
GH38.hmm             -            269 KW1-S08_227_cg37_1   -            630     3e-17   58.3   0.0   1   1     8e-20   5.1e-17   57.6   0.0     1   262    60   347    60   355 0.78 -
CE10.hmm             -            341 KW1-S08_227_cg51_4   -            277   8.2e-19   63.7   0.1   1   1   3.1e-21   9.9e-19   63.4   0.1    66   316    30   261    16   276 0.79 -
CE7.hmm              -            313 KW1-S08_227_cg51_4   -            277   7.7e-18   59.7   0.9   1   1   2.6e-15   8.3e-13   43.2   0.1   157   207   117   167   112   172 0.95 -
GT41.hmm             -            705 KW1-S08_227_cg54_2   -            380     6e-44  145.9  17.2   1   3   2.8e-20   1.8e-17   58.4   0.2    89   191   121   213    85   214 0.88 -
GT41.hmm             -            705 KW1-S08_227_cg54_2   -            380     6e-44  145.9  17.2   2   3   5.4e-19   3.4e-16   54.2   2.1   121   191   210   281   209   281 0.96 -
GT41.hmm             -            705 KW1-S08_227_cg54_2   -            380     6e-44  145.9  17.2   3   3   6.8e-17   4.3e-14   47.2   4.5   119   191   276   349   273   367 0.94 -
CBM51.hmm            -            134 KW1-S08_227_cg62_5   -            406   1.9e-35  117.3   0.0   1   1   4.2e-38   2.7e-35  116.8   0.0     3   134   267   403   265   403 0.92 -
CE10.hmm             -            341 KW1-S08_227_cg65_5   -           1219   1.2e-17   59.8   0.7   1   1   3.4e-20   2.2e-17   59.0   0.2    70   310   955  1183   884  1206 0.75 -
GT2_Glycos_transf_2.hmm PF00535.25   170 KW1-S08_227_cg72_2   -            383     8e-27   89.4   0.0   1   1   7.3e-29   1.2e-26   88.9   0.0     1   119    46   167    46   215 0.82 Glycosyl transferase family 2
GT2_Glyco_tranf_2_3.hmm PF13641.5    230 KW1-S08_227_cg72_2   -            383   2.9e-22   74.9   0.5   1   1   3.8e-24   6.1e-22   73.9   0.5     4   221    45   262    43   269 0.84 Glycosyltransferase like family 2
GT21.hmm                -            233 KW1-S08_227_cg72_2   -            383   8.1e-20   66.6   0.0   1   1   6.8e-22   1.1e-19   66.2   0.0     2   203    44   241    43   255 0.91 -
GT81.hmm                -            293 KW1-S08_227_cg72_2   -            383   9.6e-15   49.5   0.7   1   1   8.5e-17   1.4e-14   49.0   0.7    20   130    42   147    35   156 0.84 -
GH23.hmm             -            135 KW1-S08_227_cg93_7   -            223   2.1e-24   81.9   0.0   1   1     1e-26   6.5e-24   80.3   0.0    14   121    63   200    53   212 0.90 -
GT41.hmm             -            705 KW1-S08_227_cg96_2   -            445   2.7e-16   54.5   0.1   1   1   3.7e-16   2.3e-13   44.8   0.0   118   191   146   220   130   335 0.81 -
AA5.hmm              -           1281 KW1-S08_227_cg100_10 -            599   6.6e-92  304.1  11.8   1   1   3.5e-94   7.5e-92  303.9  11.8   550  1024    69   597     3   598 0.80 -
AA5_2.hmm            -            588 KW1-S08_227_cg100_10 -            599   1.7e-40  134.5   0.3   1   1   4.9e-36   1.1e-33  112.0   0.5   361   586   385   595   372   597 0.88 -
AA5_1.hmm            -            563 KW1-S08_227_cg100_10 -            599     5e-33  109.3  10.2   1   1   3.4e-33   7.3e-31  102.2  10.2    67   540   184   596   174   597 0.77 -
GT83.hmm             -            540 KW1-S08_227_cg117_6  -            518     6e-39  129.2  56.3   1   1   1.4e-41   9.2e-39  128.6  56.1     5   366     6   370     2   400 0.74 -
GT41.hmm             -            705 KW1-S08_227_cg124_5  -            773   1.4e-15   52.1  10.2   1   1   6.6e-15   4.2e-12   40.6   6.1    27   188   592   747   572   751 0.75 -
GT28.hmm             -            157 KW1-S08_227_cg128_1  -            180   3.5e-43  142.3   2.2   1   1   6.4e-46   4.1e-43  142.1   2.2     4   156     1   161     1   162 0.93 -
CE4.hmm              -            130 KW1-S08_227_cg139_4  -            337   4.1e-23   77.3   0.0   1   1   2.1e-25   1.3e-22   75.7   0.0    21   127    72   182    40   184 0.88 -
GT4.hmm              -            160 KW1-S08_227_cg161_5  -            411   6.4e-21   70.0   0.0   1   1   5.1e-23   3.3e-20   67.7   0.0     6   153   210   363   205   368 0.93 -
GT4.hmm              -            160 KW1-S08_227_cg167_3  -            380   1.5e-28   94.8   0.0   1   1   3.8e-31   2.4e-28   94.1   0.0     7   148   197   334   193   344 0.92 -
GT2_Glycos_transf_2.hmm PF00535.25   170 KW1-S08_227_cg176_3  -            141   1.6e-18   62.4   0.0   1   1   2.9e-21   1.9e-18   62.2   0.0     2    85    53   140    52   141 0.96 Glycosyl transferase family 2
GT2_Glycos_transf_2.hmm PF00535.25   170 KW1-S08_227_cg181_5  -            238   6.8e-35  115.7   0.1   1   1   3.9e-37   8.3e-35  115.4   0.1     1   169     8   176     8   177 0.94 Glycosyl transferase family 2
GT81.hmm                -            293 KW1-S08_227_cg181_5  -            238   5.1e-21   70.1   0.1   1   1   2.9e-23   6.1e-21   69.8   0.1    21   144     5   121     1   197 0.89 -
GT2_Glyco_tranf_2_3.hmm PF13641.5    230 KW1-S08_227_cg181_5  -            238   5.4e-16   54.4   0.0   1   1   3.3e-18     7e-16   54.1   0.0     3   175     6   176     4   193 0.77 Glycosyltransferase like family 2
GH109.hmm            -            126 KW1-S08_227_cg189_2  -            474   2.5e-22   74.9   0.1   1   1   5.9e-25   3.8e-22   74.3   0.1     1   120    82   197    82   202 0.94 -
GT41.hmm             -            705 KW1-S08_227_cg190_2  -            337   1.5e-29   98.3   8.5   1   1   7.9e-18   5.1e-15   50.3   0.1    90   191     3    94     1    97 0.90 -
GT4.hmm              -            160 KW1-S08_227_cg195_8  -            413     5e-29   96.3   0.0   1   1   1.1e-31     7e-29   95.9   0.0     5   159   226   380   222   381 0.94 -
GT2_Glycos_transf_2.hmm PF00535.25   170 KW1-S08_227_cg195_15 -            272   2.4e-26   87.8   0.3   1   1   4.9e-29   3.1e-26   87.5   0.3     1   129    27   156    27   192 0.85 Glycosyl transferase family 2
GH33.hmm             -            342 KW1-S08_227_cg206_1  -            382   1.3e-30  102.1   0.2   1   1   5.5e-33   1.8e-30  101.7   0.2    23   330    59   343    51   357 0.83 -
GH33.hmm             -            342 KW1-S08_227_cg206_2  -            918   1.4e-32  108.6   2.3   1   1   3.8e-35   2.4e-32  107.8   2.3    22   330   553   867   535   882 0.81 -
GH109.hmm            -            126 KW1-S08_227_cg208_3  -            362   4.3e-17   58.0   0.0   1   1   8.3e-19   5.3e-16   54.5   0.0     1   121     2   113     2   117 0.91 -
GT2_Glycos_transf_2.hmm PF00535.25   170 KW1-S08_227_cg212_6  -            415   1.8e-20   68.8   0.0   1   1   5.2e-23   3.4e-20   67.8   0.0     2   124    24   143    23   168 0.90 Glycosyl transferase family 2
GT41.hmm             -            705 KW1-S08_227_cg220_4  -            451   1.6e-36  121.4   8.0   1   1   5.9e-15   3.8e-12   40.8   0.1    54   191    11   138     5   139 0.90 -
GH3.hmm              -            216 KW1-S08_227_cg222_2  -            350   6.3e-56  184.6   0.0   1   1   1.4e-58   8.9e-56  184.1   0.0    10   215    76   298    68   299 0.92 -
GT9.hmm              -            225 KW1-S08_227_cg228_6  -            356   5.5e-48  159.1   0.0   1   1   1.1e-50   6.8e-48  158.8   0.0     4   223    82   334    79   336 0.84 -
GT4.hmm              -            160 KW1-S08_227_cg228_8  -            391   1.9e-23   78.2   0.0   1   1   5.4e-26   3.5e-23   77.3   0.0     9   150   210   350   205   358 0.92 -
GT41.hmm             -            705 KW1-S08_227_cg228_9  -            557   9.7e-49  161.7  10.2   1   2     1e-16   6.7e-14   46.6   1.6    58   191   224   347   220   362 0.91 -
GT41.hmm             -            705 KW1-S08_227_cg228_9  -            557   9.7e-49  161.7  10.2   2   2   6.1e-18   3.9e-15   50.7   0.0    83   191   370   476   350   479 0.85 -
GH15.hmm             -            361 KW1-S08_227_cg230_4  -            503   1.2e-64  214.0   0.1   1   1   2.6e-67   1.7e-64  213.6   0.1     2   257   227   498   226   502 0.90 -
GH10.hmm             -            303 KW1-S08_227_cg232_6  -            567   1.3e-29   98.7   0.0   1   1   5.3e-32   3.4e-29   97.3   0.0    13   300   235   548   225   551 0.81 -
GT2_Glycos_transf_2.hmm PF00535.25   170 KW1-S08_227_cg233_2  -            477   7.7e-19   63.4   0.0   1   1   2.3e-21   1.5e-18   62.5   0.0     1   109   232   335   232   380 0.91 Glycosyl transferase family 2
CE4.hmm              -            130 KW1-S08_227_cg235_6  -            302   1.4e-26   88.5   0.0   1   1   5.8e-29   3.7e-26   87.1   0.0     6   122    70   275    66   282 0.92 -
CE10.hmm             -            341 KW1-S08_227_cg244_8  -            707   8.7e-22   73.4   0.0   1   1     4e-24   1.3e-21   72.9   0.0    93   310   430   656   355   678 0.78 -
CE1.hmm              -            227 KW1-S08_227_cg244_8  -            707   6.2e-18   60.6   0.1   1   1     5e-20   1.6e-17   59.3   0.1    14   215   438   662   431   672 0.73 -
GH130.hmm            -            296 KW1-S08_227_cg260_3  -            310  1.5e-107  354.2   0.0   1   1  2.6e-110  1.7e-107  354.0   0.0     2   295    11   306    10   307 0.97 -
GT9.hmm              -            225 KW1-S08_227_cg273_4  -            370   2.2e-24   81.9   0.0   1   1   5.3e-27   3.4e-24   81.3   0.0     2   216    92   331    91   343 0.80 -
GT2_Glycos_transf_2.hmm PF00535.25   170 KW1-S08_227_cg281_4  -            318   2.2e-30  101.0   0.0   1   1   1.7e-32   3.6e-30  100.3   0.0     3   169    16   184    14   185 0.87 Glycosyl transferase family 2
GT2_Glyco_tranf_2_3.hmm PF13641.5    230 KW1-S08_227_cg281_4  -            318   6.5e-25   83.6   0.2   1   1   4.6e-27   9.8e-25   83.0   0.2     3   219    12   236    10   245 0.82 Glycosyltransferase like family 2
GT27.hmm                -            295 KW1-S08_227_cg281_4  -            318   4.9e-18   60.7   0.2   1   1   3.7e-19   7.9e-17   56.8   0.2     4   225    17   229    15   252 0.81 -
CE4.hmm              -            130 KW1-S08_227_cg286_2  -            602   3.4e-21   71.1   0.0   1   1   1.1e-23   7.2e-21   70.0   0.0     5   124   377   537   373   542 0.79 -
GT4.hmm              -            160 KW1-S08_227_cg289_9  -            332   9.2e-16   53.2   0.0   1   1   1.1e-16   7.3e-14   47.0   0.0    12   154   144   284   135   290 0.88 -
CE7.hmm              -            313 KW1-S08_227_cg305_3  -            288   2.2e-21   71.3   0.5   1   1     7e-15   4.5e-12   40.8   0.2   153   217   118   181   110   194 0.89 -
CE1.hmm              -            227 KW1-S08_227_cg316_2  -            867   3.2e-22   74.7   0.4   1   1     9e-25   5.7e-22   73.8   0.4     6   210   329   534   325   540 0.74 -
GT2_Glycos_transf_2.hmm PF00535.25   170 KW1-S08_227_cg317_3  -            257   3.1e-28   94.0   0.0   1   1   5.9e-31   3.8e-28   93.7   0.0     3   103    26   128    24   184 0.91 Glycosyl transferase family 2
GT41.hmm             -            705 KW1-S08_227_cg336_3  -            279   1.3e-26   88.6   0.1   1   1   1.1e-19   7.2e-17   56.4   0.1    51   191    94   224    83   277 0.87 -
GT2_Glycos_transf_2.hmm PF00535.25   170 KW1-S08_227_cg341_2  -            406   4.2e-22   74.1   0.0   1   1   2.9e-24   6.3e-22   73.5   0.0     3   168    54   225    52   227 0.91 Glycosyl transferase family 2
GT2_Glyco_tranf_2_3.hmm PF13641.5    230 KW1-S08_227_cg341_2  -            406   8.8e-18   60.3   0.0   1   1   5.7e-20   1.2e-17   59.8   0.0     1   205    49   258    47   283 0.83 Glycosyltransferase like family 2
GT21.hmm                -            233 KW1-S08_227_cg341_2  -            406   3.4e-17   58.0   0.0   1   1   2.2e-19   4.6e-17   57.6   0.0     1   207    49   257    49   266 0.86 -
GT41.hmm             -            705 KW1-S08_227_cg346_4  -           1036   1.7e-72  240.3  41.3   1   4   3.1e-18     2e-15   51.6   3.9    61   191   469   590   466   591 0.94 -
GT41.hmm             -            705 KW1-S08_227_cg346_4  -           1036   1.7e-72  240.3  41.3   2   4   3.2e-17     2e-14   48.3   1.5    82   191   525   624   523   625 0.96 -
GT41.hmm             -            705 KW1-S08_227_cg346_4  -           1036   1.7e-72  240.3  41.3   3   4   9.6e-17   6.1e-14   46.7   1.5    81   191   558   658   557   660 0.93 -
GT41.hmm             -            705 KW1-S08_227_cg346_4  -           1036   1.7e-72  240.3  41.3   4   4   1.5e-21   9.7e-19   62.6   0.0    59   192   740   931   728   975 0.78 -
CE7.hmm              -            313 KW1-S08_227_cg351_4  -            300     4e-17   57.3   0.0   1   1   1.1e-19     7e-17   56.5   0.0    53   206    25   169    18   173 0.89 -
GT9.hmm              -            225 KW1-S08_227_cg361_2  -            396   3.4e-37  123.8   0.0   1   1   7.6e-40   4.9e-37  123.3   0.0     7   219   112   362   107   368 0.79 -
GT4.hmm              -            160 KW1-S08_227_cg361_4  -            384   1.1e-34  114.8   0.0   1   1   5.1e-37   1.6e-34  114.2   0.0     9   157   195   341   189   344 0.94 -
GT5.hmm              -            472 KW1-S08_227_cg361_4  -            384   9.9e-16   52.7   0.0   1   1   4.5e-18   1.5e-15   52.1   0.0   208   471   140   368   122   369 0.87 -
GT4.hmm              -            160 KW1-S08_227_cg361_5  -            370   1.3e-38  127.4   0.0   1   1   3.2e-41   2.1e-38  126.8   0.0    10   159   184   336   177   337 0.95 -
GT87.hmm             -            231 KW1-S08_227_cg370_6  -            529     3e-21   71.5  17.0   1   1   4.7e-24     3e-21   71.5  17.0     3   182   105   303   103   316 0.85 -
GH130.hmm            -            296 KW1-S08_227_cg371_8  -            333   2.5e-96  317.4   0.0   1   1   4.6e-99     3e-96  317.1   0.0     1   296    10   321    10   321 0.94 -
GT9.hmm              -            225 KW1-S08_227_cg392_7  -            365   3.9e-22   74.6   0.0   1   1   7.6e-25   4.9e-22   74.2   0.0    69   220   160   330    70   335 0.77 -
CBM51.hmm            -            134 KW1-S08_227_cg393_2  -            409   2.6e-42  139.4   0.0   1   1   2.4e-44   1.6e-41  136.9   0.0     1   134   268   406   268   406 0.96 -
CBM57.hmm            -            147 KW1-S08_227_cg394_3  -           1524  7.1e-175  569.8   3.9   1   4   1.1e-45   6.9e-43  141.6   0.0     2   147   688   827   687   827 0.99 -
CBM57.hmm            -            147 KW1-S08_227_cg394_3  -           1524  7.1e-175  569.8   3.9   2   4   1.2e-45   7.5e-43  141.5   0.0     2   147   916  1055   915  1055 0.99 -
CBM57.hmm            -            147 KW1-S08_227_cg394_3  -           1524  7.1e-175  569.8   3.9   3   4   1.4e-45   8.7e-43  141.3   0.0     2   147  1149  1288  1148  1288 0.99 -
CBM57.hmm            -            147 KW1-S08_227_cg394_3  -           1524  7.1e-175  569.8   3.9   4   4   7.6e-46   4.9e-43  142.1   0.0     2   147  1381  1520  1380  1520 0.99 -
GH140.hmm            -            412 KW1-S08_227_cg395_2  -            477   1.4e-68  226.9   2.0   1   1   6.5e-71   4.2e-68  225.3   2.0     1   412    45   456    45   456 0.88 -
GT2_Glycos_transf_2.hmm PF00535.25   170 KW1-S08_227_cg400_6  -            337   4.9e-36  119.4   0.0   1   1   5.1e-38   8.2e-36  118.7   0.0     1   141    28   159    28   188 0.85 Glycosyl transferase family 2
GT2_Glyco_tranf_2_2.hmm PF10111.8    276 KW1-S08_227_cg400_6  -            337   2.9e-19   64.8   0.0   1   1   2.5e-20     4e-18   61.1   0.0     1   239    28   248    28   270 0.76 Glycosyltransferase like family 2
GT2_Glyco_tranf_2_3.hmm PF13641.5    230 KW1-S08_227_cg400_6  -            337   4.5e-17   58.0   0.0   1   1   8.3e-19   1.3e-16   56.4   0.0     1   211    25   222    25   242 0.71 Glycosyltransferase like family 2
GT27.hmm                -            295 KW1-S08_227_cg400_6  -            337   1.3e-15   52.8   0.0   1   1   1.6e-16   2.5e-14   48.6   0.0     1   109    28   128    28   136 0.84 -
CE11.hmm             -            271 KW1-S08_227_cg410_1  -            350   5.4e-54  178.6   0.0   1   1     1e-56   6.7e-54  178.3   0.0    90   270     2   187     1   188 0.95 -
GT41.hmm             -            705 KW1-S08_227_cg412_8  -            619   2.5e-42  140.5  15.2   1   3   3.9e-19   2.5e-16   54.6   2.6    95   191   377   463   364   465 0.85 -
GT41.hmm             -            705 KW1-S08_227_cg412_8  -            619   2.5e-42  140.5  15.2   2   3   8.6e-17   5.5e-14   46.9   0.7   120   191   459   531   457   533 0.95 -
GT41.hmm             -            705 KW1-S08_227_cg412_8  -            619   2.5e-42  140.5  15.2   3   3   4.7e-18     3e-15   51.0   0.1   124   191   532   599   530   607 0.92 -
GT83.hmm             -            540 KW1-S08_227_cg422_9  -            482   1.4e-21   71.9  41.5   1   1   2.8e-24   1.8e-21   71.6  41.5     8   361    21   394    16   446 0.69 -
GT41.hmm             -            705 KW1-S08_227_cg422_11 -            464   3.2e-29   97.2   3.4   1   1   1.8e-16   1.2e-13   45.8   0.7    62   191   256   375   226   376 0.90 -
GT2_Glycos_transf_2.hmm PF00535.25   170 KW1-S08_227_cg427_6  -            362   1.7e-31  104.6   0.0   1   1   3.7e-34   2.3e-31  104.2   0.0     1   130    30   160    30   192 0.91 Glycosyl transferase family 2
AA3.hmm              -            618 KW1-S08_227_cg433_1  -            400   2.5e-31  104.0   0.0   1   1   1.8e-33   2.9e-31  103.8   0.0   212   403    79   396    14   399 0.83 -
AA3_2.hmm            -            568 KW1-S08_227_cg433_1  -            400   4.2e-19   63.9   0.0   1   1   4.6e-15   7.3e-13   43.3   0.0   500   567   325   392   289   393 0.89 -
AA3_4.hmm            -            549 KW1-S08_227_cg433_1  -            400   1.4e-17   58.9   0.0   1   1   9.5e-18   1.5e-15   52.2   0.0   407   548   253   393   241   394 0.92 -
GT2_Glycos_transf_2.hmm PF00535.25   170 KW1-S08_227_cg435_3  -            434   7.3e-30   99.3   0.0   1   1   1.5e-32   9.8e-30   98.9   0.0     1   167    54   218    54   221 0.95 Glycosyl transferase family 2
GT2_Glycos_transf_2.hmm PF00535.25   170 KW1-S08_227_cg439_4  -            252   1.8e-28   94.7   0.3   1   1   4.2e-31   2.7e-28   94.2   0.3     2   168     7   167     6   169 0.95 Glycosyl transferase family 2
CE1.hmm              -            227 KW1-S08_227_cg442_1  -            725   2.3e-22   75.1   0.2   1   1   6.2e-25     4e-22   74.4   0.2     7   210   177   382   172   388 0.74 -
GT9.hmm              -            225 KW1-S08_227_cg453_4  -            371   7.1e-24   80.2   0.3   1   1   1.4e-26   9.1e-24   79.9   0.3    73   222   166   330    89   333 0.79 -
GT5.hmm              -            472 KW1-S08_227_cg457_3  -            386   1.2e-39  131.5   0.6   1   1   1.1e-35   3.4e-33  110.2   0.1   108   471    76   384    46   385 0.84 -
GT4.hmm              -            160 KW1-S08_227_cg457_3  -            386   5.4e-37  122.2   0.0   1   1   2.5e-39   7.9e-37  121.7   0.0     9   158   210   358   205   360 0.94 -
CE1.hmm              -            227 KW1-S08_227_cg474_2  -            653   6.2e-30   99.9   0.0   1   1   2.5e-32   1.6e-29   98.5   0.0     6   209   429   631   425   646 0.79 -
GT4.hmm              -            160 KW1-S08_227_cg503_1  -            349     1e-26   88.8   0.0   1   1     1e-27   6.4e-25   83.0   0.0    10   155   198   344   193   347 0.94 -
GT2_Glycos_transf_2.hmm PF00535.25   170 KW1-S08_227_cg503_6  -            591   1.4e-27   91.8   0.0   1   1   7.1e-30   2.3e-27   91.2   0.0     1   166     2   165     2   168 0.96 Glycosyl transferase family 2
GT81.hmm                -            293 KW1-S08_227_cg503_6  -            591   5.5e-18   60.1   0.0   1   1   2.5e-20   7.9e-18   59.6   0.0    24   145     2   113     1   144 0.91 -
CE1.hmm              -            227 KW1-S08_227_cg505_14 -            513   1.2e-26   89.1   0.0   1   1   2.9e-29   1.9e-26   88.5   0.0     7   209   189   484   184   495 0.88 -
GT4.hmm              -            160 KW1-S08_227_cg506_8  -            763   4.7e-15   50.9   0.0   1   1   1.3e-17   8.5e-15   50.1   0.0     7   155   196   356   190   361 0.88 -
CE14.hmm             -            124 KW1-S08_227_cg516_4  -            261   4.8e-21   71.1   0.1   1   1   1.2e-23   7.6e-21   70.4   0.1     1   117     9   109     9   116 0.95 -
GT87.hmm             -            231 KW1-S08_227_cg518_2  -            464   2.2e-26   88.3  25.9   1   1   3.5e-29   2.2e-26   88.3  25.9     2   219   124   357   123   370 0.84 -
CE1.hmm              -            227 KW1-S08_227_cg525_2  -            491   1.2e-16   56.5   0.0   1   1   5.3e-19   3.4e-16   54.9   0.0     9   133    45   176    39   200 0.81 -
AA2.hmm              -            255 KW1-S08_227_cg529_4  -            747   7.3e-40  132.3   0.2   1   1   1.2e-17   7.6e-15   50.3   0.0    17   118    97   199    82   207 0.85 -
GT4.hmm              -            160 KW1-S08_227_cg531_1  -            306   1.5e-16   55.8   0.0   1   1   3.4e-19   2.2e-16   55.3   0.0     9   157   100   255    94   258 0.91 -
GT4.hmm              -            160 KW1-S08_227_cg545_6  -            351   5.3e-15   50.8   0.0   1   1   1.3e-17   8.1e-15   50.2   0.0     7   138   168   300   165   319 0.93 -
GT30.hmm             -            177 KW1-S08_227_cg587_2  -            159   6.7e-41  135.0   0.0   1   1   1.2e-43   7.8e-41  134.8   0.0     2   125    33   159    32   159 0.96 -
GH130.hmm            -            296 KW1-S08_227_cg622_2  -            311  1.6e-105  347.5   0.0   1   1  2.9e-108  1.9e-105  347.3   0.0     2   295     6   302     5   303 0.97 -
GT83.hmm             -            540 KW1-S08_227_cg641_2  -            615   6.1e-25   83.0  36.7   1   1   9.6e-28   6.1e-25   83.0  36.7    61   363    69   393    60   464 0.64 -
GT2_Glycos_transf_2.hmm PF00535.25   170 KW1-S08_227_cg641_3  -            502     2e-23   78.3   0.0   1   1   5.3e-26   3.4e-23   77.6   0.0     1   129   268   395   268   432 0.87 Glycosyl transferase family 2
#
# Program:         hmmscan
# Version:         3.3.1 (Jul 2020)
# Pipeline mode:   SCAN
# Query file:      /beegfs/home/lxd/2_sea_metagenomics/6.metabat2/bins_redup_refinem_drep/derep_70_10/derepbins_prodigal/KW1-S08_227.proteins.faa
# Target file:     /beegfs/home/lxd/4_salt_metagenomics/tools/CAZy/dbCAN-HMMdb-V8.txt
# Option settings: hmmscan --tblout KW1-S08_227.tbl --domtblout KW1-S08_227_dom.tbl --acc --noali --notextw -E 1e-14 --domE 1e-14 --cpu 30 /beegfs/home/lxd/4_salt_metagenomics/tools/CAZy/dbCAN-HMMdb-V8.txt /beegfs/home/lxd/2_sea_metagenomics/6.metabat2/bins_redup_refinem_drep/derep_70_10/derepbins_prodigal/KW1-S08_227.proteins.faa 
# Current dir:     /beegfs/home/lxd/2_sea_metagenomics/6.metabat2/bins_redup_refinem_drep/derep_70_10/derepbins_cazy
# Date:            Thu Mar  4 13:01:20 2021
# [ok]
