#                                                                            --- full sequence --- -------------- this domain -------------   hmm coord   ali coord   env coord
# target name        accession   tlen query name           accession   qlen   E-value  score  bias   #  of  c-Evalue  i-Evalue  score  bias  from    to  from    to  from    to  acc description of target
#------------------- ---------- ----- -------------------- ---------- ----- --------- ------ ----- --- --- --------- --------- ------ ----- ----- ----- ----- ----- ----- ----- ---- ---------------------
GT41.hmm             -            705 KW1-S08_237_cg4_7    -           3649   1.3e-61  204.3  70.6   1   1   7.3e-15   4.7e-12   40.5   1.2    34   191   356   537   354   572 0.91 -
GT19.hmm             -            354 KW1-S08_237_cg10_2   -            394   3.1e-97  320.7   0.0   1   1  5.4e-100   3.5e-97  320.5   0.0     1   349    10   364    10   369 0.92 -
CE15.hmm             -            269 KW1-S08_237_cg18_5   -            265   3.3e-19   64.7   0.0   1   1   6.3e-22   4.1e-19   64.4   0.0    88   264    62   241    38   245 0.90 -
CE1.hmm              -            227 KW1-S08_237_cg19_4   -            327   6.7e-20   67.1   0.0   1   1   1.2e-22   7.7e-20   66.9   0.0     9   141    55   200    48   290 0.73 -
CE4.hmm              -            130 KW1-S08_237_cg22_3   -            295   2.4e-24   81.3   0.0   1   1     9e-27   5.8e-24   80.0   0.0    21   127    37   147     3   149 0.87 -
CE1.hmm              -            227 KW1-S08_237_cg34_2   -            389   1.5e-18   62.7   0.1   1   1   3.7e-21   2.4e-18   62.0   0.1     9   199    47   227    43   250 0.75 -
GT83.hmm             -            540 KW1-S08_237_cg36_1   -            544   5.7e-16   53.4  41.3   1   1   2.4e-16   1.6e-13   45.4  23.0    41   221    73   249    32   284 0.81 -
GT41.hmm             -            705 KW1-S08_237_cg43_2   -            546   2.1e-38  127.6  37.0   1   1     7e-16   4.5e-13   43.9   0.4    65   190   282   397   279   398 0.93 -
GT2_Glycos_transf_2.hmm PF00535.25   170 KW1-S08_237_cg48_2   -            265   2.7e-28   94.2   0.0   1   1   5.5e-31   3.6e-28   93.8   0.0     1   167     7   171     7   173 0.92 Glycosyl transferase family 2
AA5.hmm              -           1281 KW1-S08_237_cg49_1   -            556   3.9e-16   53.1   6.4   1   1   8.3e-19   5.3e-16   52.6   6.4   631   885    42   273    38   275 0.90 -
GT83.hmm             -            540 KW1-S08_237_cg52_4   -            653   2.9e-16   54.4  28.8   1   1   4.5e-19   2.9e-16   54.4  28.8    83   366   229   549   215   623 0.70 -
GT4.hmm              -            160 KW1-S08_237_cg57_9   -            217   8.5e-38  124.8   0.0   1   1     2e-40   1.3e-37  124.2   0.0     8   156    36   181    31   186 0.96 -
GT41.hmm             -            705 KW1-S08_237_cg58_2   -            395   8.7e-28   92.5   3.1   1   1   8.9e-19   5.7e-16   53.4   0.1    57   191   101   225    82   225 0.92 -
GH74.hmm             -            233 KW1-S08_237_cg59_1   -            747   3.9e-51  168.9  21.3   1   1   1.7e-15   1.1e-12   43.1   0.0    48   124   208   286   193   292 0.87 -
GT2_Glycos_transf_2.hmm PF00535.25   170 KW1-S08_237_cg61_1   -            211   1.4e-29   98.3   0.0   1   1   3.1e-32     2e-29   97.9   0.0     1   116     8   123     8   155 0.92 Glycosyl transferase family 2
CE10.hmm             -            341 KW1-S08_237_cg67_3   -            696   2.2e-24   82.0   0.1   1   1   1.4e-26   4.6e-24   80.9   0.1    87   325   449   677   412   681 0.80 -
CE7.hmm              -            313 KW1-S08_237_cg67_3   -            696   9.1e-16   52.9   0.0   1   1   2.2e-17     7e-15   50.0   0.0    53   311   427   674   412   676 0.80 -
CE7.hmm              -            313 KW1-S08_237_cg69_2   -            265   9.1e-16   52.9   0.1   1   1   2.2e-18   1.4e-15   52.3   0.1    47   206    24   175    14   183 0.89 -
GT2_Glycos_transf_2.hmm PF00535.25   170 KW1-S08_237_cg69_6   -            271   4.3e-32  106.6   0.0   1   1   1.9e-34   6.1e-32  106.0   0.0     1   166    18   179    18   182 0.95 Glycosyl transferase family 2
GT81.hmm                -            293 KW1-S08_237_cg69_6   -            271   1.4e-15   52.2   0.0   1   1   6.3e-18     2e-15   51.7   0.0    18   140    12   124     3   134 0.86 -
CE1.hmm              -            227 KW1-S08_237_cg75_1   -            582   3.5e-15   51.6   0.0   1   1   1.4e-17   9.1e-15   50.3   0.0    11   209   211   539   205   543 0.78 -
CE1.hmm              -            227 KW1-S08_237_cg79_5   -            456   3.3e-16   55.0   0.0   1   1   9.6e-19   6.1e-16   54.1   0.0     7   174    86   235    82   307 0.74 -
GT4.hmm              -            160 KW1-S08_237_cg83_8   -            382   2.8e-25   84.2   0.0   1   1     7e-28   4.5e-25   83.5   0.0     7   159   195   348   191   349 0.94 -
GT4.hmm              -            160 KW1-S08_237_cg121_1  -            148   1.5e-21   72.0   0.0   1   1   3.1e-24     2e-21   71.6   0.0    63   150     2    94     1   100 0.95 -
GH57.hmm             -            383 KW1-S08_237_cg138_3  -            399   1.1e-60  201.0   0.1   1   1   2.3e-63   1.5e-60  200.6   0.1     2   309     6   318     5   329 0.93 -
GT4.hmm              -            160 KW1-S08_237_cg138_4  -            454   1.2e-30  101.6   0.0   1   1   7.1e-33   2.3e-30  100.7   0.0     6   154   267   412   265   417 0.96 -
GT5.hmm              -            472 KW1-S08_237_cg138_4  -            454     2e-29   97.8   0.1   1   1   4.9e-28   1.6e-25   85.0   0.1     1   470     2   440     2   442 0.72 -
CBM51.hmm            -            134 KW1-S08_237_cg145_2  -            394   1.2e-23   79.0   0.0   1   1   3.5e-26   2.2e-23   78.2   0.0    17   134   272   389   262   389 0.97 -
GH109.hmm            -            126 KW1-S08_237_cg145_10 -            288     2e-17   59.1   0.1   1   1   1.1e-19   6.9e-17   57.3   0.1     3   125     7   120     5   121 0.89 -
GH97.hmm             -            631 KW1-S08_237_cg148_1  -             90   2.4e-23   77.4   0.0   1   1   4.1e-26   2.6e-23   77.2   0.0   558   630     1    76     1    77 0.98 -
GT41.hmm             -            705 KW1-S08_237_cg150_1  -            282   9.8e-23   75.8   0.0   1   1   1.8e-16   1.2e-13   45.8   0.0    93   191    96   184    64   186 0.82 -
GT9.hmm              -            225 KW1-S08_237_cg164_7  -            353   7.4e-35  116.2   0.2   1   1   1.6e-37     1e-34  115.7   0.2     5   202    88   300    83   332 0.81 -
GT41.hmm             -            705 KW1-S08_237_cg167_2  -            785     3e-38  127.1  11.9   1   2   4.7e-15     3e-12   41.1   0.0   108   191   454   534   430   536 0.84 -
GT41.hmm             -            705 KW1-S08_237_cg167_2  -            785     3e-38  127.1  11.9   2   2   9.9e-16   6.3e-13   43.4   0.9   125   189   536   600   534   602 0.93 -
CE4.hmm              -            130 KW1-S08_237_cg179_4  -            314   4.6e-25   83.6   0.0   1   1     2e-27   1.3e-24   82.2   0.0     8   124    88   285    84   290 0.83 -
CBM44.hmm            -             64 KW1-S08_237_cg192_1  -            872   5.9e-20   66.6   8.5   1   1   9.6e-23   6.1e-20   66.5   4.8     6    63   796   851   793   852 0.97 -
GT41.hmm             -            705 KW1-S08_237_cg196_4  -            898   2.3e-51  170.4  24.3   1   3     1e-18   6.4e-16   53.3   0.0    83   191   482   580   464   580 0.88 -
GT41.hmm             -            705 KW1-S08_237_cg196_4  -            898   2.3e-51  170.4  24.3   2   3   2.3e-18   1.5e-15   52.0   1.4   118   191   574   648   572   651 0.91 -
GT41.hmm             -            705 KW1-S08_237_cg196_4  -            898   2.3e-51  170.4  24.3   3   3   5.2e-15   3.3e-12   41.0   0.1   123   191   648   716   646   723 0.90 -
GT2_Glycos_transf_2.hmm PF00535.25   170 KW1-S08_237_cg198_5  -            313   5.6e-22   73.6   0.0   1   1   1.3e-24   8.6e-22   73.0   0.0     1   149    56   192    56   213 0.87 Glycosyl transferase family 2
GH102.hmm            -            157 KW1-S08_237_cg209_4  -            409   1.3e-40  134.3   0.0   1   1   1.3e-42   8.4e-40  131.6   0.0     2   157   153   291   152   291 0.92 -
CE1.hmm              -            227 KW1-S08_237_cg213_2  -            498   6.3e-22   73.7   0.0   1   1   1.7e-24   1.1e-21   72.9   0.0     9   210   295   480   289   492 0.75 -
GT9.hmm              -            225 KW1-S08_237_cg230_1  -            336   7.9e-61  201.1   0.1   1   1   1.7e-63   1.1e-60  200.7   0.1     3   215    86   327    84   335 0.87 -
GT4.hmm              -            160 KW1-S08_237_cg230_8  -            386   3.5e-16   54.6   0.0   1   1   8.9e-19   5.7e-16   53.9   0.0    12   147   189   324   182   329 0.92 -
AA3.hmm              -            618 KW1-S08_237_cg238_3  -            490   1.4e-38  127.9   0.0   1   1   8.3e-41   1.8e-38  127.6   0.0    90   398     3   486     1   488 0.70 -
CE10.hmm             -            341 KW1-S08_237_cg242_3  -            681   1.2e-26   89.4   0.0   1   1   6.1e-29     2e-26   88.7   0.0    43   318   360   635   314   641 0.69 -
CE1.hmm              -            227 KW1-S08_237_cg242_3  -            681   6.2e-17   57.4   0.0   1   1   5.2e-19   1.7e-16   56.0   0.0    19   209   412   627   402   636 0.78 -
GT83.hmm             -            540 KW1-S08_237_cg250_3  -            541   5.6e-96  317.4  58.6   1   1   1.1e-98   6.9e-96  317.1  58.6    15   476     4   470     1   478 0.84 -
GH74.hmm             -            233 KW1-S08_237_cg251_2  -            945     5e-46  152.2   9.1   1   1   5.1e-16   3.3e-13   44.9   0.2    38   128   286   390   276   399 0.81 -
GT2_Glycos_transf_2.hmm PF00535.25   170 KW1-S08_237_cg260_3  -            486   1.2e-25   85.5   0.0   1   1     8e-28   2.6e-25   84.5   0.0     1   127   250   376   250   407 0.92 Glycosyl transferase family 2
GT81.hmm                -            293 KW1-S08_237_cg260_3  -            486   2.7e-17   57.9   0.0   1   1   1.3e-19   4.1e-17   57.3   0.0    19   144   245   361   230   367 0.88 -
GT2_Glycos_transf_2.hmm PF00535.25   170 KW1-S08_237_cg260_4  -            855   1.3e-18   62.7   0.0   1   1   4.2e-20   8.9e-18   60.0   0.0     2   111     8   123     7   196 0.86 Glycosyl transferase family 2
GT4.hmm                 -            160 KW1-S08_237_cg260_4  -            855   1.5e-18   62.3   0.0   1   1   1.5e-20   3.2e-18   61.2   0.0    12   135   668   790   659   813 0.84 -
GT2_Glyco_tranf_2_3.hmm PF13641.5    230 KW1-S08_237_cg260_4  -            855   1.9e-16   55.9   0.1   1   1   8.1e-18   1.7e-15   52.8   0.1     1   200     4   196     3   204 0.71 Glycosyltransferase like family 2
GT4.hmm              -            160 KW1-S08_237_cg263_5  -            434   3.6e-33  109.8   0.0   1   1   3.1e-35     2e-32  107.4   0.0     6   157   236   393   232   396 0.97 -
GT41.hmm             -            705 KW1-S08_237_cg264_2  -            461   2.1e-25   84.6   4.5   1   1   6.8e-17   4.3e-14   47.2   2.8    67   191   308   422   282   456 0.89 -
GT41.hmm             -            705 KW1-S08_237_cg273_2  -            917   8.8e-24   79.2  10.2   1   1     4e-15   2.6e-12   41.3   1.5    64   196   480   620   431   621 0.73 -
GT41.hmm             -            705 KW1-S08_237_cg282_3  -            496   6.4e-31  102.8  15.7   1   1   4.3e-15   2.8e-12   41.2   0.4    75   191    81   187    66   196 0.91 -
GT2_Glycos_transf_2.hmm PF00535.25   170 KW1-S08_237_cg288_6  -            502   1.1e-30  102.0   0.0   1   1   5.4e-33   1.7e-30  101.3   0.0     1   167   126   297   126   300 0.90 Glycosyl transferase family 2
GT2_Glyco_tranf_2_3.hmm PF13641.5    230 KW1-S08_237_cg288_6  -            502   6.6e-29   96.7   0.3   1   1   2.9e-31   9.3e-29   96.2   0.3     1   228   123   359   123   361 0.87 Glycosyltransferase like family 2
GT4.hmm              -            160 KW1-S08_237_cg297_2  -            367   2.7e-19   64.7   0.0   1   1     7e-22   4.5e-19   64.0   0.0     6   157   176   324   172   327 0.95 -
GT9.hmm              -            225 KW1-S08_237_cg298_5  -            361   2.2e-54  180.0   0.0   1   1   4.9e-57   3.1e-54  179.5   0.0     4   222    82   331    80   334 0.88 -
GT21.hmm                -            233 KW1-S08_237_cg313_2  -            458     2e-30  101.3   0.0   1   1   1.3e-32   2.7e-30  100.8   0.0     1   224    80   299    80   305 0.93 -
GT2_Glyco_tranf_2_3.hmm PF13641.5    230 KW1-S08_237_cg313_2  -            458   5.2e-19   64.3   0.1   1   1   3.6e-21   7.8e-19   63.7   0.1     1   226    80   303    79   306 0.79 Glycosyltransferase like family 2
GT2_Glycos_transf_2.hmm PF00535.25   170 KW1-S08_237_cg313_2  -            458   1.1e-17   59.7   0.0   1   1   8.4e-20   1.8e-17   59.0   0.0     2   168    84   250    83   251 0.88 Glycosyl transferase family 2
GT2_Glycos_transf_2.hmm PF00535.25   170 KW1-S08_237_cg315_4  -            254   3.6e-33  110.1   0.1   1   1   1.4e-35   4.5e-33  109.7   0.1     2   168     5   165     4   167 0.89 Glycosyl transferase family 2
GT2_Glyco_tranf_2_3.hmm PF13641.5    230 KW1-S08_237_cg315_4  -            254     2e-15   52.6   0.0   1   1   8.1e-18   2.6e-15   52.2   0.0     4   211     3   200     1   221 0.83 Glycosyltransferase like family 2
CE1.hmm              -            227 KW1-S08_237_cg322_4  -            357   1.5e-24   82.3   0.1   1   1   2.7e-27   1.8e-24   82.1   0.1    11   143    37   190    32   283 0.78 -
CE4.hmm              -            130 KW1-S08_237_cg348_2  -            334   4.5e-25   83.6   0.0   1   1   3.6e-26   2.3e-23   78.1   0.0    23   127    83   192    56   194 0.91 -
GT2_Glycos_transf_2.hmm PF00535.25   170 KW1-S08_237_cg348_4  -            319   2.5e-22   74.8   0.0   1   1   6.2e-25     4e-22   74.1   0.0     3   166     6   165     4   169 0.89 Glycosyl transferase family 2
GH133.hmm            -            372 KW1-S08_237_cg378_1  -            421  8.7e-120  395.2   0.0   1   1  4.8e-122    1e-119  395.0   0.0    10   372    30   385    23   385 0.96 -
GH13_25.hmm          -            434 KW1-S08_237_cg378_1  -            421   9.2e-37  121.9   0.0   1   2     1e-21   2.2e-19   64.6   0.1     7    91    35   115    30   130 0.88 -
GH13_25.hmm          -            434 KW1-S08_237_cg378_1  -            421   9.2e-37  121.9   0.0   2   2   9.2e-19     2e-16   54.9   0.0   190   431   167   381   145   384 0.82 -
GH78.hmm             -            504 KW1-S08_237_cg378_1  -            421   1.3e-15   52.3   0.0   1   1   8.5e-18   1.8e-15   51.8   0.0   149   320    43   233    41   255 0.84 -
CE14.hmm             -            124 KW1-S08_237_cg379_6  -            251   7.8e-21   70.4   0.0   1   1   2.9e-23   1.9e-20   69.2   0.0     4   121    11   112     8   115 0.92 -
GT2_Glycos_transf_2.hmm PF00535.25   170 KW1-S08_237_cg393_2  -            399   2.2e-25   84.7   0.0   1   1   1.8e-27   3.9e-25   83.9   0.0     1   110    60   172    60   191 0.94 Glycosyl transferase family 2
GT2_Glyco_tranf_2_3.hmm PF13641.5    230 KW1-S08_237_cg393_2  -            399   1.3e-24   82.6   0.0   1   1   1.1e-26   2.3e-24   81.8   0.0     1   204    57   263    57   276 0.89 Glycosyltransferase like family 2
GT21.hmm                -            233 KW1-S08_237_cg393_2  -            399   1.3e-15   52.9   0.0   1   1   1.3e-17   2.8e-15   51.7   0.0     1   205    57   262    57   266 0.82 -
CE1.hmm              -            227 KW1-S08_237_cg401_1  -            376   1.7e-28   95.2   0.0   1   1   3.7e-31   2.4e-28   94.7   0.0     5   202    56   232    53   257 0.77 -
AA7.hmm              -            458 KW1-S08_237_cg409_3  -            423   2.7e-60  200.6   2.5   1   1   5.2e-63   3.3e-60  200.3   2.5    12   211    41   240    30   328 0.88 -
GT2_Glyco_tranf_2_3.hmm PF13641.5    230 KW1-S08_237_cg418_2  -            530   1.7e-29   98.6   0.1   1   1   1.1e-31   2.3e-29   98.2   0.1     7   228    71   297    66   299 0.89 Glycosyltransferase like family 2
GT2_Glycos_transf_2.hmm PF00535.25   170 KW1-S08_237_cg418_2  -            530   1.2e-23   79.0   0.0   1   1     1e-25   2.2e-23   78.2   0.0     4   167    72   241    70   242 0.83 Glycosyl transferase family 2
GT2_Glyco_trans_2_3.hmm PF13632.5    197 KW1-S08_237_cg418_2  -            530   6.2e-22   73.8   0.9   1   1   2.9e-24   6.2e-22   73.8   0.9     1   182   155   360   155   377 0.72 Glycosyl transferase family group 2
GT2_Glycos_transf_2.hmm PF00535.25   170 KW1-S08_237_cg423_2  -            285   7.7e-26   86.2   0.0   1   1   1.7e-28   1.1e-25   85.7   0.0     2   133     5   145     4   185 0.84 Glycosyl transferase family 2
GT83.hmm             -            540 KW1-S08_237_cg428_2  -            552   1.5e-28   94.9  29.8   1   1   4.1e-31   2.6e-28   94.1  29.8    61   357   103   424    89   453 0.67 -
GT4.hmm              -            160 KW1-S08_237_cg434_3  -            421   7.4e-31  102.3   0.0   1   1   4.6e-33   1.5e-30  101.3   0.0     8   151   218   363   213   371 0.91 -
GT5.hmm              -            472 KW1-S08_237_cg434_3  -            421   6.7e-16   53.2   0.0   1   1   6.9e-18   2.2e-15   51.5   0.0   243   437   188   362   162   395 0.83 -
GT41.hmm             -            705 KW1-S08_237_cg435_5  -            497   1.8e-37  124.5   4.6   1   1     4e-19   2.6e-16   54.6   0.1    62   192    70   245    40   293 0.83 -
GT41.hmm             -            705 KW1-S08_237_cg446_14 -            427   1.9e-21   71.6   4.1   1   1   5.1e-15   3.3e-12   41.0   0.0    62   191   256   375   227   376 0.87 -
GT41.hmm             -            705 KW1-S08_237_cg446_15 -            570   1.2e-49  164.7  15.3   1   3   1.2e-16   7.7e-14   46.4   0.4    50   191    81   212    21   213 0.85 -
GT41.hmm             -            705 KW1-S08_237_cg446_15 -            570   1.2e-49  164.7  15.3   2   3   8.4e-16   5.4e-13   43.6   0.5    81   191   180   280   179   283 0.97 -
GT41.hmm             -            705 KW1-S08_237_cg446_15 -            570   1.2e-49  164.7  15.3   3   3     1e-18   6.5e-16   53.2   0.1   103   191   395   480   350   481 0.71 -
GH113.hmm            -            306 KW1-S08_237_cg447_3  -            394   7.2e-82  270.1   3.0   1   1   1.3e-84   8.2e-82  269.9   3.0    13   306    60   356    46   356 0.94 -
PL12_3.hmm           -            144 KW1-S08_237_cg450_1  -            553   3.9e-28   93.5   0.2   1   1   3.1e-30   6.6e-28   92.8   0.2    10   144   331   462   322   462 0.91 -
PL12.hmm             -            138 KW1-S08_237_cg450_1  -            553   1.5e-25   85.4   0.0   1   1   1.3e-27   2.7e-25   84.6   0.0     1   137   324   462   324   463 0.91 -
PL12_1.hmm           -            135 KW1-S08_237_cg450_1  -            553   1.7e-15   52.9   0.1   1   1   1.3e-17   2.7e-15   52.2   0.1    23   134   350   461   345   462 0.94 -
GT4.hmm              -            160 KW1-S08_237_cg450_3  -            369     1e-35  118.1   0.0   1   1   4.5e-38   1.4e-35  117.6   0.0     6   157   182   329   177   332 0.94 -
GT5.hmm              -            472 KW1-S08_237_cg450_3  -            369   9.3e-23   75.8   0.0   1   1   3.8e-25   1.2e-22   75.5   0.0   273   472   169   357   149   357 0.85 -
CE10.hmm             -            341 KW1-S08_237_cg466_1  -            667   2.7e-24   81.7   0.4   1   1   1.6e-26   5.1e-24   80.8   0.4    81   309   421   656   347   664 0.73 -
CE1.hmm              -            227 KW1-S08_237_cg466_1  -            667     7e-19   63.7   0.1   1   1   4.8e-21   1.5e-18   62.6   0.1    17   208   442   656   434   665 0.75 -
AA5.hmm              -           1281 KW1-S08_237_cg479_5  -            376   1.2e-15   51.5  11.0   1   1   7.9e-16   5.1e-13   42.8   5.1   633   851   102   300    94   314 0.84 -
AA5.hmm              -           1281 KW1-S08_237_cg493_4  -            413   4.1e-26   86.1   8.5   1   1   1.8e-18   5.8e-16   52.5   2.6   824   905   105   185    98   191 0.91 -
GT35.hmm             -            674 KW1-S08_237_cg505_2  -            852  6.5e-141  466.2   0.0   1   2   1.1e-19   6.8e-17   56.4   0.2    21    68   123   171   116   179 0.94 -
GT35.hmm             -            674 KW1-S08_237_cg505_2  -            852  6.5e-141  466.2   0.0   2   2  3.4e-124  2.2e-121  401.7   0.0   209   551   269   629   259   642 0.97 -
CE4.hmm              -            130 KW1-S08_237_cg519_3  -            304   8.1e-22   73.1   0.0   1   1   1.9e-24   1.2e-21   72.6   0.0    19   127    32   145     3   147 0.90 -
GT4.hmm              -            160 KW1-S08_237_cg519_4  -            413   3.6e-17   57.8   0.0   1   1     1e-19   6.5e-17   57.0   0.0    23   157   238   373   223   376 0.90 -
PL12.hmm             -            138 KW1-S08_237_cg519_5  -            756   1.8e-31  104.6   1.0   1   1   1.5e-33   3.3e-31  103.7   1.0     1   137   451   590   451   591 0.97 -
PL12_3.hmm           -            144 KW1-S08_237_cg519_5  -            756   1.6e-28   94.8   0.4   1   1   1.3e-30   2.7e-28   94.1   0.4    25   143   472   589   451   590 0.91 -
PL12_1.hmm           -            135 KW1-S08_237_cg519_5  -            756   7.9e-17   57.2   0.3   1   1     6e-19   1.3e-16   56.5   0.3     2   135   452   590   451   590 0.95 -
GT4.hmm              -            160 KW1-S08_237_cg522_5  -            400   1.1e-29   98.5   0.0   1   1   6.4e-31   4.1e-28   93.4   0.0     9   156   217   365   213   368 0.95 -
GT2_Glyco_tranf_2_3.hmm PF13641.5    230 KW1-S08_237_cg528_1  -            514   4.1e-31  103.9   0.0   1   1   3.3e-33   5.4e-31  103.5   0.0     1   228    49   277    48   279 0.87 Glycosyltransferase like family 2
GT2_Glyco_trans_2_3.hmm PF13632.5    197 KW1-S08_237_cg528_1  -            514   2.7e-27   91.2   0.2   1   1   1.7e-29   2.7e-27   91.2   0.2     2   193   139   322   138   332 0.91 Glycosyl transferase family group 2
GT2_Glycos_transf_2.hmm PF00535.25   170 KW1-S08_237_cg528_1  -            514   3.9e-23   77.4   0.0   1   1   3.5e-25   5.7e-23   76.9   0.0     4   133    55   191    52   224 0.86 Glycosyl transferase family 2
GT21.hmm                -            233 KW1-S08_237_cg528_1  -            514   3.6e-15   51.4   0.0   1   1     3e-17   4.8e-15   51.0   0.0     1   231    49   278    49   279 0.93 -
GT4.hmm              -            160 KW1-S08_237_cg530_1  -            370   2.8e-29   97.2   0.0   1   1   1.3e-31   4.3e-29   96.5   0.0    13   150   195   336   185   341 0.94 -
GT5.hmm              -            472 KW1-S08_237_cg530_1  -            370   9.3e-15   49.5   0.0   1   1   8.9e-15   2.9e-12   41.3   0.0   298   471   197   367   178   368 0.83 -
GT4.hmm              -            160 KW1-S08_237_cg530_2  -            415   1.6e-38  127.2   0.0   1   1   8.5e-41   2.7e-38  126.4   0.0    12   158   224   368   222   370 0.98 -
GT5.hmm              -            472 KW1-S08_237_cg530_2  -            415     1e-18   62.5   0.0   1   1   4.6e-21   1.5e-18   62.0   0.0   295   466   224   389   220   393 0.85 -
GT2_Glycos_transf_2.hmm PF00535.25   170 KW1-S08_237_cg541_3  -            541   1.1e-23   79.2   0.0   1   1   3.2e-26   2.1e-23   78.3   0.0     2   164    47   205    46   209 0.96 Glycosyl transferase family 2
GT4.hmm              -            160 KW1-S08_237_cg546_3  -            568     7e-31  102.4   0.0   1   1   1.8e-33   1.1e-30  101.7   0.0    10   150   230   379   223   388 0.91 -
GT4.hmm              -            160 KW1-S08_237_cg551_2  -            389   4.4e-15   51.0   0.0   1   1   1.4e-17   8.8e-15   50.0   0.0    62   123   251   311   220   359 0.81 -
CE11.hmm             -            271 KW1-S08_237_cg553_5  -            438   1.6e-82  272.1   0.0   1   1   3.1e-85     2e-82  271.8   0.0     1   270     4   276     4   277 0.97 -
GT30.hmm             -            177 KW1-S08_237_cg555_5  -            378   3.2e-55  181.6   0.3   1   1   1.1e-57     7e-55  180.5   0.1     2   176    33   213    32   214 0.95 -
GT2_Glycos_transf_2.hmm PF00535.25   170 KW1-S08_237_cg557_13 -            387   1.8e-32  107.8   0.0   1   1   4.1e-35   2.6e-32  107.3   0.0     1   166    56   223    56   226 0.95 Glycosyl transferase family 2
GT4.hmm                 -            160 KW1-S08_237_cg560_2  -            794   1.1e-29   98.5   0.0   1   1   1.2e-31   1.9e-29   97.7   0.0     6   159   482   638   478   639 0.94 -
GT2_Glycos_transf_2.hmm PF00535.25   170 KW1-S08_237_cg560_2  -            794     6e-27   89.8   0.0   1   1   6.5e-29     1e-26   89.0   0.0     1   148    35   188    35   206 0.81 Glycosyl transferase family 2
GT5.hmm                 -            472 KW1-S08_237_cg560_2  -            794   4.3e-21   70.3   0.0   1   1   1.5e-22   2.4e-20   67.9   0.0   248   470   448   662   410   664 0.86 -
GH33.hmm             -            342 KW1-S08_237_cg562_3  -            376   2.8e-40  133.9   0.0   1   1   5.7e-43   3.7e-40  133.5   0.0    14   329    68   359    57   368 0.84 -
GT4.hmm              -            160 KW1-S08_237_cg565_2  -            390   6.5e-28   92.7   0.0   1   1   1.7e-30   1.1e-27   92.0   0.0     3   159   198   354   196   355 0.97 -
CE4.hmm              -            130 KW1-S08_237_cg574_3  -            310   1.4e-22   75.5   0.0   1   1     8e-25   5.1e-22   73.8   0.0    20   127    64   175    34   177 0.84 -
GT2_Glycos_transf_2.hmm PF00535.25   170 KW1-S08_237_cg586_3  -            157   1.4e-29   98.4   0.0   1   1   2.6e-32   1.7e-29   98.1   0.0     1   132    13   147    13   156 0.93 Glycosyl transferase family 2
GH10.hmm             -            303 KW1-S08_237_cg597_5  -            477   1.4e-17   59.2   0.0   1   1   3.1e-20     2e-17   58.7   0.0     9   266   171   441   165   449 0.85 -
CBM51.hmm            -            134 KW1-S08_237_cg598_4  -            430   7.5e-38  125.0   0.0   1   1   1.8e-40   1.2e-37  124.4   0.0    13   134   297   418   280   418 0.92 -
GT4.hmm              -            160 KW1-S08_237_cg605_4  -            411   9.5e-36  118.2   0.0   1   1   4.1e-38   1.3e-35  117.7   0.0     6   157   217   366   212   369 0.93 -
GT5.hmm              -            472 KW1-S08_237_cg605_4  -            411   5.3e-17   56.9   0.0   1   1   2.3e-19   7.2e-17   56.4   0.0   198   471   155   393   125   394 0.84 -
GT81.hmm                -            293 KW1-S08_237_cg613_2  -            313   6.1e-23   76.4   0.4   1   1   2.7e-25   8.6e-23   75.9   0.4    18   214     6   187     2   202 0.87 -
GT2_Glycos_transf_2.hmm PF00535.25   170 KW1-S08_237_cg613_2  -            313   1.1e-18   62.9   0.4   1   1   4.9e-21   1.6e-18   62.4   0.4     2   165    13   165    12   169 0.86 Glycosyl transferase family 2
GT9.hmm              -            225 KW1-S08_237_cg622_4  -            145   4.5e-34  113.6   0.6   1   1   9.5e-37   6.1e-34  113.2   0.6   122   222     4   114     2   117 0.89 -
#
# Program:         hmmscan
# Version:         3.3.1 (Jul 2020)
# Pipeline mode:   SCAN
# Query file:      /beegfs/home/lxd/2_sea_metagenomics/6.metabat2/bins_redup_refinem_drep/derep_70_10/derepbins_prodigal/KW1-S08_237.proteins.faa
# Target file:     /beegfs/home/lxd/4_salt_metagenomics/tools/CAZy/dbCAN-HMMdb-V8.txt
# Option settings: hmmscan --tblout KW1-S08_237.tbl --domtblout KW1-S08_237_dom.tbl --acc --noali --notextw -E 1e-14 --domE 1e-14 --cpu 30 /beegfs/home/lxd/4_salt_metagenomics/tools/CAZy/dbCAN-HMMdb-V8.txt /beegfs/home/lxd/2_sea_metagenomics/6.metabat2/bins_redup_refinem_drep/derep_70_10/derepbins_prodigal/KW1-S08_237.proteins.faa 
# Current dir:     /beegfs/home/lxd/2_sea_metagenomics/6.metabat2/bins_redup_refinem_drep/derep_70_10/derepbins_cazy
# Date:            Thu Mar  4 13:16:04 2021
# [ok]
