#                                                                            --- full sequence --- -------------- this domain -------------   hmm coord   ali coord   env coord
# target name        accession   tlen query name           accession   qlen   E-value  score  bias   #  of  c-Evalue  i-Evalue  score  bias  from    to  from    to  from    to  acc description of target
#------------------- ---------- ----- -------------------- ---------- ----- --------- ------ ----- --- --- --------- --------- ------ ----- ----- ----- ----- ----- ----- ----- ---- ---------------------
GT2_Glycos_transf_2.hmm PF00535.25   170 KW1-S15_31_cg4_2     -            264   6.1e-31  102.8   0.3   1   1     5e-33   1.6e-30  101.4   0.0    12   169    42   194    37   195 0.89 Glycosyl transferase family 2
GT2_Glyco_tranf_2_3.hmm PF13641.5    230 KW1-S15_31_cg4_2     -            264   2.5e-19   65.4   0.5   1   1   1.1e-21   3.4e-19   64.9   0.5    15   195    41   216    35   253 0.87 Glycosyltransferase like family 2
GT4.hmm              -            160 KW1-S15_31_cg6_2     -            390   3.4e-33  109.9   0.0   1   1   3.6e-35   1.2e-32  108.2   0.0     6   159   203   357   200   358 0.95 -
GT5.hmm              -            472 KW1-S15_31_cg6_2     -            390   1.2e-23   78.7   0.0   1   1   6.5e-25   2.1e-22   74.7   0.0   285   471   200   382   172   383 0.85 -
GH35.hmm             -            307 KW1-S15_31_cg9_1     -            935   1.8e-70  233.2   0.0   1   1     4e-73   2.5e-70  232.7   0.0     1   305    11   325    11   327 0.91 -
GT19.hmm             -            354 KW1-S15_31_cg27_2    -            405   3.3e-85  281.1   0.0   1   1   6.2e-88     4e-85  280.8   0.0     1   347    30   376    30   381 0.94 -
GH113.hmm            -            306 KW1-S15_31_cg27_3    -            380   1.6e-67  222.9   0.0   1   1   3.2e-70   2.1e-67  222.6   0.0    24   305    77   363    71   364 0.96 -
GT2_Glycos_transf_2.hmm PF00535.25   170 KW1-S15_31_cg29_4    -            277   2.7e-29   97.5   0.0   1   1   1.3e-31   4.2e-29   96.8   0.0     1   165    17   182    17   185 0.92 Glycosyl transferase family 2
GT2_Glyco_tranf_2_3.hmm PF13641.5    230 KW1-S15_31_cg29_4    -            277   9.7e-17   56.9   0.1   1   1   4.2e-19   1.3e-16   56.4   0.1     4   173    16   184    13   219 0.77 Glycosyltransferase like family 2
GT30.hmm             -            177 KW1-S15_31_cg35_1    -            416   1.6e-51  169.6   0.0   1   1   3.6e-54   2.3e-51  169.1   0.0     3   176    34   212    32   213 0.96 -
CE4.hmm              -            130 KW1-S15_31_cg40_5    -            291   1.9e-23   78.4   0.0   1   1     5e-26   3.2e-23   77.6   0.0    22   126    43   152     5   155 0.89 -
AA1.hmm              -            943 KW1-S15_31_cg57_4    -            563   2.7e-39  130.4   9.2   1   1   3.4e-33   7.2e-31  102.5   4.9   450   553   141   256    85   286 0.77 -
AA1_3.hmm            -            312 KW1-S15_31_cg57_4    -            563   4.1e-19   64.2   1.9   1   1   2.2e-20   4.7e-18   60.7   0.1     5   144   115   251   110   257 0.83 -
AA1_2.hmm            -            337 KW1-S15_31_cg57_4    -            563   2.4e-15   51.7   2.8   1   1   2.2e-15   4.7e-13   44.1   0.5     6   109   147   246   144   251 0.89 -
GT41.hmm             -            705 KW1-S15_31_cg58_11   -            508   3.3e-41  136.8  10.9   1   3   2.2e-15   1.4e-12   42.2   0.0    73   191    82   191    69   197 0.86 -
GT41.hmm             -            705 KW1-S15_31_cg58_11   -            508   3.3e-41  136.8  10.9   2   3   5.4e-15   3.5e-12   40.9   0.1    62   191   292   411   279   414 0.90 -
GT41.hmm             -            705 KW1-S15_31_cg58_11   -            508   3.3e-41  136.8  10.9   3   3   5.4e-19   3.5e-16   54.1   0.7    79   191   377   479   375   498 0.91 -
CE11.hmm             -            271 KW1-S15_31_cg66_9    -            455   5.2e-82  270.5   0.0   1   1     1e-84   6.6e-82  270.1   0.0     1   270    21   293    21   294 0.98 -
GT4.hmm              -            160 KW1-S15_31_cg78_2    -            394   3.3e-40  132.7   0.0   1   1   1.5e-42   4.9e-40  132.1   0.0    12   159   205   349   198   350 0.98 -
GT5.hmm              -            472 KW1-S15_31_cg78_2    -            394   2.7e-21   71.0   0.0   1   1   1.6e-22   5.2e-20   66.8   0.0   277   471   189   373   172   374 0.85 -
GT9.hmm              -            225 KW1-S15_31_cg82_5    -            377     1e-52  174.6   0.0   1   1   2.3e-55   1.5e-52  174.1   0.0     4   202    82   308    79   322 0.87 -
CE1.hmm              -            227 KW1-S15_31_cg110_1   -            357   1.3e-22   75.9   0.2   1   1   3.2e-25   2.1e-22   75.3   0.2     7   137   196   329   192   349 0.89 -
GT2_Glycos_transf_2.hmm PF00535.25   170 KW1-S15_31_cg129_2   -            264   2.2e-27   91.2   0.0   1   1   5.1e-30   3.3e-27   90.7   0.0     4   168    12   173    10   175 0.97 Glycosyl transferase family 2
GT41.hmm             -            705 KW1-S15_31_cg132_2   -            397   7.4e-37  122.5   1.4   1   2   5.8e-20   3.7e-17   57.4   0.1    64   191    74   226    63   271 0.88 -
GT41.hmm             -            705 KW1-S15_31_cg132_2   -            397   7.4e-37  122.5   1.4   2   2   5.9e-22   3.8e-19   63.9   0.3    85   191   282   378   249   388 0.88 -
GT4.hmm              -            160 KW1-S15_31_cg136_1   -            185   1.6e-25   84.9   0.0   1   1   6.4e-28     2e-25   84.6   0.0    20   159     2   146     1   147 0.95 -
GT5.hmm              -            472 KW1-S15_31_cg136_1   -            185   2.5e-15   51.3   0.0   1   1   8.6e-18   2.8e-15   51.2   0.0   303   437     2   137     1   166 0.90 -
GT41.hmm             -            705 KW1-S15_31_cg148_4   -            547   1.8e-40  134.5  18.6   1   1   1.6e-18     1e-15   52.6   0.8    77   191   270   373   252   375 0.82 -
GT9.hmm              -            225 KW1-S15_31_cg159_1   -            248   4.7e-41  136.4   0.3   1   1   9.2e-44   5.9e-41  136.1   0.3    53   199    22   184     3   215 0.80 -
GT2_Glycos_transf_2.hmm PF00535.25   170 KW1-S15_31_cg159_4   -            279   2.5e-27   91.0   0.0   1   1     6e-30   3.8e-27   90.4   0.0     1   133     6   138     6   166 0.87 Glycosyl transferase family 2
GT4.hmm              -            160 KW1-S15_31_cg164_12  -            388   7.5e-31  102.3   0.0   1   1   3.4e-33   1.1e-30  101.7   0.0     4   159   200   355   197   356 0.97 -
GT5.hmm              -            472 KW1-S15_31_cg164_12  -            388   2.1e-16   54.9   0.3   1   1   6.3e-16     2e-13   45.1   0.0   277   470   192   379   170   381 0.90 -
CE14.hmm             -            124 KW1-S15_31_cg164_13  -            232   1.3e-22   76.2   0.2   1   1   3.3e-25   2.1e-22   75.5   0.2     1   124     5   109     5   109 0.96 -
GT83.hmm             -            540 KW1-S15_31_cg184_4   -            535   1.9e-22   74.8  44.3   1   1     3e-25   1.9e-22   74.8  44.3    83   371   105   397    93   429 0.69 -
CBM50.hmm            -             40 KW1-S15_31_cg190_7   -            316     8e-27   88.7   0.1   1   1   3.8e-17   2.4e-14   48.7   0.0     1    40   190   236   190   236 0.88 -
GT28.hmm             -            157 KW1-S15_31_cg228_2   -            400   1.3e-40  134.0   0.0   1   1   1.2e-42   7.8e-40  131.5   0.0     1   152   198   358   198   363 0.92 -
GT2_Glycos_transf_2.hmm PF00535.25   170 KW1-S15_31_cg237_9   -            252   5.3e-20   67.2   0.0   1   1   1.2e-22   7.8e-20   66.7   0.0     2   120     5   122     4   191 0.87 Glycosyl transferase family 2
GT41.hmm             -            705 KW1-S15_31_cg240_3   -            644   4.3e-17   57.1   2.1   1   1   8.5e-15   5.4e-12   40.3   0.5    53   206   407   545   353   602 0.67 -
CE10.hmm             -            341 KW1-S15_31_cg260_2   -            775     7e-21   70.5   0.6   1   1     2e-23   1.3e-20   69.6   0.6    76   336   511   760   479   762 0.84 -
GT2_Glyco_tranf_2_3.hmm PF13641.5    230 KW1-S15_31_cg288_2   -            541   9.9e-33  109.2   0.5   1   1   8.2e-35   1.3e-32  108.8   0.5     1   227    93   320    93   323 0.90 Glycosyltransferase like family 2
GT2_Glycos_transf_2.hmm PF00535.25   170 KW1-S15_31_cg288_2   -            541   2.6e-24   81.2   0.0   1   1   2.3e-26   3.7e-24   80.7   0.0     3   132    98   232    96   267 0.86 Glycosyl transferase family 2
GT2_Glyco_trans_2_3.hmm PF13632.5    197 KW1-S15_31_cg288_2   -            541   9.3e-24   79.7   1.0   1   1   5.8e-26   9.3e-24   79.7   1.0     2   184   183   386   182   403 0.80 Glycosyl transferase family group 2
GT21.hmm                -            233 KW1-S15_31_cg288_2   -            541   2.6e-16   55.1   0.0   1   1   2.5e-18     4e-16   54.5   0.0     1   231    93   322    93   323 0.92 -
AA7.hmm              -            458 KW1-S15_31_cg294_2   -            846   1.7e-20   69.4   7.6   1   1   5.7e-19   3.7e-16   55.1   7.6    12   149    55   195    51   203 0.90 -
GT2_Glycos_transf_2.hmm PF00535.25   170 KW1-S15_31_cg309_8   -            508   2.4e-25   84.6   0.0   1   1   6.6e-28   4.2e-25   83.8   0.0     1   128   273   399   273   438 0.87 Glycosyl transferase family 2
GH130.hmm            -            296 KW1-S15_31_cg315_6   -            334  8.3e-105  345.2   0.0   1   1  1.5e-107  9.5e-105  345.0   0.0     2   295    13   312    12   313 0.96 -
GT4.hmm              -            160 KW1-S15_31_cg315_7   -            688   6.6e-17   57.0   0.0   1   1   1.9e-19   1.2e-16   56.1   0.0     6   159   113   278   108   279 0.89 -
GH102.hmm            -            157 KW1-S15_31_cg330_4   -            416   2.2e-33  110.8   0.0   1   1   5.4e-36   3.4e-33  110.2   0.0     2   156   152   301   151   302 0.93 -
AA5.hmm              -           1281 KW1-S15_31_cg340_2   -            529  5.6e-124  410.3   3.9   1   1  3.5e-126  7.4e-124  409.9   3.9   556  1026    30   475    16   480 0.94 -
AA5_2.hmm            -            588 KW1-S15_31_cg340_2   -            529   1.2e-62  207.6   0.0   1   2     1e-16   2.2e-14   48.2   0.0   114   251    31   167    14   187 0.83 -
AA5_2.hmm            -            588 KW1-S15_31_cg340_2   -            529   1.2e-62  207.6   0.0   2   2   1.3e-49   2.8e-47  156.8   0.1   363   587   261   472   236   473 0.91 -
AA5_1.hmm            -            563 KW1-S15_31_cg340_2   -            529   1.6e-47  157.1   0.1   1   1   4.1e-49   8.8e-47  154.7   0.1    50   547    71   479    57   491 0.86 -
GH97.hmm             -            631 KW1-S15_31_cg345_2   -            448  2.1e-170  563.1   0.0   1   1  3.7e-173  2.4e-170  563.0   0.0   220   630     3   443     1   444 0.99 -
GH10.hmm             -            303 KW1-S15_31_cg346_7   -            504   9.8e-20   66.2   0.0   1   1   2.1e-22   1.3e-19   65.8   0.0    13   301   175   477   168   479 0.80 -
#
# Program:         hmmscan
# Version:         3.3.1 (Jul 2020)
# Pipeline mode:   SCAN
# Query file:      /beegfs/home/lxd/2_sea_metagenomics/6.metabat2/bins_redup_refinem_drep/derep_70_10/derepbins_prodigal/KW1-S15_31.proteins.faa
# Target file:     /beegfs/home/lxd/4_salt_metagenomics/tools/CAZy/dbCAN-HMMdb-V8.txt
# Option settings: hmmscan --tblout KW1-S15_31.tbl --domtblout KW1-S15_31_dom.tbl --acc --noali --notextw -E 1e-14 --domE 1e-14 --cpu 30 /beegfs/home/lxd/4_salt_metagenomics/tools/CAZy/dbCAN-HMMdb-V8.txt /beegfs/home/lxd/2_sea_metagenomics/6.metabat2/bins_redup_refinem_drep/derep_70_10/derepbins_prodigal/KW1-S15_31.proteins.faa 
# Current dir:     /beegfs/home/lxd/2_sea_metagenomics/6.metabat2/bins_redup_refinem_drep/derep_70_10/derepbins_cazy
# Date:            Thu Mar  4 17:26:13 2021
# [ok]
