#                                                                            --- full sequence --- -------------- this domain -------------   hmm coord   ali coord   env coord
# target name        accession   tlen query name           accession   qlen   E-value  score  bias   #  of  c-Evalue  i-Evalue  score  bias  from    to  from    to  from    to  acc description of target
#------------------- ---------- ----- -------------------- ---------- ----- --------- ------ ----- --- --- --------- --------- ------ ----- ----- ----- ----- ----- ----- ----- ---- ---------------------
AA1.hmm              -            943 KW1-S08_222_cg5_5    -            381   6.6e-34  112.5   8.7   1   1   3.3e-32   7.1e-30   99.2   3.7   450   553   109   234    66   264 0.78 -
AA1_3.hmm            -            312 KW1-S08_222_cg5_5    -            381   1.7e-25   85.2   2.9   1   1   9.3e-27     2e-24   81.6   0.3     7   164    93   250    86   308 0.82 -
AA1_2.hmm            -            337 KW1-S08_222_cg5_5    -            381   2.2e-19   64.9   1.6   1   1   7.6e-19   1.6e-16   55.5   0.3     6   114   123   230   120   258 0.88 -
GH13_9.hmm           -            301 KW1-S08_222_cg5_10   -            627  2.6e-138  455.5   0.0   1   1  5.2e-140  3.3e-138  455.2   0.0     1   301   182   480   182   480 0.99 -
GH13_8.hmm           -            293 KW1-S08_222_cg5_10   -            627   2.2e-40  134.0   0.0   1   1     5e-42   3.2e-40  133.4   0.0     1   247   205   445   205   459 0.87 -
GH13_10.hmm          -            313 KW1-S08_222_cg5_10   -            627   4.9e-40  133.1   0.1   1   1   3.8e-40   2.4e-38  127.5   0.0     7   234   173   423   167   445 0.84 -
GH13.hmm             -            299 KW1-S08_222_cg5_10   -            627   2.1e-30  102.3   3.5   1   1   3.3e-32   2.1e-30  102.3   3.5    22   293   181   484   167   489 0.67 -
GH13_3.hmm           -            210 KW1-S08_222_cg5_10   -            627   5.4e-28   93.2   0.2   1   1   1.4e-29   8.9e-28   92.5   0.2     5   208   181   398   177   400 0.90 -
GH13_11.hmm          -            351 KW1-S08_222_cg5_10   -            627     1e-21   72.9   0.1   1   1   3.8e-23   2.5e-21   71.6   0.1     4   176   173   325   171   414 0.78 -
GH13_14.hmm          -            289 KW1-S08_222_cg5_10   -            627   2.1e-19   65.2   0.0   1   1   4.6e-21   2.9e-19   64.7   0.0     1   154   181   318   181   378 0.92 -
CBM48.hmm            -             76 KW1-S08_222_cg5_10   -            627   4.7e-18   60.9   0.1   1   1   1.9e-19   1.2e-17   59.5   0.1     2    70    23   107    22   112 0.83 -
GH13_37.hmm          -            320 KW1-S08_222_cg5_10   -            627   6.2e-15   50.2   0.3   1   1   4.4e-16   2.8e-14   48.0   0.2    53   158   169   318    55   332 0.78 -
GH13_11.hmm          -            351 KW1-S08_222_cg5_11   -            500  3.1e-131  433.0   0.0   1   1  8.4e-133  4.5e-131  432.5   0.0     1   334   175   500   175   500 0.96 -
GH13_14.hmm          -            289 KW1-S08_222_cg5_11   -            500   1.5e-46  154.2   0.0   1   1   4.2e-48   2.2e-46  153.7   0.0     3   269   189   454   187   473 0.78 -
GH13.hmm             -            299 KW1-S08_222_cg5_11   -            500   1.9e-44  148.3   0.2   1   1   5.2e-46   2.8e-44  147.8   0.2    12   259   175   452   162   476 0.85 -
GH13_10.hmm          -            313 KW1-S08_222_cg5_11   -            500   6.3e-40  132.7   0.0   1   1   2.9e-41   1.5e-39  131.4   0.0     3   212   174   409   173   418 0.82 -
GH13_13.hmm          -            361 KW1-S08_222_cg5_11   -            500   1.4e-35  118.3   0.1   1   1   1.4e-33   7.4e-32  106.0   0.0     5   186   190   347   188   419 0.76 -
GH13_41.hmm          -            294 KW1-S08_222_cg5_11   -            500     9e-32  105.9   0.0   1   1   2.3e-33   1.2e-31  105.5   0.0    10   268   187   455   176   462 0.77 -
GH13_12.hmm          -            284 KW1-S08_222_cg5_11   -            500   4.4e-28   94.0   0.0   1   1   1.9e-29   9.9e-28   92.8   0.0    13   262   190   448   184   461 0.72 -
GH13_37.hmm          -            320 KW1-S08_222_cg5_11   -            500   3.2e-27   90.5   0.1   1   1   2.1e-26   1.1e-24   82.1   0.0     5   161   172   347   170   418 0.79 -
GH13_32.hmm          -            269 KW1-S08_222_cg5_11   -            500   2.5e-26   88.1   0.0   1   1   1.7e-26   9.3e-25   82.9   0.0     1   262   194   457   194   461 0.72 -
GH13_9.hmm           -            301 KW1-S08_222_cg5_11   -            500   8.8e-25   82.8   0.0   1   1   2.3e-26   1.2e-24   82.3   0.0     2   144   189   350   188   365 0.87 -
GH13_28.hmm          -            266 KW1-S08_222_cg5_11   -            500   5.4e-21   70.3   0.0   1   1   4.1e-22   2.2e-20   68.3   0.0    13   163   190   343   185   373 0.78 -
CBM48.hmm            -             76 KW1-S08_222_cg5_11   -            500   9.7e-18   59.9   0.2   1   1     4e-19   2.2e-17   58.8   0.2     2    71    10   102     9   108 0.83 -
GT35.hmm             -            674 KW1-S08_222_cg23_4   -            680  3.6e-115  381.2   0.0   1   2   2.7e-15   1.7e-12   41.9   0.1    20    69    99   150    93   158 0.88 -
GT35.hmm             -            674 KW1-S08_222_cg23_4   -            680  3.6e-115  381.2   0.0   2   2  1.3e-103  8.4e-101  333.7   0.0   208   553   245   591   213   620 0.91 -
CE10.hmm             -            341 KW1-S08_222_cg29_6   -            691   2.6e-22   75.1   0.1   1   1   6.2e-25   3.9e-22   74.6   0.1    87   316   442   660   387   673 0.83 -
GT41.hmm             -            705 KW1-S08_222_cg36_3   -            661   5.8e-18   60.0   2.6   1   1   2.6e-16   1.7e-13   45.3   0.2    19   190   482   643   462   646 0.86 -
AA3.hmm              -            618 KW1-S08_222_cg36_5   -            553   2.9e-55  183.0   0.0   1   1   2.3e-57   3.7e-55  182.7   0.0    86   399     7   545     3   551 0.77 -
AA3_2.hmm            -            568 KW1-S08_222_cg36_5   -            553   3.1e-27   90.8   0.3   1   1   3.1e-16   4.9e-14   47.2   0.1     3   280    11   301     9   301 0.71 -
PL22.hmm             -            265 KW1-S08_222_cg39_7   -            302   1.3e-29   98.5   0.2   1   1   3.9e-18   1.2e-15   52.7   0.0    58   183   132   247   128   249 0.91 -
CE4.hmm              -            130 KW1-S08_222_cg50_3   -            293   3.5e-22   74.3   0.0   1   1   9.2e-25   5.9e-22   73.5   0.0    23   126    38   145    21   148 0.85 -
GT2_Glyco_tranf_2_3.hmm PF13641.5    230 KW1-S08_222_cg50_5   -            375   2.5e-23   78.5   0.0   1   1   1.1e-25   3.4e-23   78.0   0.0     2   230    44   264    44   264 0.86 Glycosyltransferase like family 2
GT2_Glycos_transf_2.hmm PF00535.25   170 KW1-S08_222_cg50_5   -            375   3.5e-23   77.5   0.0   1   1   1.6e-25   5.1e-23   77.0   0.0     1   144    47   186    47   208 0.83 Glycosyl transferase family 2
AA3.hmm              -            618 KW1-S08_222_cg59_6   -            579   9.7e-60  197.8   0.0   1   1   9.8e-62   1.3e-59  197.5   0.0    86   404     6   573     3   576 0.80 -
AA3_2.hmm            -            568 KW1-S08_222_cg59_6   -            579   5.5e-31  103.1   0.0   1   1   1.2e-21   1.6e-19   65.3   0.0     3   280    10   300     8   301 0.84 -
AA3_4.hmm            -            549 KW1-S08_222_cg59_6   -            579   2.9e-23   77.7   0.2   1   1   1.1e-16   1.5e-14   48.9   0.0   417   547   434   568   424   570 0.93 -
GT4.hmm              -            160 KW1-S08_222_cg70_7   -            402   1.7e-18   62.1   0.0   1   1   6.7e-21   4.3e-18   60.8   0.0     7   149   193   337   189   346 0.94 -
CBM50.hmm            -             40 KW1-S08_222_cg72_3   -            251   1.9e-21   71.5   0.0   1   1   1.7e-15   1.1e-12   43.5   0.0     1    40    93   135    93   135 0.90 -
GH13_19.hmm          -            360 KW1-S08_222_cg72_10  -            488     6e-59  195.2   0.0   1   2   2.3e-21   4.8e-19   63.9   0.0     1   103    74   165    74   194 0.89 -
GH13_19.hmm          -            360 KW1-S08_222_cg72_10  -            488     6e-59  195.2   0.0   2   2   1.9e-41     4e-39  130.0   0.0   181   360   174   359   168   359 0.92 -
GH13.hmm             -            299 KW1-S08_222_cg72_10  -            488   5.1e-22   74.7   0.0   1   1   7.1e-24   1.5e-21   73.2   0.0    11   288    72   360    68   362 0.68 -
GH13_36.hmm          -            314 KW1-S08_222_cg72_10  -            488   7.4e-18   60.2   0.0   1   1   2.6e-16   5.5e-14   47.5   0.0     1    72    74   151    74   156 0.89 -
GH74.hmm             -            233 KW1-S08_222_cg77_4   -            874   7.6e-63  207.3   4.4   1   1   1.1e-16   7.4e-14   47.0   1.2    47   110   148   214   144   219 0.91 -
GT2_Glyco_tranf_2_3.hmm PF13641.5    230 KW1-S08_222_cg89_4   -            516     2e-38  127.8   0.0   1   1   1.6e-40   2.6e-38  127.5   0.0     1   230   146   372   146   372 0.92 Glycosyltransferase like family 2
GT2_Glycos_transf_2.hmm PF00535.25   170 KW1-S08_222_cg89_4   -            516     3e-33  110.3   0.0   1   1   3.1e-35     5e-33  109.6   0.0     1   165   149   314   149   317 0.89 Glycosyl transferase family 2
GT2_Glyco_trans_2_3.hmm PF13632.5    197 KW1-S08_222_cg89_4   -            516   4.4e-29   97.1   1.0   1   1   2.7e-31   4.4e-29   97.1   1.0     5   184   236   436   232   450 0.75 Glycosyl transferase family group 2
GT21.hmm                -            233 KW1-S08_222_cg89_4   -            516   1.2e-18   62.7   0.0   1   1   9.7e-21   1.6e-18   62.4   0.0     1   231   146   371   146   373 0.95 -
GT2_Glycos_transf_2.hmm PF00535.25   170 KW1-S08_222_cg93_2   -            321   1.5e-31  104.8   0.0   1   1   3.7e-34   2.4e-31  104.1   0.0     1   168     7   168     7   169 0.93 Glycosyl transferase family 2
GT94.hmm             -            283 KW1-S08_222_cg93_3   -            383   1.9e-21   71.5   0.0   1   1   8.8e-24   2.8e-21   70.9   0.0    34   231   116   324   110   357 0.83 -
GT4.hmm              -            160 KW1-S08_222_cg93_3   -            383   3.2e-20   67.7   0.0   1   1   4.1e-22   1.3e-19   65.7   0.0     4   150   200   346   197   352 0.90 -
GT41.hmm             -            705 KW1-S08_222_cg95_6   -            471   6.5e-57  188.8   1.5   1   2   3.8e-22   2.5e-19   64.6   0.0    53   191   143   271   133   274 0.75 -
GT41.hmm             -            705 KW1-S08_222_cg95_6   -            471   6.5e-57  188.8   1.5   2   2   9.9e-17   6.3e-14   46.7   0.3    80   191   340   441   337   463 0.93 -
CE1.hmm              -            227 KW1-S08_222_cg103_2  -            859   4.5e-15   51.3   0.8   1   1   1.5e-17   9.7e-15   50.2   0.8    15   209   605   821   600   834 0.65 -
GT41.hmm             -            705 KW1-S08_222_cg114_8  -            404   7.3e-19   63.0   7.6   1   1   2.6e-16   1.6e-13   45.3   1.1    38   191   107   250    71   251 0.86 -
AA3.hmm              -            618 KW1-S08_222_cg120_7  -            553   9.6e-54  178.0   0.0   1   1   7.8e-56   1.2e-53  177.7   0.0    86   401    12   547     3   551 0.79 -
GT2_Glycos_transf_2.hmm PF00535.25   170 KW1-S08_222_cg121_3  -            359   8.3e-30   99.1   0.0   1   1   5.6e-32   1.2e-29   98.6   0.0     1   166    23   198    23   202 0.84 Glycosyl transferase family 2
GT27.hmm                -            295 KW1-S08_222_cg121_3  -            359     1e-23   79.3   0.0   1   1   6.2e-26   1.3e-23   79.0   0.0     1   235    23   250    23   274 0.80 -
GT2_Glyco_tranf_2_3.hmm PF13641.5    230 KW1-S08_222_cg121_3  -            359   2.9e-18   61.9   0.0   1   1   2.2e-20   4.7e-18   61.2   0.0     4   224    22   251    19   252 0.83 Glycosyltransferase like family 2
AA1.hmm              -            943 KW1-S08_222_cg122_2  -            478   3.5e-27   90.3   1.0   1   1   2.2e-20   1.4e-17   58.5   0.0   450   593    70   228    40   231 0.79 -
GH109.hmm            -            126 KW1-S08_222_cg126_4  -            471   1.4e-16   56.3   0.6   1   1   1.8e-18   1.1e-15   53.4   0.6     1   123    52   189    52   192 0.79 -
GH109.hmm            -            126 KW1-S08_222_cg126_6  -            423   8.9e-19   63.4   0.0   1   1   2.8e-21   1.8e-18   62.5   0.0     1   122    48   160    48   164 0.93 -
GH23.hmm             -            135 KW1-S08_222_cg131_1  -            324   6.8e-26   86.7   0.4   1   1   1.9e-28   1.2e-25   85.9   0.4     2   104   210   315   209   323 0.95 -
CBM50.hmm            -             40 KW1-S08_222_cg133_1  -            490   2.1e-56  183.4  11.7   1   3   2.2e-16   6.9e-14   47.3   0.1     1    40   223   265   223   265 0.94 -
CBM50.hmm            -             40 KW1-S08_222_cg133_1  -            490   2.1e-56  183.4  11.7   2   3   1.2e-17   3.8e-15   51.3   0.6     1    39   394   435   394   435 0.94 -
CBM50.hmm            -             40 KW1-S08_222_cg133_1  -            490   2.1e-56  183.4  11.7   3   3   6.4e-17     2e-14   49.0   0.3     1    39   446   487   446   487 0.93 -
GH23.hmm             -            135 KW1-S08_222_cg133_1  -            490   2.9e-26   87.9   0.7   1   1   2.1e-28   6.8e-26   86.7   0.7    16   120     2   126     1   141 0.94 -
GH95.hmm             -            722 KW1-S08_222_cg146_1  -            349    4e-118  390.9   0.0   1   1  7.4e-121  4.7e-118  390.7   0.0   421   714     1   311     1   316 0.97 -
GT2_Glyco_tranf_2_3.hmm PF13641.5    230 KW1-S08_222_cg149_3  -            511   1.3e-28   95.7   0.1   1   1   7.8e-31   1.7e-28   95.4   0.1     1   228    58   286    57   288 0.92 Glycosyltransferase like family 2
GT2_Glycos_transf_2.hmm PF00535.25   170 KW1-S08_222_cg149_3  -            511   5.3e-25   83.5   0.1   1   1   4.5e-27   9.6e-25   82.6   0.1     3   162    63   226    61   233 0.86 Glycosyl transferase family 2
GT2_Glyco_trans_2_3.hmm PF13632.5    197 KW1-S08_222_cg149_3  -            511   2.8e-21   71.6   6.5   1   1   6.5e-22   1.4e-19   66.1   6.5     2   180   148   336   147   491 0.81 Glycosyl transferase family group 2
CE1.hmm              -            227 KW1-S08_222_cg151_3  -            822   9.8e-15   50.2   0.3   1   1   3.7e-17   2.4e-14   48.9   0.3     8   220   559   794   554   799 0.70 -
GT41.hmm             -            705 KW1-S08_222_cg160_6  -            725   5.1e-23   76.7   0.6   1   1   6.3e-15     4e-12   40.7   0.0    69   191   461   608   445   608 0.92 -
AA3.hmm              -            618 KW1-S08_222_cg163_2  -            566   9.9e-47  154.9   0.0   1   1   5.6e-49   1.2e-46  154.6   0.0    84   400     3   557     1   564 0.74 -
GT4.hmm              -            160 KW1-S08_222_cg183_3  -            380   1.1e-39  131.0   0.0   1   1   5.3e-42   1.7e-39  130.4   0.0     7   159   196   353   191   354 0.94 -
GT5.hmm              -            472 KW1-S08_222_cg183_3  -            380   2.9e-18   61.0   0.0   1   1   1.7e-20   5.5e-18   60.1   0.0   279   437   188   344   166   377 0.77 -
AA7.hmm              -            458 KW1-S08_222_cg202_5  -            977   6.4e-18   60.9   0.3   1   1   1.7e-18   5.4e-16   54.5   1.2    12   149    40   180    36   188 0.91 -
AA4.hmm              -            522 KW1-S08_222_cg202_5  -            977     3e-17   57.7   0.0   1   1   2.8e-19     9e-17   56.1   0.0    51   191    40   179     5   192 0.87 -
GH3.hmm              -            216 KW1-S08_222_cg206_5  -            534   3.2e-52  172.5   0.0   1   1   7.1e-55   4.5e-52  172.0   0.0     4   215    65   292    62   293 0.92 -
CE10.hmm             -            341 KW1-S08_222_cg210_5  -            762   1.5e-15   52.9   0.1   1   1   4.5e-18   2.9e-15   52.0   0.1    84   312   522   742   476   759 0.74 -
GT2_Glycos_transf_2.hmm PF00535.25   170 KW1-S08_222_cg219_5  -            248   1.5e-25   85.3   0.0   1   1   3.2e-28     2e-25   84.8   0.0     2   167    12   177    11   179 0.91 Glycosyl transferase family 2
GH74.hmm             -            233 KW1-S08_222_cg220_4  -            839   7.7e-55  181.1  28.5   1   1   4.4e-17   2.8e-14   48.3   3.6    47   138   124   217   121   229 0.81 -
GT5.hmm              -            472 KW1-S08_222_cg222_2  -            486  1.1e-175  580.1   0.0   1   1  1.9e-178  1.2e-175  579.9   0.0     1   471     2   477     2   478 0.97 -
GH97.hmm             -            631 KW1-S08_222_cg239_3  -            791  1.9e-237  784.6   0.0   1   1  3.8e-240  2.4e-237  784.3   0.0     5   630    30   689    24   690 0.97 -
CE3.hmm              -            194 KW1-S08_222_cg244_6  -            238   1.8e-17   59.2   0.0   1   1     6e-19   3.9e-16   54.8   0.0     2   192    43   216    42   218 0.87 -
CE1.hmm              -            227 KW1-S08_222_cg247_2  -            314   2.1e-17   58.9   0.0   1   1   4.5e-20   2.9e-17   58.4   0.0     9   208    47   283    40   295 0.62 -
GT51.hmm             -            177 KW1-S08_222_cg264_4  -            781   1.6e-62  205.4   0.0   1   1     4e-65   2.6e-62  204.7   0.0     1   177   103   280   103   280 0.95 -
GT5.hmm              -            472 KW1-S08_222_cg268_1  -            254   5.2e-37  122.8   0.0   1   1     1e-39   6.5e-37  122.5   0.0     1   210     2   214     2   217 0.91 -
GH109.hmm            -            126 KW1-S08_222_cg290_6  -            342   1.3e-20   69.3   0.1   1   1   6.1e-23   3.9e-20   67.8   0.1     1   126     5   121     5   121 0.90 -
GT4.hmm              -            160 KW1-S08_222_cg296_3  -            358   4.2e-28   93.3   0.0   1   1   2.1e-30   6.6e-28   92.7   0.0     7   153   173   322   167   328 0.92 -
GT5.hmm              -            472 KW1-S08_222_cg296_3  -            358   7.1e-19   63.0   0.0   1   1   3.6e-21   1.1e-18   62.3   0.0   238   468   132   350   121   353 0.82 -
GT4.hmm              -            160 KW1-S08_222_cg296_4  -            336   4.5e-31  103.0   0.0   1   1   2.2e-33   7.1e-31  102.3   0.0     7   157   141   285   136   288 0.95 -
GT5.hmm              -            472 KW1-S08_222_cg296_4  -            336   9.5e-19   62.6   0.0   1   1   3.8e-21   1.2e-18   62.3   0.0   281   437   134   278   105   311 0.88 -
GT4.hmm              -            160 KW1-S08_222_cg300_1  -            362   5.5e-45  148.2   0.0   1   1     3e-47   9.5e-45  147.4   0.0     8   155   197   349   193   354 0.97 -
GT5.hmm              -            472 KW1-S08_222_cg300_1  -            362   7.2e-21   69.6   0.0   1   1   3.5e-23   1.1e-20   69.0   0.0   279   435   188   342   164   345 0.86 -
GH74.hmm             -            233 KW1-S08_222_cg314_4  -            390   5.1e-28   93.3  11.6   1   1   3.7e-15   2.4e-12   42.0   1.5    41   111    54   121    51   127 0.89 -
GT4.hmm              -            160 KW1-S08_222_cg323_4  -            383   7.2e-45  147.8   0.0   1   1   3.5e-47   1.1e-44  147.2   0.0     7   159   196   346   191   347 0.97 -
GT5.hmm              -            472 KW1-S08_222_cg323_4  -            383   1.3e-21   72.1   0.0   1   1   1.8e-20   5.6e-18   60.1   0.0   290   471   196   371   133   372 0.77 -
GT2_Glycos_transf_2.hmm PF00535.25   170 KW1-S08_222_cg332_1  -            659   5.6e-26   86.7   0.0   1   1     3e-28   9.6e-26   85.9   0.0     7   166     1   177     1   179 0.87 Glycosyl transferase family 2
GT2_Glyco_tranf_2_3.hmm PF13641.5    230 KW1-S08_222_cg332_1  -            659   5.1e-25   84.0   0.0   1   1   2.2e-27   7.2e-25   83.5   0.0    12   218     2   233     1   245 0.86 Glycosyltransferase like family 2
GH109.hmm            -            126 KW1-S08_222_cg339_2  -            350   1.2e-17   59.8   0.0   1   1   3.4e-20   2.2e-17   59.0   0.0     1   114     2   106     2   118 0.90 -
GT28.hmm             -            157 KW1-S08_222_cg345_5  -            361   5.6e-44  144.9   0.0   1   1   1.6e-46     1e-43  144.1   0.0     2   157   185   343   184   343 0.95 -
GH74.hmm             -            233 KW1-S08_222_cg346_4  -            554   1.9e-17   58.7   6.2   1   1   7.5e-16   4.8e-13   44.3   0.5    45   139   109   210    80   212 0.88 -
GT4.hmm              -            160 KW1-S08_222_cg348_2  -            411   1.2e-30  101.6   0.0   1   1   6.5e-33   2.1e-30  100.8   0.0     7   157   216   360   211   363 0.95 -
GT5.hmm              -            472 KW1-S08_222_cg348_2  -            411   4.5e-18   60.4   0.0   1   1   1.8e-20   5.9e-18   60.0   0.0   281   459   209   374   184   387 0.84 -
CBM9.hmm             -            182 KW1-S08_222_cg370_1  -            472   1.2e-18   63.2   0.2   1   1   2.8e-21   1.8e-18   62.6   0.2     1   164    62   228    62   236 0.82 -
PL35.hmm             -            179 KW1-S08_222_cg374_1  -            304   1.6e-18   62.5   0.1   1   1   1.3e-20   2.7e-18   61.8   0.1    11   168    29   192    20   201 0.86 -
PL33_2.hmm           -            151 KW1-S08_222_cg374_1  -            304   3.2e-17   57.9   0.1   1   1   6.2e-19   1.3e-16   55.9   0.1    11   129    32   168    23   182 0.76 -
PL33.hmm             -            159 KW1-S08_222_cg374_1  -            304   3.9e-17   57.4   0.1   1   1   4.2e-19   8.9e-17   56.2   0.1    13   118    31   147    19   187 0.78 -
GT2_Glycos_transf_2.hmm PF00535.25   170 KW1-S08_222_cg378_1  -            223   1.3e-20   69.2   0.0   1   1     3e-23   1.9e-20   68.6   0.0    26   167     9   152     2   154 0.89 Glycosyl transferase family 2
#
# Program:         hmmscan
# Version:         3.3.1 (Jul 2020)
# Pipeline mode:   SCAN
# Query file:      /beegfs/home/lxd/2_sea_metagenomics/6.metabat2/bins_redup_refinem_drep/derep_70_10/derepbins_prodigal/KW1-S08_222.proteins.faa
# Target file:     /beegfs/home/lxd/4_salt_metagenomics/tools/CAZy/dbCAN-HMMdb-V8.txt
# Option settings: hmmscan --tblout KW1-S08_222.tbl --domtblout KW1-S08_222_dom.tbl --acc --noali --notextw -E 1e-14 --domE 1e-14 --cpu 30 /beegfs/home/lxd/4_salt_metagenomics/tools/CAZy/dbCAN-HMMdb-V8.txt /beegfs/home/lxd/2_sea_metagenomics/6.metabat2/bins_redup_refinem_drep/derep_70_10/derepbins_prodigal/KW1-S08_222.proteins.faa 
# Current dir:     /beegfs/home/lxd/2_sea_metagenomics/6.metabat2/bins_redup_refinem_drep/derep_70_10/derepbins_cazy
# Date:            Thu Mar  4 12:52:40 2021
# [ok]
