#                                                                            --- full sequence --- -------------- this domain -------------   hmm coord   ali coord   env coord
# target name        accession   tlen query name           accession   qlen   E-value  score  bias   #  of  c-Evalue  i-Evalue  score  bias  from    to  from    to  from    to  acc description of target
#------------------- ---------- ----- -------------------- ---------- ----- --------- ------ ----- --- --- --------- --------- ------ ----- ----- ----- ----- ----- ----- ----- ---- ---------------------
GH3.hmm              -            216 KW1-S08_122_cg10_1   -            504     3e-71  234.7   0.0   1   1     6e-74   3.9e-71  234.3   0.0     4   215    27   253    24   254 0.95 -
GH13_16.hmm          -            353 KW1-S08_122_cg23_2   -           1118  1.4e-177  585.3   0.7   1   1    1e-178    2e-177  584.8   0.7     1   353    40   393    40   393 1.00 -
GH13_36.hmm          -            314 KW1-S08_122_cg23_2   -           1118   1.7e-86  285.7   0.1   1   1   5.8e-87   1.2e-85  283.0   0.1     1   312    40   392    40   394 0.91 -
GH13_23.hmm          -            344 KW1-S08_122_cg23_2   -           1118   6.2e-82  271.2   8.6   1   1   2.5e-69   4.9e-68  225.4   7.6     1   182    40   222    40   228 0.96 -
GH13_31.hmm          -            349 KW1-S08_122_cg23_2   -           1118     4e-76  251.9   5.0   1   1   8.7e-76   1.7e-74  246.5   5.0     1   347    40   392    40   394 0.77 -
GH13_17.hmm          -            350 KW1-S08_122_cg23_2   -           1118   1.5e-71  236.6   4.4   1   1     4e-65     8e-64  211.2   2.6     1   188    40   225    40   229 0.93 -
GH13_4.hmm           -            400 KW1-S08_122_cg23_2   -           1118   3.1e-71  235.5   1.3   1   1   1.5e-68     3e-67  222.4   0.6     2   313    40   343    39   348 0.94 -
GH13.hmm             -            299 KW1-S08_122_cg23_2   -           1118   2.1e-69  230.3   6.4   1   1   1.8e-70   3.7e-69  229.5   6.4    13   291    40   393    34   396 0.78 -
GH13_30.hmm          -            365 KW1-S08_122_cg23_2   -           1118   4.6e-68  225.3   3.2   1   1   1.4e-67   2.8e-66  219.4   3.2     1   363    40   391    40   393 0.82 -
GH13_29.hmm          -            344 KW1-S08_122_cg23_2   -           1118   3.4e-61  202.5   3.0   1   1   4.7e-59   9.4e-58  191.2   0.8     1   250    39   280    39   339 0.80 -
GH13_35.hmm          -            351 KW1-S08_122_cg23_2   -           1118   1.1e-59  197.7   2.3   1   1   5.5e-54   1.1e-52  174.7   0.6     1   185    40   223    40   244 0.91 -
GH13_40.hmm          -            359 KW1-S08_122_cg23_2   -           1118   5.6e-59  195.2   5.8   1   1     3e-58     6e-57  188.5   5.8     1   226    40   244    40   394 0.67 -
GH13_21.hmm          -            308 KW1-S08_122_cg23_2   -           1118   5.1e-58  192.2   0.4   1   1   3.9e-59   7.7e-58  191.6   0.4     1   306    40   393    40   395 0.83 -
GH13_20.hmm          -            300 KW1-S08_122_cg23_2   -           1118     1e-51  171.3   0.1   1   1   1.2e-52   2.4e-51  170.1   0.1     1   295    40   392    40   394 0.74 -
GH13_18.hmm          -            343 KW1-S08_122_cg23_2   -           1118   1.1e-47  158.1   1.0   1   1   1.9e-48   3.8e-47  156.2   0.4     2   264    58   328    57   350 0.90 -
GH13_39.hmm          -            316 KW1-S08_122_cg23_2   -           1118   5.8e-38  126.3   0.0   1   1   4.5e-39     9e-38  125.7   0.0     1   310    40   392    40   395 0.79 -
GH13_2.hmm           -            310 KW1-S08_122_cg23_2   -           1118     6e-34  113.1   0.0   1   1   5.3e-35   1.1e-33  112.3   0.0     2   307    40   388    39   391 0.78 -
GH13_10.hmm          -            313 KW1-S08_122_cg23_2   -           1118   3.6e-28   94.1   0.1   1   1   3.7e-26   7.4e-25   83.2   0.1     5   164    40   247    38   278 0.89 -
GH13_34.hmm          -            244 KW1-S08_122_cg23_2   -           1118   6.5e-28   93.2   0.0   1   1   5.9e-15   1.2e-13   46.5   0.0     2    88    41   130    40   143 0.88 -
GH13_14.hmm          -            289 KW1-S08_122_cg23_2   -           1118   9.8e-28   92.5   0.0   1   1     5e-28     1e-26   89.2   0.0     1   289    49   388    49   388 0.74 -
GH13_42.hmm          -            421 KW1-S08_122_cg23_2   -           1118   1.9e-25   85.0   0.5   1   1   1.6e-17   3.2e-16   54.7   0.0     2    83    40   118    39   153 0.91 -
GH13_41.hmm          -            294 KW1-S08_122_cg23_2   -           1118   5.5e-24   80.4   0.0   1   1     1e-24     2e-23   78.5   0.0     1   291    40   392    40   394 0.77 -
GH13_1.hmm           -            306 KW1-S08_122_cg23_2   -           1118   6.7e-24   79.8   0.0   1   1   3.3e-24   6.6e-23   76.5   0.0     2   298    40   391    39   395 0.67 -
GH13_9.hmm           -            301 KW1-S08_122_cg23_2   -           1118   3.9e-23   77.4   0.2   1   1   4.7e-20   9.3e-19   63.0   0.1     1   221    50   290    50   296 0.79 -
GH13_19.hmm          -            360 KW1-S08_122_cg23_2   -           1118   1.1e-22   75.9   0.0   1   1   2.9e-19   5.8e-18   60.4   0.2     1   129    40   150    40   176 0.76 -
GH13_13.hmm          -            361 KW1-S08_122_cg23_2   -           1118   8.5e-21   69.6   0.7   1   1     6e-19   1.2e-17   59.3   0.2    62   182    74   217    69   228 0.81 -
GH13_32.hmm          -            269 KW1-S08_122_cg23_2   -           1118   4.2e-20   67.6   0.0   1   1   4.1e-21   8.1e-20   66.7   0.0     3   247    58   326    56   346 0.71 -
GH13_6.hmm           -            289 KW1-S08_122_cg23_2   -           1118   5.3e-20   67.4   0.5   1   1   4.9e-21   9.7e-20   66.5   0.5     2   152    50   215    49   279 0.81 -
GH13_37.hmm          -            320 KW1-S08_122_cg23_2   -           1118     1e-19   65.9   0.0   1   1     1e-18     2e-17   58.3   0.0     8    99    39   119    33   164 0.88 -
GH13_11.hmm          -            351 KW1-S08_122_cg23_2   -           1118   8.4e-19   63.3   0.0   1   1   2.5e-19     5e-18   60.7   0.0     2   202    40   256    39   288 0.79 -
GH13_3.hmm           -            210 KW1-S08_122_cg23_2   -           1118   2.4e-18   61.7   2.4   1   1   4.3e-18   8.7e-17   56.6   0.3     3   181    47   260    45   270 0.76 -
GH13_12.hmm          -            284 KW1-S08_122_cg23_2   -           1118   2.2e-15   52.3   0.0   1   1   2.5e-16   5.1e-15   51.2   0.0     1   155    40   217    40   240 0.90 -
AA1.hmm              -            943 KW1-S08_122_cg31_2   -            348   4.2e-34  113.2   6.6   1   1   1.4e-30     3e-28   93.8   4.4   430   556    81   223    41   254 0.73 -
AA1_3.hmm            -            312 KW1-S08_122_cg31_2   -            348   5.3e-20   67.1   0.9   1   1   2.5e-22   5.3e-20   67.1   0.9     6   132    87   211    82   243 0.83 -
AA1_2.hmm            -            337 KW1-S08_122_cg31_2   -            348   6.3e-20   66.7   1.1   1   1   5.4e-18   1.2e-15   52.7   0.4     7   120   119   229   115   243 0.88 -
GT5.hmm              -            472 KW1-S08_122_cg45_2   -            562   6.3e-50  165.4   0.0   1   1   1.4e-52   8.7e-50  165.0   0.0     2   471     8   559     7   560 0.80 -
GT41.hmm             -            705 KW1-S08_122_cg46_3   -            765   8.7e-52  171.8  31.4   1   2   4.1e-16   2.6e-13   44.6   4.2    65   191   154   304   152   338 0.86 -
GT41.hmm             -            705 KW1-S08_122_cg46_3   -            765   8.7e-52  171.8  31.4   2   2   7.3e-16   4.7e-13   43.8   0.5    86   189   583   677   577   681 0.94 -
GT41.hmm             -            705 KW1-S08_122_cg52_1   -            362   2.4e-29   97.7   0.6   1   1   1.6e-15     1e-12   42.6   0.0    48   191    14   147     4   149 0.92 -
GH57.hmm             -            383 KW1-S08_122_cg60_3   -            686   2.4e-25   84.7   0.2   1   1   5.4e-28   3.5e-25   84.2   0.2     7   290    18   311    12   365 0.79 -
GH33.hmm             -            342 KW1-S08_122_cg60_5   -            330   2.3e-19   65.2   0.0   1   1   4.5e-22   2.9e-19   64.8   0.0    22   248    21   234     6   308 0.78 -
GH33.hmm             -            342 KW1-S08_122_cg60_6   -            355   5.2e-18   60.7   0.0   1   1   1.8e-20   1.2e-17   59.6   0.0    23   263    24   260     8   332 0.68 -
GT2_Glycos_transf_2.hmm PF00535.25   170 KW1-S08_122_cg69_2   -            255   2.5e-31  104.1   0.0   1   1   5.2e-34   3.3e-31  103.7   0.0     1   167    10   173    10   175 0.97 Glycosyl transferase family 2
GT83.hmm             -            540 KW1-S08_122_cg69_4   -            559  8.8e-118  389.4  47.3   1   1  3.6e-120  1.1e-117  389.0  47.3     9   496    19   526    14   542 0.83 -
GT39.hmm             -            223 KW1-S08_122_cg69_4   -            559   3.1e-15   51.6  13.6   1   1   9.7e-18   3.1e-15   51.6  13.6     5   222    26   242    22   243 0.79 -
GH13_26.hmm          -            296 KW1-S08_122_cg71_2   -            966  6.2e-114  375.8   0.0   1   1  1.4e-115    1e-113  375.1   0.0     2   296    28   408    27   408 0.98 -
GH13_20.hmm          -            300 KW1-S08_122_cg71_2   -            966     3e-25   84.5   0.3   1   1   2.1e-21   1.5e-19   65.8   0.0    10   110    28   133    25   160 0.90 -
GH13_30.hmm          -            365 KW1-S08_122_cg71_2   -            966   1.1e-19   66.1   0.9   1   1   3.6e-17   2.5e-15   51.7   0.1    10   100    28   122    24   126 0.90 -
GH13_36.hmm          -            314 KW1-S08_122_cg71_2   -            966   1.1e-19   66.2   0.0   1   1   9.4e-21   6.7e-19   63.7   0.0    10   178    28   349    24   364 0.86 -
GH13.hmm             -            299 KW1-S08_122_cg71_2   -            966   1.2e-19   66.9  12.2   1   1   1.6e-20   1.1e-18   63.8   6.4    22   189    28   378    14   437 0.85 -
GH13_16.hmm          -            353 KW1-S08_122_cg71_2   -            966   8.3e-17   56.5   0.9   1   1   2.8e-15     2e-13   45.4   0.0     8   137    26   173    20   179 0.75 -
GH13_1.hmm           -            306 KW1-S08_122_cg71_2   -            966   1.6e-16   55.6   0.0   1   1   6.3e-17   4.5e-15   50.8   0.0     9   176    26   346    20   361 0.73 -
GH13_17.hmm          -            350 KW1-S08_122_cg71_2   -            966     5e-15   50.8   2.7   1   1   8.1e-15   5.7e-13   44.0   0.1    10   112    28   138    23   176 0.80 -
AA3.hmm              -            618 KW1-S08_122_cg72_1   -            242   3.1e-20   67.4   0.0   1   1   5.8e-23   3.7e-20   67.1   0.0   258   401     2   237     1   240 0.74 -
GT2_Glycos_transf_2.hmm PF00535.25   170 KW1-S08_122_cg81_1   -            152   2.3e-18   61.9   0.0   1   1   4.1e-21   2.6e-18   61.7   0.0     2   132     5   130     4   150 0.88 Glycosyl transferase family 2
GT75.hmm             -            343 KW1-S08_122_cg90_2   -            157   3.2e-39  130.2   0.0   1   1   5.7e-42   3.6e-39  130.0   0.0   203   340     1   130     1   133 0.95 -
GT30.hmm             -            177 KW1-S08_122_cg96_2   -            441     2e-61  201.8   0.0   1   1   5.6e-64   3.6e-61  201.0   0.0     3   176    31   210    29   211 0.97 -
GT19.hmm             -            354 KW1-S08_122_cg96_6   -            109   1.6e-30  101.2   0.0   1   1   2.7e-33   1.8e-30  101.1   0.0   264   352     1    89     1    91 0.97 -
GH74.hmm             -            233 KW1-S08_122_cg113_1  -            343     7e-47  155.0   7.2   1   3   6.4e-15   4.1e-12   41.3   0.4    42   109    86   152    80   162 0.87 -
GH74.hmm             -            233 KW1-S08_122_cg113_1  -            343     7e-47  155.0   7.2   2   3   2.3e-16   1.4e-13   46.0   0.1    36   138   171   277   165   278 0.87 -
GH74.hmm             -            233 KW1-S08_122_cg113_1  -            343     7e-47  155.0   7.2   3   3   9.7e-17   6.2e-14   47.2   0.1    34   111   264   337   258   340 0.90 -
GT41.hmm             -            705 KW1-S08_122_cg114_2  -            271   1.5e-21   71.9   0.0   1   1   4.7e-16     3e-13   44.4   0.0    59   191    19   149     2   169 0.89 -
GH13_3.hmm           -            210 KW1-S08_122_cg136_1  -            430   3.6e-49  162.4   0.8   1   1     3e-51   4.8e-49  162.0   0.8     2   208    24   241    23   243 0.96 -
GH13.hmm             -            299 KW1-S08_122_cg136_1  -            430   2.5e-24   82.3   1.1   1   1   2.1e-26   3.4e-24   81.9   1.1    27   291    32   303    16   310 0.77 -
GH13_20.hmm          -            300 KW1-S08_122_cg136_1  -            430   3.3e-20   67.9   0.0   1   1   1.4e-19   2.2e-17   58.6   0.0    15   295    32   302    24   306 0.73 -
GH23.hmm             -            135 KW1-S08_122_cg136_3  -            240   5.5e-24   80.5   0.9   1   1   1.1e-26     7e-24   80.2   0.9     8   105    77   213    69   236 0.81 -
GT2_Glycos_transf_2.hmm PF00535.25   170 KW1-S08_122_cg138_4  -            233   6.7e-19   63.6   0.0   1   1   1.5e-21   9.7e-19   63.1   0.0     2   168     5   157     4   159 0.85 Glycosyl transferase family 2
GT28.hmm             -            157 KW1-S08_122_cg214_3  -            360   1.3e-53  176.3   0.2   1   1   3.5e-56   2.2e-53  175.5   0.2     1   154   182   341   182   344 0.94 -
GH65.hmm             -            372 KW1-S08_122_cg218_2  -            797    1e-149  493.8   1.3   1   1    2e-152  1.3e-149  493.4   1.3     1   371   345   721   345   722 0.99 -
GH77.hmm             -            494 KW1-S08_122_cg221_1  -            504  1.4e-124  411.9   0.0   1   1  2.7e-127  1.7e-124  411.6   0.0    49   489     3   489     2   494 0.91 -
GH13_3.hmm           -            210 KW1-S08_122_cg221_3  -            509   5.5e-90  295.7   0.2   1   1   6.9e-92   8.8e-90  295.0   0.2     2   209    81   302    80   303 0.99 -
GH13_9.hmm           -            301 KW1-S08_122_cg221_3  -            509   6.5e-26   86.5   0.6   1   1   2.3e-26   2.9e-24   81.1   0.7     1   214    85   296    85   316 0.90 -
GH13.hmm             -            299 KW1-S08_122_cg221_3  -            509   1.5e-25   86.3   8.2   1   1   1.2e-27   1.5e-25   86.3   8.2    17   234    79   312    70   366 0.63 -
GH13_38.hmm          -            375 KW1-S08_122_cg221_3  -            509   1.3e-16   55.6   2.1   1   1   3.6e-18   4.7e-16   53.8   1.6   207   302   210   312   191   333 0.84 -
GH23.hmm             -            135 KW1-S08_122_cg238_9  -            365   1.7e-30  101.6   0.0   1   1   6.3e-33     4e-30  100.4   0.0    14   123   217   346   205   354 0.93 -
AA7.hmm              -            458 KW1-S08_122_cg247_4  -            978   6.4e-17   57.6   0.0   1   1     4e-18   1.3e-15   53.3   0.0    13   101    44   132    36   184 0.83 -
GH15.hmm             -            361 KW1-S08_122_cg250_6  -            625   2.6e-87  288.6   0.2   1   1   4.8e-90   3.1e-87  288.4   0.2     2   360   227   592   226   593 0.90 -
GT35.hmm             -            674 KW1-S08_122_cg254_4  -            696  2.9e-136  450.9   0.0   1   2   7.1e-17   4.5e-14   47.1   0.0    21    80   126   186   119   216 0.90 -
GT35.hmm             -            674 KW1-S08_122_cg254_4  -            696  2.9e-136  450.9   0.0   2   2  3.8e-124  2.4e-121  401.6   0.0   211   557   274   636   265   665 0.94 -
GT41.hmm             -            705 KW1-S08_122_cg278_4  -            341   6.8e-44  145.7   1.8   1   2   3.5e-18   2.2e-15   51.5   0.1    53   191    54   182    12   184 0.88 -
GT41.hmm             -            705 KW1-S08_122_cg278_4  -            341   6.8e-44  145.7   1.8   2   2     5e-15   3.2e-12   41.0   0.3   122   191   147   216   145   217 0.96 -
GH23.hmm             -            135 KW1-S08_122_cg297_1  -            256   3.9e-23   77.8   1.4   1   1   8.7e-26   5.6e-23   77.3   1.4    14   121    99   245    86   251 0.92 -
CBM50.hmm            -             40 KW1-S08_122_cg303_1  -            279   2.2e-15   52.1   0.2   1   1     6e-18   3.9e-15   51.3   0.2     3    40   200   240   199   240 0.95 -
#
# Program:         hmmscan
# Version:         3.3.1 (Jul 2020)
# Pipeline mode:   SCAN
# Query file:      /beegfs/home/lxd/2_sea_metagenomics/6.metabat2/bins_redup_refinem_drep/derep_70_10/derepbins_prodigal/KW1-S08_122.proteins.faa
# Target file:     /beegfs/home/lxd/4_salt_metagenomics/tools/CAZy/dbCAN-HMMdb-V8.txt
# Option settings: hmmscan --tblout KW1-S08_122.tbl --domtblout KW1-S08_122_dom.tbl --acc --noali --notextw -E 1e-14 --domE 1e-14 --cpu 30 /beegfs/home/lxd/4_salt_metagenomics/tools/CAZy/dbCAN-HMMdb-V8.txt /beegfs/home/lxd/2_sea_metagenomics/6.metabat2/bins_redup_refinem_drep/derep_70_10/derepbins_prodigal/KW1-S08_122.proteins.faa 
# Current dir:     /beegfs/home/lxd/2_sea_metagenomics/6.metabat2/bins_redup_refinem_drep/derep_70_10/derepbins_cazy
# Date:            Thu Mar  4 11:55:07 2021
# [ok]
