#                                                                            --- full sequence --- -------------- this domain -------------   hmm coord   ali coord   env coord
# target name        accession   tlen query name           accession   qlen   E-value  score  bias   #  of  c-Evalue  i-Evalue  score  bias  from    to  from    to  from    to  acc description of target
#------------------- ---------- ----- -------------------- ---------- ----- --------- ------ ----- --- --- --------- --------- ------ ----- ----- ----- ----- ----- ----- ----- ---- ---------------------
GT83.hmm             -            540 KW1-S15_306_cg1_3    -            567   3.9e-17   57.2  48.0   1   1   1.5e-19   9.7e-17   55.9  48.1    66   363    78   439    20   481 0.74 -
GT4.hmm              -            160 KW1-S15_306_cg1_5    -            420   5.7e-34  112.4   0.0   1   1   2.1e-36   1.3e-33  111.2   0.0    10   157   237   380   232   383 0.96 -
GT4.hmm              -            160 KW1-S15_306_cg1_13   -            407   1.3e-29   98.2   0.0   1   1   6.9e-32   2.2e-29   97.5   0.0     9   159   209   363   202   364 0.93 -
GT5.hmm              -            472 KW1-S15_306_cg1_13   -            407   3.8e-17   57.3   0.0   1   1   1.8e-19   5.7e-17   56.7   0.0   200   471   148   388   120   389 0.86 -
GT4.hmm              -            160 KW1-S15_306_cg2_2    -            426   9.2e-17   56.5   0.1   1   1   8.7e-19   5.6e-16   53.9   0.1     8   157   228   396   223   399 0.82 -
GT4.hmm              -            160 KW1-S15_306_cg2_3    -            426   5.6e-15   50.7   0.1   1   1   9.2e-17   5.9e-14   47.4   0.1    11   156   231   395   224   399 0.67 -
PL12.hmm             -            138 KW1-S15_306_cg5_2    -            816   2.1e-27   91.4   0.1   1   1   1.6e-29   3.5e-27   90.7   0.1     1   137   392   529   392   530 0.96 -
PL12_1.hmm           -            135 KW1-S15_306_cg5_2    -            816   4.5e-18   61.2   0.0   1   1   3.5e-20   7.5e-18   60.5   0.0     1   135   392   529   392   529 0.94 -
PL12_3.hmm           -            144 KW1-S15_306_cg5_2    -            816   1.1e-16   56.4   0.0   1   1     1e-18   2.2e-16   55.5   0.0     2   134   393   520   392   529 0.81 -
CBM9.hmm             -            182 KW1-S15_306_cg5_4    -            231     2e-34  114.6   0.0   1   1   3.5e-37   2.3e-34  114.4   0.0     3   181    26   228    24   229 0.85 -
GH74.hmm             -            233 KW1-S15_306_cg22_15  -            873   3.1e-40  133.3  26.8   1   1   9.5e-15   6.1e-12   40.7   0.6    29   111   215   295   207   298 0.85 -
CBM9.hmm             -            182 KW1-S15_306_cg24_2   -            879     4e-19   64.7   5.6   1   1   1.2e-21   7.6e-19   63.8   5.6     1   178    41   222    41   225 0.80 -
GT4.hmm              -            160 KW1-S15_306_cg26_2   -            365   3.8e-20   67.5   0.0   1   1   1.3e-22     8e-20   66.4   0.0     4   158   178   334   175   336 0.90 -
GT2_Glycos_transf_2.hmm PF00535.25   170 KW1-S15_306_cg26_3   -            329   5.8e-24   80.1   0.1   1   1   1.3e-26     8e-24   79.6   0.1     4   165     7   164     4   168 0.87 Glycosyl transferase family 2
GT2_Glycos_transf_2.hmm PF00535.25   170 KW1-S15_306_cg26_4   -            334   6.6e-22   73.4   0.1   1   1   1.5e-24   9.9e-22   72.8   0.1     1   165    29   187    29   192 0.89 Glycosyl transferase family 2
GT2_Glycos_transf_2.hmm PF00535.25   170 KW1-S15_306_cg26_5   -            320   2.7e-31  104.0   0.0   1   1   6.2e-34     4e-31  103.4   0.0     1   166    11   171    11   175 0.91 Glycosyl transferase family 2
GT4.hmm              -            160 KW1-S15_306_cg26_14  -            398   2.5e-20   68.1   0.0   1   1   7.4e-23   4.8e-20   67.2   0.0     4   157   204   357   201   361 0.92 -
GT5.hmm              -            472 KW1-S15_306_cg26_21  -            496  2.1e-101  335.2   0.0   1   1  3.6e-104  2.3e-101  335.0   0.0     1   472     6   486     6   486 0.96 -
CE3.hmm              -            194 KW1-S15_306_cg39_3   -            864     3e-51  169.4   0.9   1   1   1.5e-53   4.6e-51  168.8   0.9     1   194   207   406   207   406 0.96 -
CBM67.hmm            -            176 KW1-S15_306_cg39_3   -            864     1e-24   82.5   0.7   1   1   2.1e-25   6.8e-23   76.5   1.4    29   176    25   135    17   135 0.93 -
CE10.hmm             -            341 KW1-S15_306_cg41_12  -            688     4e-15   51.5   7.2   1   1   1.5e-17   9.6e-15   50.3   7.2    74   321   435   671   411   684 0.83 -
AA3.hmm              -            618 KW1-S15_306_cg60_5   -            522     4e-56  185.9   0.0   1   1   4.3e-58   5.5e-56  185.4   0.0    85   400     4   516     2   518 0.80 -
AA3_2.hmm            -            568 KW1-S15_306_cg60_5   -            522   4.7e-29   96.7   0.0   1   2   1.1e-17   1.4e-15   52.2   0.0     2   281     8   286     7   289 0.72 -
AA3_2.hmm            -            568 KW1-S15_306_cg60_5   -            522   4.7e-29   96.7   0.0   2   2   9.9e-15   1.3e-12   42.5   0.0   499   565   447   513   404   516 0.87 -
GT2_Glycos_transf_2.hmm PF00535.25   170 KW1-S15_306_cg70_5   -            247   2.5e-17   58.5   0.0   1   1   5.6e-20   3.6e-17   58.0   0.0     1   149     5   144     5   155 0.87 Glycosyl transferase family 2
GT4.hmm              -            160 KW1-S15_306_cg78_2   -            379   2.6e-24   81.0   0.0   1   1   2.3e-26   4.9e-24   80.1   0.0     7   151   198   343   192   351 0.88 -
GT94.hmm             -            283 KW1-S15_306_cg78_2   -            379   2.2e-20   68.0   0.0   1   1   1.6e-22   3.4e-20   67.4   0.0    36   218   114   308   106   322 0.78 -
GT5.hmm              -            472 KW1-S15_306_cg78_2   -            379   8.9e-20   66.0   0.0   1   1   1.8e-18   3.8e-16   54.1   0.0   276   469   187   372   163   374 0.79 -
GH2.hmm              -            752 KW1-S15_306_cg88_2   -            894     2e-60  200.4   0.0   1   1   4.3e-63   2.7e-60  199.9   0.0    23   356    62   436    44   502 0.81 -
GT41.hmm             -            705 KW1-S15_306_cg89_12  -            406   4.1e-43  143.1  11.8   1   3   2.9e-15   1.9e-12   41.8   1.2    85   191   117   213   107   216 0.89 -
GT41.hmm             -            705 KW1-S15_306_cg89_12  -            406   4.1e-43  143.1  11.8   2   3   7.1e-15   4.6e-12   40.5   0.0   124   191   214   281   211   287 0.93 -
GT41.hmm             -            705 KW1-S15_306_cg89_12  -            406   4.1e-43  143.1  11.8   3   3   5.8e-15   3.7e-12   40.8   0.1    87   209   289   394   281   404 0.82 -
GH23.hmm             -            135 KW1-S15_306_cg90_1   -            501   2.8e-25   84.7   0.2   1   1   6.1e-26     2e-23   78.7   0.1    10   126   107   237    98   245 0.92 -
AA3.hmm              -            618 KW1-S15_306_cg91_3   -            594   4.3e-44  146.2   0.0   1   1   3.5e-46   5.7e-44  145.7   0.0    90   403     8   584     1   589 0.71 -
GH109.hmm            -            126 KW1-S15_306_cg93_5   -            332   5.4e-16   54.4   0.1   1   1     4e-17   2.5e-14   49.0   0.1     1   118     4   109     4   114 0.89 -
AA7.hmm              -            458 KW1-S15_306_cg100_3  -            511   5.8e-23   77.5   0.9   1   1     6e-24   3.8e-21   71.5   0.4     5   182    34   211    30   231 0.89 -
GT41.hmm             -            705 KW1-S15_306_cg101_1  -            461   7.8e-38  125.7  19.2   1   2     3e-17   1.9e-14   48.4   2.3    74   197    37   166     2   171 0.82 -
GT41.hmm             -            705 KW1-S15_306_cg101_1  -            461   7.8e-38  125.7  19.2   2   2   2.9e-18   1.9e-15   51.7   0.2    80   191   295   412   287   441 0.89 -
GT2_Glycos_transf_2.hmm PF00535.25   170 KW1-S15_306_cg105_2  -            234   2.3e-23   78.1   0.0   1   1   8.9e-26   2.9e-23   77.8   0.0     2   125     5   121     4   161 0.90 Glycosyl transferase family 2
GT81.hmm                -            293 KW1-S15_306_cg105_2  -            234   7.8e-19   62.9   0.4   1   1   3.1e-21   9.9e-19   62.6   0.4    22   127     2    94     1   110 0.90 -
GT4.hmm              -            160 KW1-S15_306_cg107_4  -            406   2.3e-15   51.9   0.0   1   1   7.9e-18   5.1e-15   50.8   0.0     9   157   221   368   216   371 0.81 -
GT2_Glycos_transf_2.hmm PF00535.25   170 KW1-S15_306_cg107_14 -            398     1e-23   79.3   0.0   1   1   5.1e-26   1.6e-23   78.6   0.0     1   132    48   177    48   212 0.86 Glycosyl transferase family 2
GT2_Glyco_tranf_2_3.hmm PF13641.5    230 KW1-S15_306_cg107_14 -            398   4.7e-21   71.0   0.0   1   1     2e-23   6.5e-21   70.5   0.0     1   226    45   265    45   269 0.83 Glycosyltransferase like family 2
GT2_Glycos_transf_2.hmm PF00535.25   170 KW1-S15_306_cg112_9  -            285   2.3e-35  117.2   0.0   1   1   1.4e-37     3e-35  116.8   0.0     1   117    15   126    15   174 0.87 Glycosyl transferase family 2
GT2_Glyco_tranf_2_3.hmm PF13641.5    230 KW1-S15_306_cg112_9  -            285   1.2e-19   66.4   0.0   1   1   8.6e-22   1.8e-19   65.8   0.0     4   209    14   206    13   226 0.85 Glycosyltransferase like family 2
GT2_Glyco_tranf_2_2.hmm PF10111.8    276 KW1-S15_306_cg112_9  -            285   1.2e-19   66.1   0.0   1   1   8.7e-22   1.9e-19   65.5   0.0     1   214    15   206    15   219 0.88 Glycosyltransferase like family 2
GT41.hmm             -            705 KW1-S15_306_cg112_17 -            402   2.6e-46  153.7  27.4   1   3   8.8e-19   5.6e-16   53.5   6.0    58   191    34   157    21   158 0.92 -
GT41.hmm             -            705 KW1-S15_306_cg112_17 -            402   2.6e-46  153.7  27.4   2   3   2.8e-19   1.8e-16   55.1   4.6    85   191    95   191    92   193 0.95 -
GT41.hmm             -            705 KW1-S15_306_cg112_17 -            402   2.6e-46  153.7  27.4   3   3   1.9e-16   1.2e-13   45.7   0.3   119   192   152   226   150   230 0.94 -
GH74.hmm             -            233 KW1-S15_306_cg114_3  -            850     5e-33  109.7  35.4   1   2   4.5e-15   2.9e-12   41.8   2.6    37   110   174   242   147   252 0.81 -
GH74.hmm             -            233 KW1-S15_306_cg114_3  -            850     5e-33  109.7  35.4   2   2   1.2e-15     8e-13   43.6   1.8    35   125   215   300   209   319 0.87 -
CE1.hmm              -            227 KW1-S15_306_cg116_1  -            201   1.6e-21   72.4   0.4   1   1   2.9e-24   1.9e-21   72.2   0.4    43   221     7   190     1   195 0.77 -
CE1.hmm              -            227 KW1-S15_306_cg116_2  -            776     6e-26   86.9   0.0   1   1   2.9e-28   1.9e-25   85.2   0.0     1   207   570   772   570   775 0.81 -
GT2_Glycos_transf_2.hmm PF00535.25   170 KW1-S15_306_cg119_12 -            715   1.1e-23   79.2   0.0   1   1   8.4e-26   1.8e-23   78.5   0.0     1   169    29   214    29   215 0.86 Glycosyl transferase family 2
GT2_Glyco_tranf_2_3.hmm PF13641.5    230 KW1-S15_306_cg119_12 -            715   8.5e-22   73.4   0.0   1   1   7.2e-24   1.5e-21   72.6   0.0     1   219    26   259    26   273 0.79 Glycosyltransferase like family 2
GT27.hmm                -            295 KW1-S15_306_cg119_12 -            715   1.4e-16   56.0   0.2   1   1   3.9e-18   8.4e-16   53.4   0.2     1   234    29   263    29   287 0.78 -
GT2_Glycos_transf_2.hmm PF00535.25   170 KW1-S15_306_cg119_13 -            241   2.5e-32  107.3   0.0   1   1   5.5e-35   3.5e-32  106.8   0.0     2   168     6   170     5   172 0.96 Glycosyl transferase family 2
GT2_Glycos_transf_2.hmm PF00535.25   170 KW1-S15_306_cg119_19 -            354   8.2e-26   86.1   0.0   1   1   8.4e-28   1.8e-25   85.0   0.0     1   167     8   184     8   187 0.75 Glycosyl transferase family 2
GT27.hmm                -            295 KW1-S15_306_cg119_19 -            354   1.6e-20   68.9   0.0   1   1   9.6e-23     2e-20   68.5   0.0     1   243     8   244     8   258 0.81 -
GT2_Glyco_tranf_2_3.hmm PF13641.5    230 KW1-S15_306_cg119_19 -            354   1.6e-16   56.1   0.0   1   1   1.2e-18   2.5e-16   55.5   0.0     4   217     7   229     5   244 0.83 Glycosyltransferase like family 2
AA6.hmm              -            195 KW1-S15_306_cg125_5  -            197   2.2e-30  100.8   0.4   1   1   6.1e-33   3.9e-30  100.1   0.4     2   193    27   187    26   189 0.92 -
GH13_14.hmm          -            289 KW1-S15_306_cg125_7  -            772   5.3e-75  247.7   0.8   1   1   1.6e-76   7.3e-75  247.2   0.8     1   289   278   618   278   618 0.93 -
GH13_11.hmm          -            351 KW1-S15_306_cg125_7  -            772   1.8e-66  220.0   1.6   1   1   3.9e-67   1.8e-65  216.8   1.6     1   351   263   622   263   622 0.86 -
GH13_41.hmm          -            294 KW1-S15_306_cg125_7  -            772   9.5e-53  174.8   0.2   1   1   3.3e-54   1.5e-52  174.1   0.2     5   292   273   623   265   625 0.84 -
GH13_13.hmm          -            361 KW1-S15_306_cg125_7  -            772   3.6e-41  136.6   0.6   1   1   1.4e-42   6.5e-41  135.8   0.6     5   360   281   618   278   619 0.83 -
GH13.hmm             -            299 KW1-S15_306_cg125_7  -            772   8.5e-41  136.4   3.3   1   1   4.2e-42   1.9e-40  135.2   3.3    12   292   263   624   259   630 0.83 -
GH13_10.hmm          -            313 KW1-S15_306_cg125_7  -            772   2.2e-37  124.3   6.2   1   1   2.7e-38   1.2e-36  121.9   6.2     3   313   262   620   261   620 0.79 -
GH13_12.hmm          -            284 KW1-S15_306_cg125_7  -            772   1.8e-35  118.3   0.1   1   1   6.7e-37   3.1e-35  117.5   0.1    59   283   352   621   277   622 0.77 -
GH13_32.hmm          -            269 KW1-S15_306_cg125_7  -            772   5.9e-28   93.4   0.3   1   1   2.6e-29   1.2e-27   92.4   0.3     1   247   285   575   285   608 0.79 -
GH13_37.hmm          -            320 KW1-S15_306_cg125_7  -            772   9.2e-24   79.2   2.0   1   1   1.3e-24     6e-23   76.5   2.0    17   294   277   580   259   620 0.71 -
GH13_20.hmm          -            300 KW1-S15_306_cg125_7  -            772   2.7e-23   78.0   0.3   1   1   1.4e-17   6.3e-16   53.8   0.0   128   293   417   620   411   624 0.82 -
GH13_28.hmm          -            266 KW1-S15_306_cg125_7  -            772   1.5e-20   68.8   0.2   1   1   2.1e-20   9.5e-19   62.9   0.1    10   163   278   452   275   466 0.83 -
GH13_9.hmm           -            301 KW1-S15_306_cg125_7  -            772   1.8e-19   65.3   2.4   1   1   9.4e-21   4.3e-19   64.1   0.8     2   135   280   451   279   540 0.82 -
CBM48.hmm            -             76 KW1-S15_306_cg125_7  -            772   1.4e-15   53.0   0.1   1   1   1.1e-16   4.8e-15   51.2   0.1     2    73   118   209   117   212 0.82 -
GH13_39.hmm          -            316 KW1-S15_306_cg125_7  -            772   9.8e-15   50.0   0.5   1   1   2.1e-15   9.7e-14   46.7   0.5    48   307   353   619   337   624 0.77 -
CE1.hmm              -            227 KW1-S15_306_cg131_3  -            244   2.3e-20   68.6   0.0   1   1     4e-23   2.6e-20   68.4   0.0    66   222    61   241     7   243 0.76 -
GT5.hmm              -            472 KW1-S15_306_cg131_4  -            487  2.4e-175  579.0   0.0   1   1  4.2e-178  2.7e-175  578.8   0.0     1   472     2   478     2   478 0.97 -
GT41.hmm             -            705 KW1-S15_306_cg134_19 -            208   2.6e-16   54.6   0.8   1   1   7.8e-18     5e-15   50.3   0.8   115   245    65   185    17   205 0.74 -
GH39.hmm             -            431 KW1-S15_306_cg144_4  -            623   6.2e-74  244.7   0.8   1   1   1.3e-76   8.4e-74  244.3   0.8    38   430   139   572   133   573 0.86 -
GT4.hmm              -            160 KW1-S15_306_cg144_6  -            305   7.3e-28   92.6   0.0   1   1   3.4e-30   1.1e-27   92.0   0.0     9   159   104   258    98   259 0.93 -
GT5.hmm              -            472 KW1-S15_306_cg144_6  -            305   9.1e-16   52.8   0.0   1   1   5.1e-18   1.6e-15   52.0   0.0   201   471    44   283    21   284 0.85 -
GH3.hmm              -            216 KW1-S15_306_cg145_2  -            786   7.8e-70  230.1   0.0   1   1   2.2e-72   1.4e-69  229.2   0.0     3   215    85   302    83   303 0.96 -
GT41.hmm             -            705 KW1-S15_306_cg161_5  -            561   4.8e-52  172.7   9.2   1   2   1.8e-17   1.1e-14   49.1   1.4    44   191    34   171    20   176 0.87 -
GT41.hmm             -            705 KW1-S15_306_cg161_5  -            561   4.8e-52  172.7   9.2   2   2   7.4e-18   4.7e-15   50.4   0.0    59   190   287   408   274   409 0.94 -
GT2_Glycos_transf_2.hmm PF00535.25   170 KW1-S15_306_cg161_7  -            317   1.9e-34  114.2   0.0   1   1   4.8e-37   3.1e-34  113.5   0.0     1   167    12   172    12   174 0.85 Glycosyl transferase family 2
GT41.hmm             -            705 KW1-S15_306_cg162_12 -            350   2.4e-23   77.8  24.6   1   1   8.8e-15   5.7e-12   40.2   0.7    77   191   151   256   148   260 0.96 -
CBM9.hmm             -            182 KW1-S15_306_cg165_1  -            759   1.9e-16   56.0   0.2   1   1   8.1e-18   5.2e-15   51.3   0.1     1   180    52   250    52   251 0.80 -
GT4.hmm              -            160 KW1-S15_306_cg174_3  -            379   4.3e-15   51.1   0.0   1   1   1.2e-17   7.9e-15   50.2   0.0    10   156   204   344   198   348 0.90 -
CBM50.hmm            -             40 KW1-S15_306_cg176_6  -            733   7.8e-25   82.3   0.2   1   1   7.9e-15   2.5e-12   42.3   0.1     1    40   405   448   405   448 0.91 -
GH23.hmm             -            135 KW1-S15_306_cg176_6  -            733   7.5e-18   60.6   0.9   1   1   4.4e-20   1.4e-17   59.8   0.9     2   117   166   287   165   311 0.82 -
CE14.hmm             -            124 KW1-S15_306_cg177_4  -            246   1.9e-22   75.6   0.0   1   1   6.4e-25   4.1e-22   74.6   0.0     1   124     6   111     6   111 0.96 -
GT4.hmm              -            160 KW1-S15_306_cg177_5  -            374   1.2e-39  130.8   0.0   1   1   6.4e-42     2e-39  130.1   0.0     6   156   193   340   189   344 0.97 -
GT5.hmm              -            472 KW1-S15_306_cg177_5  -            374   1.3e-18   62.2   0.0   1   1   1.1e-18   3.5e-16   54.1   0.0   231   471   104   368    94   369 0.72 -
GT4.hmm              -            160 KW1-S15_306_cg185_7  -            507     9e-27   89.0   0.0   1   1   2.2e-29   1.4e-26   88.4   0.0     4   160   302   467   299   467 0.91 -
CBM9.hmm             -            182 KW1-S15_306_cg188_9  -            746   3.3e-17   58.5   0.5   1   1   1.1e-19   6.7e-17   57.5   0.5     2   146    50   204    49   240 0.83 -
GH13.hmm             -            299 KW1-S15_306_cg194_5  -           1195   1.6e-23   79.7   2.4   1   1     1e-25   3.3e-23   78.6   2.4    18   290   321   685   305   692 0.67 -
GH13_3.hmm           -            210 KW1-S15_306_cg194_5  -           1195   7.8e-18   60.0   0.1   1   1   6.9e-16   2.2e-13   45.4   0.0     3    92   324   422   323   427 0.92 -
GH57.hmm             -            383 KW1-S15_306_cg194_12 -            719   2.6e-62  206.4   1.3   1   1   6.2e-65     4e-62  205.8   1.3     1   315     7   301     7   311 0.86 -
GT4.hmm              -            160 KW1-S15_306_cg196_2  -            402   4.1e-43  142.1   0.0   1   1     2e-45   6.5e-43  141.5   0.0     5   158   214   365   211   367 0.97 -
GT5.hmm              -            472 KW1-S15_306_cg196_2  -            402   4.3e-23   77.0   0.0   1   1   2.2e-25     7e-23   76.2   0.0   197   472   153   392   124   392 0.83 -
GT2_Glycos_transf_2.hmm PF00535.25   170 KW1-S15_306_cg196_3  -            250   7.7e-24   79.7   0.0   1   1   1.6e-26     1e-23   79.3   0.0     2   166    12   170    11   172 0.91 Glycosyl transferase family 2
CE4.hmm              -            130 KW1-S15_306_cg196_6  -            292   1.1e-20   69.4   0.1   1   1   4.8e-23   3.1e-20   68.0   0.0    13   127     5   144     3   146 0.80 -
CE9.hmm              -            373 KW1-S15_306_cg206_1  -            490   1.2e-20   68.6   0.1   1   1   2.1e-15   1.3e-12   42.2   0.0   308   361   372   425   344   442 0.87 -
GH113.hmm            -            306 KW1-S15_306_cg207_1  -            806   1.7e-85  282.0   0.1   1   1   6.3e-88     4e-85  280.8   0.1    13   306   481   796   468   796 0.96 -
GH23.hmm             -            135 KW1-S15_306_cg207_5  -            224   1.1e-22   76.3   0.0   1   1   2.8e-25   1.8e-22   75.6   0.0    16   124    97   219    86   223 0.87 -
GT2_Glyco_tranf_2_3.hmm PF13641.5    230 KW1-S15_306_cg210_9  -            508   4.4e-33  110.3   0.0   1   1   3.8e-35     6e-33  109.9   0.0     1   228    51   279    51   281 0.93 Glycosyltransferase like family 2
GT2_Glycos_transf_2.hmm PF00535.25   170 KW1-S15_306_cg210_9  -            508   3.5e-26   87.3   0.0   1   1   3.4e-28   5.4e-26   86.7   0.0     3   131    56   189    54   225 0.87 Glycosyl transferase family 2
GT2_Glyco_trans_2_3.hmm PF13632.5    197 KW1-S15_306_cg210_9  -            508   2.3e-24   81.7   3.4   1   1   1.5e-26   2.3e-24   81.7   3.4     3   194   142   350   140   364 0.77 Glycosyl transferase family group 2
GT21.hmm                -            233 KW1-S15_306_cg210_9  -            508   8.6e-18   60.0   0.0   1   1   7.9e-20   1.3e-17   59.4   0.0     1   231    51   280    51   281 0.95 -
GT4.hmm              -            160 KW1-S15_306_cg212_7  -            440   2.2e-29   97.5   0.0   1   1   9.9e-32   6.3e-29   96.0   0.0    10   157   243   398   238   401 0.93 -
GT2_Glycos_transf_2.hmm PF00535.25   170 KW1-S15_306_cg219_1  -            454   2.2e-21   71.7   0.1   1   1   1.3e-23   4.3e-21   70.8   0.1     3   124    14   126    12   159 0.81 Glycosyl transferase family 2
GT2_Glycos_transf_2.hmm PF00535.25   170 KW1-S15_306_cg219_2  -            555     1e-19   66.3   0.0   1   1   5.8e-22   1.9e-19   65.4   0.0     1   129   132   251   132   283 0.87 Glycosyl transferase family 2
GH23.hmm             -            135 KW1-S15_306_cg219_7  -            258     3e-32  107.3   0.1   1   1   8.1e-35   5.2e-32  106.5   0.1     8   122   141   255   136   257 0.92 -
GT4.hmm              -            160 KW1-S15_306_cg242_2  -            375   5.1e-32  106.1   0.0   1   1   1.1e-34   7.1e-32  105.6   0.0     6   160   190   341   185   341 0.94 -
GT4.hmm              -            160 KW1-S15_306_cg242_3  -            304   7.8e-25   82.7   0.0   1   1     2e-27   1.3e-24   82.0   0.0     6   110   200   304   197   304 0.95 -
GT2_Glycos_transf_2.hmm PF00535.25   170 KW1-S15_306_cg243_2  -            370   2.4e-29   97.6   0.0   1   1   2.3e-31   3.6e-29   97.0   0.0     1   169    41   212    41   213 0.91 Glycosyl transferase family 2
GT2_Glyco_tranf_2_3.hmm PF13641.5    230 KW1-S15_306_cg243_2  -            370   1.7e-26   88.8   0.0   1   1   1.5e-28   2.5e-26   88.3   0.0     1   228    38   270    37   272 0.86 Glycosyltransferase like family 2
GT21.hmm                -            233 KW1-S15_306_cg243_2  -            370   1.7e-20   68.8   0.0   1   1   1.4e-22   2.2e-20   68.4   0.0     1   228    38   268    38   271 0.86 -
GT27.hmm                -            295 KW1-S15_306_cg243_2  -            370   9.4e-15   49.9   0.0   1   1   9.1e-17   1.5e-14   49.3   0.0     1   117    41   160    41   166 0.87 -
CE4.hmm              -            130 KW1-S15_306_cg243_5  -            199   1.7e-30  101.2   0.0   1   1   4.1e-33   2.6e-30  100.6   0.0     6   124    11   131     8   137 0.94 -
GT2_Glycos_transf_2.hmm PF00535.25   170 KW1-S15_306_cg243_6  -            410   7.3e-30   99.3   0.0   1   1   5.6e-32   1.2e-29   98.6   0.0     1   164    63   229    63   235 0.82 Glycosyl transferase family 2
GT2_Glyco_tranf_2_3.hmm PF13641.5    230 KW1-S15_306_cg243_6  -            410   1.9e-22   75.6   0.4   1   1   1.3e-24   2.8e-22   75.0   0.4     4   228    62   292    61   293 0.84 Glycosyltransferase like family 2
GT21.hmm                -            233 KW1-S15_306_cg243_6  -            410   3.4e-18   61.3   0.0   1   1   2.1e-20   4.6e-18   60.9   0.0     3   230    62   292    61   294 0.88 -
GT2_Glyco_tranf_2_3.hmm PF13641.5    230 KW1-S15_306_cg243_7  -            385   9.7e-24   79.8   0.0   1   1   6.2e-26   1.3e-23   79.3   0.0     3   230    40   274    39   274 0.88 Glycosyltransferase like family 2
GT2_Glycos_transf_2.hmm PF00535.25   170 KW1-S15_306_cg243_7  -            385   3.9e-22   74.1   0.0   1   1   2.5e-24   5.3e-22   73.7   0.0     1   122    42   167    42   216 0.87 Glycosyl transferase family 2
GT2_Glyco_trans_2_3.hmm PF13632.5    197 KW1-S15_306_cg243_7  -            385   1.3e-16   56.4   3.4   1   1   1.4e-18   2.9e-16   55.2   3.4     2   193   129   316   128   360 0.71 Glycosyl transferase family group 2
GH74.hmm             -            233 KW1-S15_306_cg244_1  -            855   4.2e-60  198.3  18.6   1   1   5.9e-16   3.8e-13   44.6   0.0    25   114   196   293   188   304 0.82 -
GH20.hmm             -            337 KW1-S15_306_cg259_6  -            849   5.9e-26   86.9   0.0   1   1   4.6e-28   1.5e-25   85.6   0.0    14   233   181   385   171   411 0.84 -
CBM67.hmm            -            176 KW1-S15_306_cg259_6  -            849   6.1e-25   83.2   0.4   1   1   3.2e-27     1e-24   82.5   0.4     2   171   673   822   672   826 0.92 -
GT2_Glycos_transf_2.hmm PF00535.25   170 KW1-S15_306_cg260_8  -            304   1.1e-22   76.0   0.0   1   1     5e-25   1.6e-22   75.4   0.0     1   113    10   126    10   184 0.89 Glycosyl transferase family 2
GT2_Glyco_tranf_2_3.hmm PF13641.5    230 KW1-S15_306_cg260_8  -            304   1.3e-21   72.8   0.0   1   1   5.1e-24   1.6e-21   72.5   0.0     3   216     8   243     5   267 0.83 Glycosyltransferase like family 2
GT4.hmm              -            160 KW1-S15_306_cg261_2  -            767   1.1e-22   75.8   0.0   1   1   3.4e-25   2.2e-22   74.7   0.0     5   155   571   732   567   737 0.86 -
GH18.hmm             -            296 KW1-S15_306_cg272_2  -            823   9.9e-43  142.3   7.1   1   1   2.7e-45   1.8e-42  141.4   7.1     4   289    68   381    66   388 0.82 -
GH74.hmm             -            233 KW1-S15_306_cg279_2  -            268   4.1e-21   70.7   0.2   1   1   6.3e-19     4e-16   54.4   0.0    46   133    19   100    11   104 0.89 -
PL12.hmm             -            138 KW1-S15_306_cg281_5  -            849   4.8e-34  112.9   0.0   1   1   6.1e-36   7.8e-34  112.2   0.0     1   137   518   664   518   665 0.88 -
PL12_1.hmm           -            135 KW1-S15_306_cg281_5  -            849   1.1e-24   82.5   0.0   1   1   1.5e-26   1.9e-24   81.8   0.0     1   135   518   664   518   664 0.87 -
PL12_3.hmm           -            144 KW1-S15_306_cg281_5  -            849   2.5e-21   71.5   0.0   1   1   3.3e-23   4.3e-21   70.7   0.0     1   133   518   654   518   662 0.84 -
PL12_2.hmm           -            131 KW1-S15_306_cg281_5  -            849   2.2e-17   58.9   0.1   1   1   4.6e-19   5.9e-17   57.5   0.1     1   130   518   664   518   665 0.83 -
PL17.hmm             -            139 KW1-S15_306_cg281_5  -            849     6e-15   50.6   0.0   1   1   8.5e-17   1.1e-14   49.8   0.0     1   127   518   638   518   658 0.83 -
GH23.hmm             -            135 KW1-S15_306_cg283_9  -            220   1.2e-24   82.7   0.0   1   1   3.1e-27     2e-24   81.9   0.0    17   127    93   217    81   219 0.91 -
GH13_20.hmm          -            300 KW1-S15_306_cg296_6  -            598   4.7e-80  264.4   0.2   1   1   1.5e-81   7.4e-80  263.7   0.2     1   300    97   458    97   458 0.98 -
GH13_39.hmm          -            316 KW1-S15_306_cg296_6  -            598   4.5e-53  175.9   0.3   1   1   1.2e-54   6.1e-53  175.5   0.3     1   316    97   459    97   459 0.92 -
GH13.hmm             -            299 KW1-S15_306_cg296_6  -            598   3.2e-40  134.5   5.2   1   1   9.7e-42   4.8e-40  133.9   5.2    12   296    96   459    93   462 0.80 -
GH13_21.hmm          -            308 KW1-S15_306_cg296_6  -            598     5e-37  123.2   4.1   1   2   2.5e-19   1.2e-17   59.5   0.0     1    56    97   154    97   163 0.88 -
GH13_21.hmm          -            308 KW1-S15_306_cg296_6  -            598     5e-37  123.2   4.1   2   2   2.5e-19   1.2e-17   59.5   2.8    49   306   169   454   165   456 0.88 -
GH13_36.hmm          -            314 KW1-S15_306_cg296_6  -            598   8.1e-34  112.7   0.3   1   2     5e-16   2.5e-14   48.7   0.0     1    59    97   157    97   162 0.89 -
GH13_36.hmm          -            314 KW1-S15_306_cg296_6  -            598   8.1e-34  112.7   0.3   2   2   4.8e-20   2.3e-18   61.9   0.1    54   313   174   454   165   455 0.81 -
GH13_31.hmm          -            349 KW1-S15_306_cg296_6  -            598   1.9e-21   72.1   3.4   1   1   1.1e-15   5.3e-14   47.6   0.0     1    60    97   157    97   162 0.90 -
GH13_41.hmm          -            294 KW1-S15_306_cg296_6  -            598   2.2e-20   68.6   0.2   1   1   6.4e-22   3.1e-20   68.0   0.2     1   291    97   453    97   456 0.80 -
GH13_16.hmm          -            353 KW1-S15_306_cg296_6  -            598   7.5e-19   63.3   0.4   1   1   1.9e-15   9.6e-14   46.5   0.4     1   100    97   220    97   254 0.89 -
GH13_2.hmm           -            310 KW1-S15_306_cg296_6  -            598   5.3e-17   57.5   0.0   1   1   1.4e-17   7.1e-16   53.8   0.0     1   308    96   450    96   452 0.70 -
GT51.hmm             -            177 KW1-S15_306_cg298_6  -            782   4.6e-55  181.1   0.0   1   1   1.2e-57   7.5e-55  180.4   0.0    10   176    70   235    58   236 0.95 -
CE4.hmm              -            130 KW1-S15_306_cg299_2  -            857     8e-33  108.7   0.0   1   1   3.3e-35   2.1e-32  107.3   0.0     4   125   598   799   595   803 0.91 -
CE10.hmm             -            341 KW1-S15_306_cg301_3  -            306   6.2e-22   73.9   0.0   1   1   1.2e-24   7.6e-22   73.6   0.0   120   309   102   282    17   303 0.75 -
GH39.hmm             -            431 KW1-S15_306_cg310_4  -            532   3.6e-73  242.2   0.0   1   1     7e-76   4.5e-73  241.9   0.0    42   431    57   482    53   482 0.85 -
GH23.hmm             -            135 KW1-S15_306_cg313_13 -            230   4.6e-23   77.5   0.1   1   1   1.3e-25   8.5e-23   76.7   0.0    16   124   105   227    91   229 0.86 -
GT41.hmm             -            705 KW1-S15_306_cg315_1  -           1172   6.7e-15   49.9   0.3   1   1   1.8e-17   1.1e-14   49.1   0.3    42   191  1014  1153   967  1163 0.76 -
CE10.hmm             -            341 KW1-S15_306_cg316_7  -            401   7.8e-48  159.1   1.4   1   1   1.7e-50   1.1e-47  158.6   1.4    75   328   154   393   144   399 0.86 -
GH113.hmm            -            306 KW1-S15_306_cg317_1  -            356    5e-107  352.7  11.8   1   1  8.9e-110  5.7e-107  352.5  11.8     3   305    36   346    34   347 0.96 -
GH23.hmm             -            135 KW1-S15_306_cg323_9  -            237   3.1e-18   61.9   0.3   1   1     9e-21   5.8e-18   61.0   0.1    16   125   109   232    94   236 0.86 -
CE4.hmm              -            130 KW1-S15_306_cg325_8  -            356   2.7e-25   84.3   0.0   1   1   9.1e-28   5.9e-25   83.3   0.0     7   125    91   299    86   304 0.89 -
GT2_Glycos_transf_2.hmm PF00535.25   170 KW1-S15_306_cg325_9  -            602   1.9e-26   88.2   0.0   1   1   1.8e-28   3.9e-26   87.2   0.0     1   114    10   119    10   168 0.86 Glycosyl transferase family 2
GT2_Glyco_tranf_2_3.hmm PF13641.5    230 KW1-S15_306_cg325_9  -            602   3.6e-15   51.8   0.2   1   1   8.3e-17   1.8e-14   49.5   0.2     1   226     7   230     7   233 0.79 Glycosyltransferase like family 2
CE1.hmm              -            227 KW1-S15_306_cg327_1  -            259   5.9e-44  145.8   0.0   1   1   1.1e-46     7e-44  145.5   0.0     1   220    20   249    20   255 0.85 -
GT51.hmm             -            177 KW1-S15_306_cg337_9  -            736   4.7e-65  213.7   0.0   1   1   1.3e-67   8.1e-65  212.9   0.0     2   177    73   249    72   249 0.97 -
GT41.hmm             -            705 KW1-S15_306_cg341_5  -            200   2.9e-23   77.5   4.3   1   1   4.6e-18   2.9e-15   51.1   0.8    86   191    11   106     7   107 0.95 -
GT39.hmm             -            223 KW1-S15_306_cg345_14 -            310   2.1e-17   58.8   3.6   1   1     7e-20   4.5e-17   57.7   3.6    71   155     2    85     1   158 0.90 -
GT4.hmm              -            160 KW1-S15_306_cg357_3  -            435   4.1e-33  109.6   0.0   1   1   9.8e-36   6.3e-33  109.0   0.0     5   159   219   379   215   380 0.97 -
CE10.hmm             -            341 KW1-S15_306_cg364_6  -            564   1.3e-15   53.1   0.1   1   1     3e-18   1.9e-15   52.6   0.1    73   309   310   541   255   559 0.77 -
GH97.hmm             -            631 KW1-S15_306_cg365_2  -            690  6.1e-250  825.9   0.0   1   1  1.2e-252  7.6e-250  825.6   0.0     4   630    13   673     7   674 0.97 -
GT41.hmm             -            705 KW1-S15_306_cg367_1  -            673   7.8e-28   92.6   7.2   1   1   1.7e-18   1.1e-15   52.5   0.6    50   202   139   281   104   284 0.86 -
GT4.hmm              -            160 KW1-S15_306_cg369_3  -            290   5.9e-34  112.4   0.0   1   1   5.2e-36   1.7e-33  110.9   0.0    12   153   107   248    99   252 0.95 -
GT5.hmm              -            472 KW1-S15_306_cg369_3  -            290     5e-16   53.7   0.0   1   1   1.9e-18     6e-16   53.4   0.0   291   466   103   274    42   277 0.82 -
GT83.hmm             -            540 KW1-S15_306_cg374_7  -            481   3.8e-29   96.9  47.7   1   1   1.4e-30   4.5e-28   93.3  47.7    10   363    13   380     6   411 0.71 -
GT39.hmm             -            223 KW1-S15_306_cg374_7  -            481   3.9e-15   51.3  14.8   1   1   1.2e-17   3.9e-15   51.3  14.8    66   182   108   218    77   256 0.87 -
GT41.hmm             -            705 KW1-S15_306_cg383_1  -            521   4.3e-19   63.8   3.5   1   1   4.5e-15   2.9e-12   41.2   0.4    22   191   212   381   192   383 0.77 -
CE1.hmm              -            227 KW1-S15_306_cg387_4  -            314   1.1e-28   95.8   0.0   1   1   2.6e-31   1.7e-28   95.2   0.0     6   143    45   219    42   281 0.75 -
GT41.hmm             -            705 KW1-S15_306_cg399_9  -            490   1.4e-20   68.7  19.4   1   1   2.3e-15   1.5e-12   42.2   2.1    46   191    38   206    25   208 0.87 -
GT10.hmm             -            347 KW1-S15_306_cg403_1  -            296   1.9e-28   94.8   0.0   1   1   3.6e-31   2.3e-28   94.5   0.0    96   262    84   296    50   296 0.81 -
GH109.hmm            -            126 KW1-S15_306_cg416_1  -            737   5.1e-21   70.7   2.0   1   1   1.2e-23   7.7e-21   70.1   0.4     1   123   348   461   348   464 0.89 -
GT83.hmm             -            540 KW1-S15_306_cg416_2  -            558   2.3e-34  114.1  31.7   1   1   4.6e-37     3e-34  113.7  31.7    10   364    13   395     5   449 0.72 -
GT2_Glycos_transf_2.hmm PF00535.25   170 KW1-S15_306_cg416_3  -            309   8.9e-27   89.3   0.0   1   1     2e-29   1.3e-26   88.8   0.0     1   166    18   173    18   177 0.83 Glycosyl transferase family 2
PL12.hmm             -            138 KW1-S15_306_cg422_7  -            610   5.9e-15   51.1   0.0   1   1   1.7e-17   1.1e-14   50.2   0.0    15   137   404   518   384   519 0.86 -
GT2_Glycos_transf_2.hmm PF00535.25   170 KW1-S15_306_cg422_8  -            308   2.7e-33  110.5   0.4   1   1   8.2e-36   5.2e-33  109.5   0.1     1   129     8   133     8   165 0.86 Glycosyl transferase family 2
CE10.hmm             -            341 KW1-S15_306_cg431_10 -            639   5.4e-24   80.7   0.0   1   1   1.3e-26   8.2e-24   80.1   0.0    72   319   382   610   360   622 0.82 -
GT28.hmm             -            157 KW1-S15_306_cg433_10 -            368   8.5e-58  189.8   0.3   1   1   3.7e-60   1.2e-57  189.4   0.3     1   157   194   355   194   355 0.95 -
GT1.hmm              -            382 KW1-S15_306_cg433_10 -            368   9.3e-17   57.4   1.4   1   1   4.5e-19   1.4e-16   56.7   0.3   233   368   195   353   184   365 0.79 -
GT2_Glycos_transf_2.hmm PF00535.25   170 KW1-S15_306_cg449_5  -            434   4.5e-38  126.0   0.0   1   1   3.7e-40   7.8e-38  125.2   0.0     1   166    73   236    73   238 0.98 Glycosyl transferase family 2
GT2_Glyco_tranf_2_3.hmm PF13641.5    230 KW1-S15_306_cg449_5  -            434   2.9e-36  120.8   0.0   1   1   1.7e-38   3.7e-36  120.4   0.0     1   227    69   291    69   294 0.91 Glycosyltransferase like family 2
GT2_Glyco_trans_2_3.hmm PF13632.5    197 KW1-S15_306_cg449_5  -            434   1.1e-20   69.6   0.1   1   1   9.1e-23   1.9e-20   68.9   0.1     2   177   153   341   152   393 0.73 Glycosyl transferase family group 2
GT2_Glycos_transf_2.hmm PF00535.25   170 KW1-S15_306_cg451_5  -            231   2.6e-29   97.5   0.0   1   1     1e-31   3.3e-29   97.2   0.0     1   166     7   167     7   170 0.97 Glycosyl transferase family 2
GT81.hmm                -            293 KW1-S15_306_cg451_5  -            231   5.8e-16   53.5   0.0   1   1   2.1e-18   6.7e-16   53.3   0.0    20   145     3   118     1   163 0.84 -
GT102.hmm            -            257 KW1-S15_306_cg454_2  -            281   4.9e-43  142.3   0.5   1   1   9.8e-46   6.3e-43  142.0   0.5    15   249    25   245    17   252 0.85 -
GT2_Glycos_transf_2.hmm PF00535.25   170 KW1-S15_306_cg454_3  -            391   1.7e-28   94.8   0.0   1   1   1.5e-30   3.2e-28   94.0   0.0     1   167     8   181     8   184 0.85 Glycosyl transferase family 2
GT2_Glyco_tranf_2_3.hmm PF13641.5    230 KW1-S15_306_cg454_3  -            391   1.6e-22   75.8   0.0   1   1   1.2e-24   2.6e-22   75.1   0.0     4   216     7   225     4   233 0.90 Glycosyltransferase like family 2
GT27.hmm                -            295 KW1-S15_306_cg454_3  -            391   6.7e-17   57.0   0.0   1   1     4e-19   8.5e-17   56.7   0.0     1   225     8   222     8   252 0.89 -
CE4.hmm              -            130 KW1-S15_306_cg463_10 -            243   4.8e-37  122.3   0.0   1   1   1.2e-39   7.7e-37  121.7   0.0     8   127    49   170    43   173 0.95 -
CE10.hmm             -            341 KW1-S15_306_cg464_4  -            654   4.5e-24   81.0   0.0   1   1   1.1e-26   6.9e-24   80.3   0.0    69   313   392   627   381   640 0.86 -
GT35.hmm             -            674 KW1-S15_306_cg468_12 -            573  5.1e-121  400.5   1.3   1   1  6.2e-116    2e-113  375.4   0.0    14   583    28   519    20   526 0.86 -
GT5.hmm              -            472 KW1-S15_306_cg468_12 -            573     8e-17   56.3   0.1   1   1   8.1e-19   2.6e-16   54.6   0.1    15   393    37   474    20   565 0.67 -
#
# Program:         hmmscan
# Version:         3.3.1 (Jul 2020)
# Pipeline mode:   SCAN
# Query file:      /beegfs/home/lxd/2_sea_metagenomics/6.metabat2/bins_redup_refinem_drep/derep_70_10/derepbins_prodigal/KW1-S15_306.proteins.faa
# Target file:     /beegfs/home/lxd/4_salt_metagenomics/tools/CAZy/dbCAN-HMMdb-V8.txt
# Option settings: hmmscan --tblout KW1-S15_306.tbl --domtblout KW1-S15_306_dom.tbl --acc --noali --notextw -E 1e-14 --domE 1e-14 --cpu 30 /beegfs/home/lxd/4_salt_metagenomics/tools/CAZy/dbCAN-HMMdb-V8.txt /beegfs/home/lxd/2_sea_metagenomics/6.metabat2/bins_redup_refinem_drep/derep_70_10/derepbins_prodigal/KW1-S15_306.proteins.faa 
# Current dir:     /beegfs/home/lxd/2_sea_metagenomics/6.metabat2/bins_redup_refinem_drep/derep_70_10/derepbins_cazy
# Date:            Thu Mar  4 17:23:13 2021
# [ok]
