#                                                                            --- full sequence --- -------------- this domain -------------   hmm coord   ali coord   env coord
# target name        accession   tlen query name           accession   qlen   E-value  score  bias   #  of  c-Evalue  i-Evalue  score  bias  from    to  from    to  from    to  acc description of target
#------------------- ---------- ----- -------------------- ---------- ----- --------- ------ ----- --- --- --------- --------- ------ ----- ----- ----- ----- ----- ----- ----- ---- ---------------------
CE10.hmm             -            341 KW1-S11_87_cg16_3    -            279   1.7e-41  138.2   0.2   1   1   3.5e-44   2.2e-41  137.9   0.2    70   289    33   278    23   279 0.79 -
GH130.hmm            -            296 KW1-S11_87_cg21_4    -            498   2.4e-55  182.8   0.0   1   1   1.2e-57   7.6e-55  181.2   0.0    65   294   266   490   233   492 0.90 -
CE1.hmm              -            227 KW1-S11_87_cg24_1    -            312   8.9e-22   73.2   0.0   1   1   2.3e-24   1.5e-21   72.5   0.0     5   143    54   211    52   291 0.69 -
CE15.hmm             -            269 KW1-S11_87_cg40_1    -            338   6.4e-24   80.1   0.0   1   1   1.5e-26   9.6e-24   79.5   0.0    12   239    44   335    35   337 0.86 -
GH78.hmm             -            504 KW1-S11_87_cg40_4    -            121   1.1e-17   59.1   0.0   1   1   2.2e-20   1.4e-17   58.8   0.0   436   504     3    72     2    72 0.95 -
GT83.hmm             -            540 KW1-S11_87_cg42_19   -            581  2.3e-107  355.1  39.9   1   1  4.3e-110  2.8e-107  354.8  39.9     5   526     4   530     1   543 0.79 -
CBM50.hmm            -             40 KW1-S11_87_cg46_10   -            546   1.5e-38  126.2   1.8   1   2   1.2e-15   3.9e-13   44.9   0.1     1    39   448   490   448   491 0.87 -
CBM50.hmm            -             40 KW1-S11_87_cg46_10   -            546   1.5e-38  126.2   1.8   2   2   1.8e-16   5.6e-14   47.6   0.0     1    39   497   539   497   540 0.88 -
GH23.hmm             -            135 KW1-S11_87_cg46_10   -            546   2.1e-24   81.9   0.1   1   1   1.5e-26   4.8e-24   80.7   0.1    19   121   159   283   142   294 0.91 -
GH23.hmm             -            135 KW1-S11_87_cg46_11   -            232   1.3e-22   76.1   0.0   1   1   3.1e-25     2e-22   75.5   0.0    15   127   111   225   100   231 0.87 -
CE10.hmm             -            341 KW1-S11_87_cg54_4    -            265   2.2e-20   68.8   0.8   1   1   1.1e-22   3.7e-20   68.1   0.8    87   340    30   259     9   260 0.79 -
CE1.hmm              -            227 KW1-S11_87_cg54_4    -            265     2e-16   55.7   0.0   1   1   7.9e-19   2.5e-16   55.4   0.0     7   220    22   245    17   251 0.75 -
GT9.hmm              -            225 KW1-S11_87_cg59_15   -            331   2.9e-53  176.4   0.1   1   1   5.8e-56   3.7e-53  176.0   0.1     3   213    70   298    68   313 0.85 -
GT41.hmm             -            705 KW1-S11_87_cg60_40   -            237   8.6e-21   69.4   0.5   1   1   2.3e-15   1.5e-12   42.2   0.1    99   190    20   101     2   110 0.75 -
CE14.hmm             -            124 KW1-S11_87_cg61_4    -            839   3.3e-20   68.4   0.0   1   1   6.4e-22   4.1e-19   64.9   0.0     1   115    48   161    48   172 0.87 -
GH38.hmm             -            269 KW1-S11_87_cg62_12   -            952   2.4e-67  222.6   0.0   1   1   5.4e-70   3.5e-67  222.1   0.0     1   253    35   302    35   312 0.89 -
CBM9.hmm             -            182 KW1-S11_87_cg62_13   -            393   6.7e-44  145.5   2.7   1   1   1.5e-46   9.9e-44  144.9   2.7     1   154    69   248    69   291 0.86 -
CE10.hmm             -            341 KW1-S11_87_cg66_1    -            677   7.2e-16   54.0   0.0   1   1   1.9e-18   1.2e-15   53.2   0.0    81   315   419   645   386   661 0.76 -
AA3.hmm              -            618 KW1-S11_87_cg70_3    -            605   5.6e-55  182.1   0.0   1   1   5.7e-57   7.3e-55  181.7   0.0    66   400    52   598    42   601 0.78 -
AA3_2.hmm            -            568 KW1-S11_87_cg70_3    -            605   8.8e-29   95.9   0.0   1   2     1e-16   1.3e-14   49.1   0.0     4   280    77   354    75   388 0.78 -
AA3_2.hmm            -            568 KW1-S11_87_cg70_3    -            605   8.8e-29   95.9   0.0   2   2   4.1e-15   5.3e-13   43.8   0.0   502   567   532   597   494   598 0.88 -
CE10.hmm             -            341 KW1-S11_87_cg74_19   -            740   2.7e-20   68.5   0.4   1   1     7e-23   4.5e-20   67.8   0.4    48   310   458   708   418   733 0.82 -
PL10_3.hmm           -            270 KW1-S11_87_cg77_2    -            602   1.3e-95  315.3   0.2   1   1   3.5e-96   5.7e-94  309.9   0.0     3   269   149   459   147   460 0.93 -
PL10.hmm             -            287 KW1-S11_87_cg77_2    -            602   3.7e-62  205.7   0.0   1   1   9.7e-62   1.6e-59  197.1   0.0     1   281   147   458   147   462 0.87 -
PL10_2.hmm           -            275 KW1-S11_87_cg77_2    -            602   2.1e-47  157.0   0.0   1   1   6.8e-48   1.1e-45  151.4   0.0     1   273   147   457   147   459 0.84 -
PL10_1.hmm           -            288 KW1-S11_87_cg77_2    -            602     7e-33  109.4   0.0   1   1   4.4e-21     7e-19   63.5   0.0    80   262   266   430   258   446 0.84 -
GT2_Glycos_transf_2.hmm PF00535.25   170 KW1-S11_87_cg82_3    -            345   4.7e-25   83.7   0.0   1   1   1.4e-27   8.7e-25   82.8   0.0     1   169     5   167     5   168 0.95 Glycosyl transferase family 2
GT4.hmm              -            160 KW1-S11_87_cg92_1    -            333   9.5e-31  101.9   0.0   1   1   4.4e-33   1.4e-30  101.4   0.0     8   151   190   331   185   333 0.97 -
GT5.hmm              -            472 KW1-S11_87_cg92_1    -            333     9e-16   52.8   0.1   1   1   5.7e-17   1.8e-14   48.5   0.0   291   435   190   328   150   330 0.86 -
GT4.hmm              -            160 KW1-S11_87_cg92_5    -            382   1.8e-27   91.3   0.0   1   1     1e-29   3.3e-27   90.4   0.0     9   155   201   346   197   351 0.94 -
GT5.hmm              -            472 KW1-S11_87_cg92_5    -            382   3.1e-17   57.6   0.0   1   1   1.3e-19   4.2e-17   57.2   0.0   260   471   172   375   157   376 0.84 -
GT4.hmm              -            160 KW1-S11_87_cg92_6    -            362   3.1e-27   90.5   0.0   1   1   1.8e-29   5.6e-27   89.7   0.0    19   157   198   329   182   333 0.91 -
GT5.hmm              -            472 KW1-S11_87_cg92_6    -            362   4.3e-17   57.2   0.0   1   1     3e-19   9.5e-17   56.0   0.0   283   472   183   356   148   356 0.83 -
GT4.hmm              -            160 KW1-S11_87_cg92_8    -            372   3.3e-30  100.2   0.0   1   1   7.5e-33   4.8e-30   99.6   0.0     4   154   184   337   181   343 0.88 -
GT4.hmm              -            160 KW1-S11_87_cg92_9    -            395   1.1e-31  105.0   0.0   1   1     5e-34   1.6e-31  104.5   0.0     6   158   216   365   211   368 0.95 -
GT5.hmm              -            472 KW1-S11_87_cg92_9    -            395   2.2e-23   77.9   0.0   1   1     1e-25   3.3e-23   77.3   0.0   226   471   172   390    83   391 0.88 -
GT4.hmm              -            160 KW1-S11_87_cg93_2    -            409     6e-28   92.8   0.0   1   1   2.7e-30   8.5e-28   92.3   0.0     6   158   223   368   218   370 0.92 -
GT5.hmm              -            472 KW1-S11_87_cg93_2    -            409   8.2e-16   52.9   0.0   1   1     7e-15   2.3e-12   41.6   0.0   290   471   224   394   188   395 0.84 -
CE4.hmm              -            130 KW1-S11_87_cg93_3    -            273   9.1e-34  111.7   0.0   1   1   3.9e-36   2.5e-33  110.3   0.0     4   120    75   208    72   216 0.94 -
GH109.hmm            -            126 KW1-S11_87_cg98_12   -            338   1.6e-17   59.4   0.0   1   1   5.9e-20   3.8e-17   58.2   0.0     2   125     7   122     6   123 0.88 -
CE11.hmm             -            271 KW1-S11_87_cg109_16  -            276   1.6e-89  295.1   0.0   1   1   2.7e-92   1.8e-89  294.9   0.0     2   270     6   273     5   274 0.99 -
GT19.hmm             -            354 KW1-S11_87_cg109_19  -            377  4.8e-106  349.6   0.0   1   1  8.5e-109  5.5e-106  349.4   0.0     1   352    13   358    13   360 0.95 -
GT41.hmm             -            705 KW1-S11_87_cg129_13  -            303   4.7e-27   90.1   6.5   1   1   1.3e-17     8e-15   49.6   0.1    81   191   166   266   165   267 0.95 -
GT2_Glycos_transf_2.hmm PF00535.25   170 KW1-S11_87_cg154_3   -            320   1.7e-19   65.5   0.1   1   1   3.9e-22   2.5e-19   65.0   0.1     6   151    22   175    18   185 0.83 Glycosyl transferase family 2
AA12.hmm             -            401 KW1-S11_87_cg161_4   -            420   2.3e-29   97.5   0.0   1   1   1.2e-31   7.9e-29   95.7   0.0    13   399    40   412    31   414 0.79 -
CE1.hmm              -            227 KW1-S11_87_cg162_2   -            315     1e-23   79.5   0.0   1   1   2.5e-26   1.6e-23   78.9   0.0     6   209    46   278    42   282 0.69 -
AA7.hmm              -            458 KW1-S11_87_cg168_25  -            543   1.3e-18   63.2   0.8   1   1   3.6e-19   2.3e-16   55.8   0.7    15   154    36   176    30   179 0.95 -
GT2_Glycos_transf_2.hmm PF00535.25   170 KW1-S11_87_cg169_12  -            249   3.6e-35  116.6   0.0   1   1   1.5e-37   4.8e-35  116.2   0.0     1   168    14   176    14   177 0.98 Glycosyl transferase family 2
GT81.hmm                -            293 KW1-S11_87_cg169_12  -            249   7.3e-17   56.5   0.0   1   1   4.2e-19   1.3e-16   55.6   0.0    22   210    12   191     3   206 0.76 -
GT2_Glycos_transf_2.hmm PF00535.25   170 KW1-S11_87_cg169_14  -            393     3e-26   87.5   0.0   1   1   6.6e-29   4.2e-26   87.0   0.0     1   167    16   176    16   179 0.96 Glycosyl transferase family 2
CE10.hmm             -            341 KW1-S11_87_cg172_14  -            667   7.7e-26   86.8   0.0   1   1   2.2e-28   1.4e-25   85.9   0.0    77   316   410   641   398   652 0.88 -
AA1.hmm              -            943 KW1-S11_87_cg179_4   -            713   1.3e-62  207.5   8.0   1   2   2.1e-44   3.4e-42  140.0   1.6   436   662   244   476   221   522 0.86 -
AA1.hmm              -            943 KW1-S11_87_cg179_4   -            713   1.3e-62  207.5   8.0   2   2   1.1e-23   1.7e-21   71.4   0.6   465   547   613   708   592   712 0.86 -
AA1_2.hmm            -            337 KW1-S11_87_cg179_4   -            713     2e-30  101.2   0.2   1   1   9.4e-30   1.5e-27   91.8   0.0     6   221   262   477   259   483 0.90 -
AA1_3.hmm            -            312 KW1-S11_87_cg179_4   -            713   4.6e-29   96.9   0.2   1   1   4.9e-27   7.8e-25   82.9   0.0    25   257   251   476   237   483 0.81 -
AA1_1.hmm            -            303 KW1-S11_87_cg179_4   -            713   1.3e-18   62.5   0.0   1   1   1.8e-20   2.9e-18   61.3   0.0    12   232   262   474   255   479 0.81 -
GT2_Glycos_transf_2.hmm PF00535.25   170 KW1-S11_87_cg197_2   -            236   1.3e-32  108.2   0.0   1   1   8.3e-35   1.8e-32  107.8   0.0     2   129     5   132     4   171 0.90 Glycosyl transferase family 2
GT81.hmm                -            293 KW1-S11_87_cg197_2   -            236   1.3e-15   52.4   0.0   1   1   7.1e-18   1.5e-15   52.1   0.0    22   197     2   172     1   200 0.78 -
GT2_Glyco_tranf_2_3.hmm PF13641.5    230 KW1-S11_87_cg197_2   -            236   3.2e-15   51.9   0.0   1   1   1.8e-17   3.9e-15   51.6   0.0     4   175     3   172     1   184 0.79 Glycosyltransferase like family 2
GT4.hmm              -            160 KW1-S11_87_cg200_30  -            372   8.1e-40  131.4   0.0   1   1   4.9e-42   1.6e-39  130.5   0.0     7   157   188   338   183   341 0.97 -
GT5.hmm              -            472 KW1-S11_87_cg200_30  -            372   7.4e-16   53.1   0.0   1   1   3.2e-18     1e-15   52.6   0.0   292   464   190   357   173   365 0.89 -
GT41.hmm             -            705 KW1-S11_87_cg211_20  -            895   2.4e-61  203.4  13.5   1   2   2.8e-15   1.8e-12   41.9   0.1    50   191    93   224    83   246 0.78 -
GT41.hmm             -            705 KW1-S11_87_cg211_20  -            895   2.4e-61  203.4  13.5   2   2   8.4e-15   5.4e-12   40.3   0.5    34   191   582   763   557   764 0.84 -
GT28.hmm             -            157 KW1-S11_87_cg211_40  -            359   1.2e-47  156.9   0.0   1   1   7.1e-50   2.3e-47  156.0   0.0     2   156   189   344   188   345 0.96 -
GT1.hmm              -            382 KW1-S11_87_cg211_40  -            359   3.3e-16   55.6   9.2   1   1     2e-18   6.3e-16   54.6   9.1   110   372    28   345    12   356 0.79 -
CBM9.hmm             -            182 KW1-S11_87_cg213_1   -            186   2.9e-16   55.4   0.5   1   1   5.5e-19   3.5e-16   55.1   0.5     1   130    48   186    48   186 0.88 -
GT5.hmm              -            472 KW1-S11_87_cg218_2   -            386   1.2e-39  131.6   0.6   1   1   1.1e-35   3.4e-33  110.2   0.1   108   471    76   384    47   385 0.84 -
GT4.hmm              -            160 KW1-S11_87_cg218_2   -            386   6.7e-37  121.9   0.0   1   1   3.1e-39   9.9e-37  121.4   0.0     9   158   210   358   205   360 0.94 -
AA4.hmm              -            522 KW1-S11_87_cg219_11  -            481     8e-26   86.0   0.0   1   1   5.7e-23   1.8e-20   68.3   0.0    16   248     6   228     4   275 0.81 -
AA7.hmm              -            458 KW1-S11_87_cg219_11  -            481   3.4e-25   84.9   1.0   1   1     2e-26   6.3e-24   80.7   1.4    11   194    38   228    35   252 0.87 -
GT51.hmm             -            177 KW1-S11_87_cg219_50  -            703     2e-59  195.3   0.0   1   1     5e-62   3.2e-59  194.7   0.0     1   176    70   249    70   250 0.95 -
GT41.hmm             -            705 KW1-S11_87_cg222_2   -            489   5.8e-37  122.8  13.7   1   1   1.7e-18   1.1e-15   52.5   4.2    56   191   227   361   183   361 0.62 -
CE1.hmm              -            227 KW1-S11_87_cg223_2   -            328   1.9e-48  160.5   0.1   1   1   3.7e-51   2.4e-48  160.1   0.1     3   223    39   309    37   313 0.85 -
CE15.hmm             -            269 KW1-S11_87_cg223_3   -            420   5.2e-51  168.9   0.0   1   1     1e-53   6.4e-51  168.6   0.0     1   267    35   384    35   386 0.94 -
GT30.hmm             -            177 KW1-S11_87_cg225_16  -            420   1.9e-33  110.7   0.0   1   1   4.3e-36   2.7e-33  110.2   0.0    11   175    46   208    31   210 0.94 -
GH50.hmm             -            653 KW1-S11_87_cg239_1   -            499   2.4e-37  123.9   0.0   1   1   5.2e-28   3.3e-25   83.8   0.0   299   651    87   454    79   456 0.86 -
GH50.hmm             -            653 KW1-S11_87_cg239_2   -            381   3.1e-31  103.7   7.3   1   1   4.3e-16   2.8e-13   44.4   0.0   483   602   222   333   205   350 0.79 -
GH23.hmm             -            135 KW1-S11_87_cg245_7   -            690   2.4e-27   91.4   2.5   1   1   2.2e-29   1.4e-26   88.9   0.1    11   122   543   674   533   680 0.89 -
AA3.hmm              -            618 KW1-S11_87_cg246_29  -            528   2.1e-60  200.0   0.0   1   1   1.9e-62   2.5e-60  199.8   0.0    87   400     3   517     1   523 0.81 -
AA3_2.hmm            -            568 KW1-S11_87_cg246_29  -            528   1.2e-32  108.6   0.0   1   2   5.5e-19   7.1e-17   56.6   0.0     2   285     5   291     4   298 0.74 -
AA3_2.hmm            -            568 KW1-S11_87_cg246_29  -            528   1.2e-32  108.6   0.0   2   2   4.9e-17   6.3e-15   50.1   0.0   489   566   438   515   401   517 0.87 -
GT2_Glycos_transf_2.hmm PF00535.25   170 KW1-S11_87_cg248_45  -            382   1.7e-28   94.8   0.0   1   1   8.3e-31   2.7e-28   94.2   0.0     1   160    45   207    45   217 0.83 Glycosyl transferase family 2
GT2_Glyco_tranf_2_3.hmm PF13641.5    230 KW1-S11_87_cg248_45  -            382   2.9e-21   71.7   0.0   1   1   1.3e-23   4.2e-21   71.2   0.0     4   197    44   239    42   255 0.75 Glycosyltransferase like family 2
CE14.hmm             -            124 KW1-S11_87_cg248_50  -            241   9.5e-27   89.5   0.3   1   1   2.2e-29   1.4e-26   88.9   0.3     1   124     8   113     8   113 0.97 -
GT4.hmm              -            160 KW1-S11_87_cg252_16  -            360     6e-39  128.6   0.0   1   1   2.8e-41   9.1e-39  128.0   0.0     6   158   180   329   176   331 0.97 -
GT5.hmm              -            472 KW1-S11_87_cg252_16  -            360   7.5e-22   72.8   0.0   1   1   7.7e-24   2.5e-21   71.1   0.0   198   471   120   354    71   355 0.84 -
GT2_Glycos_transf_2.hmm PF00535.25   170 KW1-S11_87_cg253_18  -            320   2.7e-25   84.5   0.0   1   1   6.3e-28   4.1e-25   83.9   0.0     1   115    13   129    13   155 0.96 Glycosyl transferase family 2
GT4.hmm              -            160 KW1-S11_87_cg253_19  -            392   3.8e-40  132.5   0.0   1   1   1.9e-42   6.1e-40  131.8   0.0    12   154   211   353   203   359 0.97 -
GT5.hmm              -            472 KW1-S11_87_cg253_19  -            392   3.2e-20   67.5   0.1   1   1   3.6e-20   1.1e-17   59.1   0.0   289   471   205   382   121   383 0.75 -
GT2_Glycos_transf_2.hmm PF00535.25   170 KW1-S11_87_cg253_22  -            241   1.6e-30  101.5   0.0   1   1   3.2e-33   2.1e-30  101.1   0.0     2   168     7   171     6   173 0.97 Glycosyl transferase family 2
GT4.hmm              -            160 KW1-S11_87_cg255_59  -            356   3.7e-28   93.5   0.0   1   1   1.1e-30   6.8e-28   92.7   0.0    11   153   178   315   172   322 0.94 -
AA1.hmm              -            943 KW1-S11_87_cg256_3   -            334   3.7e-37  123.3  15.3   1   1   8.7e-32   1.9e-29   97.8   4.8   444   555    83   205    54   223 0.79 -
AA1_3.hmm            -            312 KW1-S11_87_cg256_3   -            334   3.4e-21   71.0   2.5   1   1   2.6e-22   5.6e-20   67.0   0.3    12   135    80   199    70   218 0.85 -
AA1_2.hmm            -            337 KW1-S11_87_cg256_3   -            334   1.5e-17   58.9   2.8   1   1   2.7e-16   5.8e-14   47.1   0.1     6   106   105   199   102   218 0.89 -
GT2_Glycos_transf_2.hmm PF00535.25   170 KW1-S11_87_cg268_9   -            249   2.8e-29   97.4   0.0   1   1   1.3e-31   4.3e-29   96.8   0.0     1   162    16   171    16   178 0.92 Glycosyl transferase family 2
GT2_Glyco_tranf_2_3.hmm PF13641.5    230 KW1-S11_87_cg268_9   -            249   4.7e-15   51.4   0.0   1   1   1.9e-17   6.1e-15   51.0   0.0     1   170    13   198    13   239 0.80 Glycosyltransferase like family 2
CBM66.hmm            -            155 KW1-S11_87_cg273_4   -            244   4.7e-18   61.3   0.8   1   1   1.3e-20   8.1e-18   60.5   0.8    23   154   100   233    69   234 0.79 -
AA12.hmm             -            401 KW1-S11_87_cg294_3   -            374   9.1e-20   65.9   0.0   1   1   2.5e-18   1.6e-15   51.9   0.1   185   343   191   322   178   369 0.82 -
#
# Program:         hmmscan
# Version:         3.3.1 (Jul 2020)
# Pipeline mode:   SCAN
# Query file:      /beegfs/home/lxd/2_sea_metagenomics/6.metabat2/bins_redup_refinem_drep/derep_70_10/derepbins_prodigal/KW1-S11_87.proteins.faa
# Target file:     /beegfs/home/lxd/4_salt_metagenomics/tools/CAZy/dbCAN-HMMdb-V8.txt
# Option settings: hmmscan --tblout KW1-S11_87.tbl --domtblout KW1-S11_87_dom.tbl --acc --noali --notextw -E 1e-14 --domE 1e-14 --cpu 30 /beegfs/home/lxd/4_salt_metagenomics/tools/CAZy/dbCAN-HMMdb-V8.txt /beegfs/home/lxd/2_sea_metagenomics/6.metabat2/bins_redup_refinem_drep/derep_70_10/derepbins_prodigal/KW1-S11_87.proteins.faa 
# Current dir:     /beegfs/home/lxd/2_sea_metagenomics/6.metabat2/bins_redup_refinem_drep/derep_70_10/derepbins_cazy
# Date:            Thu Mar  4 15:12:29 2021
# [ok]
