#                                                                            --- full sequence --- -------------- this domain -------------   hmm coord   ali coord   env coord
# target name        accession   tlen query name           accession   qlen   E-value  score  bias   #  of  c-Evalue  i-Evalue  score  bias  from    to  from    to  from    to  acc description of target
#------------------- ---------- ----- -------------------- ---------- ----- --------- ------ ----- --- --- --------- --------- ------ ----- ----- ----- ----- ----- ----- ----- ---- ---------------------
GT41.hmm             -            705 KW1-S21_144_cg16_2   -            575   2.9e-76  252.7  10.4   1   2   2.7e-19   1.7e-16   55.2   0.1    81   191   119   221   116   223 0.95 -
GT41.hmm             -            705 KW1-S21_144_cg16_2   -            575   2.9e-76  252.7  10.4   2   2   6.9e-18   4.4e-15   50.5   0.0   123   191   289   357   288   361 0.97 -
GT4.hmm              -            160 KW1-S21_144_cg22_8   -            391   3.1e-15   51.5   0.0   1   1   7.9e-18   5.1e-15   50.8   0.0     8   159   204   357   199   358 0.87 -
GH103.hmm            -            295 KW1-S21_144_cg27_5   -            338   4.1e-46  152.7   0.1   1   1     7e-48   4.5e-45  149.3   0.0     8   204    43   265    35   270 0.91 -
GT4.hmm              -            160 KW1-S21_144_cg41_2   -            418   4.3e-30   99.8   0.0   1   1   2.1e-32   6.9e-30   99.1   0.0    12   158   233   376   231   378 0.94 -
GT5.hmm              -            472 KW1-S21_144_cg41_2   -            418   7.8e-20   66.2   0.0   1   1   1.6e-18   5.1e-16   53.6   0.0   295   471   233   402   228   403 0.87 -
GT4.hmm              -            160 KW1-S21_144_cg41_3   -            415   7.6e-33  108.8   0.0   1   1   3.5e-35   1.1e-32  108.2   0.0     6   158   229   379   227   381 0.93 -
GT5.hmm              -            472 KW1-S21_144_cg41_3   -            415     4e-17   57.2   0.0   1   1   3.4e-16   1.1e-13   45.9   0.0   292   471   232   405   188   406 0.84 -
GH84.hmm             -            295 KW1-S21_144_cg52_5   -            431   2.5e-59  196.2   0.0   1   1     5e-62   3.2e-59  195.8   0.0     2   291    12   316    11   322 0.97 -
GT19.hmm             -            354 KW1-S21_144_cg55_7   -            400    1e-108  358.4   0.0   1   1  1.9e-111  1.2e-108  358.2   0.0     2   352     4   357     3   359 0.98 -
GH23.hmm             -            135 KW1-S21_144_cg82_12  -            763   2.6e-26   88.1   0.1   1   1     4e-29   2.6e-26   88.1   0.1    14   122   605   732   593   739 0.88 -
GT9.hmm              -            225 KW1-S21_144_cg86_10  -            365   9.1e-50  164.9   0.3   1   1   5.3e-52   3.4e-49  163.0   0.0     3   203   102   331   100   350 0.84 -
GH15.hmm             -            361 KW1-S21_144_cg87_3   -            605   3.7e-77  255.2   0.1   1   1   7.3e-80   4.7e-77  254.9   0.1     2   360   225   590   224   591 0.89 -
GT51.hmm             -            177 KW1-S21_144_cg97_12  -            809   3.5e-61  201.0   0.0   1   1     1e-63   6.6e-61  200.2   0.0     2   176    57   230    56   231 0.98 -
GT9.hmm              -            225 KW1-S21_144_cg97_14  -            347   4.2e-59  195.5   0.0   1   1   9.3e-62   5.9e-59  195.0   0.0     3   221    79   321    78   324 0.90 -
GT2_Glycos_transf_2.hmm PF00535.25   170 KW1-S21_144_cg102_2  -            326   6.8e-26   86.4   0.0   1   1   3.1e-28     1e-25   85.8   0.0     2   131     8   134     7   168 0.87 Glycosyl transferase family 2
GT2_Glyco_tranf_2_3.hmm PF13641.5    230 KW1-S21_144_cg102_2  -            326   7.1e-16   54.1   0.0   1   1   4.7e-18   1.5e-15   53.0   0.0     4   126     6   121     2   184 0.88 Glycosyltransferase like family 2
GH15.hmm             -            361 KW1-S21_144_cg103_4  -            608   9.5e-87  286.8   0.3   1   1   1.9e-89   1.2e-86  286.4   0.3     2   360   225   594   224   595 0.86 -
GT9.hmm              -            225 KW1-S21_144_cg110_3  -            375   3.8e-35  117.1   0.0   1   1   7.7e-38   4.9e-35  116.7   0.0     2   219    90   338    89   344 0.77 -
CE4.hmm              -            130 KW1-S21_144_cg119_5  -            172   2.9e-17   58.4   0.0   1   1   6.5e-20   4.2e-17   57.9   0.0    22   124    60   171    43   172 0.87 -
GH23.hmm             -            135 KW1-S21_144_cg145_1  -            542   5.5e-29   96.7   2.0   1   1   3.6e-31   1.1e-28   95.7   2.0    11   125   184   316   174   323 0.90 -
CE4.hmm              -            130 KW1-S21_144_cg153_2  -            299   5.8e-19   63.9   0.1   1   1   1.7e-21   1.1e-18   63.0   0.1    19   126    73   181    62   184 0.82 -
GH102.hmm            -            157 KW1-S21_144_cg155_2  -            402   1.8e-48  159.8   0.0   1   1   3.8e-51   2.5e-48  159.4   0.0     1   157   125   281   125   281 0.98 -
AA4.hmm              -            522 KW1-S21_144_cg161_2  -            479   5.7e-29   96.4   0.7   1   1   3.3e-27   1.1e-24   82.3   1.1    10   247     4   233     1   249 0.85 -
AA7.hmm              -            458 KW1-S21_144_cg161_2  -            479   3.1e-19   65.2   5.2   1   1     3e-21   9.7e-19   63.6   5.2    17   198    48   238    43   250 0.83 -
GT41.hmm             -            705 KW1-S21_144_cg166_20 -            270   6.4e-45  149.1  11.2   1   3   4.8e-20   3.1e-17   57.6   0.4    81   191    74   174    72   175 0.95 -
GT41.hmm             -            705 KW1-S21_144_cg166_20 -            270   6.4e-45  149.1  11.2   2   3   1.4e-17   9.2e-15   49.4   0.1   120   191   136   208   133   208 0.94 -
GT41.hmm             -            705 KW1-S21_144_cg166_20 -            270   6.4e-45  149.1  11.2   3   3   4.9e-15   3.1e-12   41.1   0.0   122   191   173   242   171   256 0.93 -
GH23.hmm             -            135 KW1-S21_144_cg171_10 -            223     1e-21   73.1   3.3   1   1   2.3e-24   1.5e-21   72.7   3.3     6   124    79   210    56   217 0.91 -
CBM50.hmm            -             40 KW1-S21_144_cg201_8  -            780   2.8e-22   74.2   1.8   1   1   3.1e-15     1e-12   43.6   0.1     2    40   518   560   518   560 0.90 -
GH23.hmm             -            135 KW1-S21_144_cg201_8  -            780   1.5e-17   59.6   0.4   1   1   1.3e-19   4.1e-17   58.3   0.0     8   104   285   383   279   426 0.83 -
GT4.hmm              -            160 KW1-S21_144_cg201_19 -            381   1.4e-29   98.1   0.0   1   1   3.5e-32   2.3e-29   97.5   0.0     9   159   194   348   187   349 0.94 -
CE10.hmm             -            341 KW1-S21_144_cg211_10 -            289   3.4e-33  110.9   0.2   1   1     7e-36   4.5e-33  110.6   0.2    34   309    13   260     4   282 0.83 -
GT30.hmm             -            177 KW1-S21_144_cg214_13 -            437   1.9e-31  104.2   0.0   1   1     6e-34   3.9e-31  103.2   0.0     5   170    40   211    32   213 0.87 -
GT20.hmm             -            475 KW1-S21_144_cg218_5  -            505  2.8e-172  568.7   0.0   1   1  5.7e-175  3.6e-172  568.4   0.0    12   472    11   475     2   475 0.95 -
CE10.hmm             -            341 KW1-S21_144_cg220_3  -            297   7.4e-57  188.8   1.2   1   1   1.3e-59   8.5e-57  188.6   1.2    69   337    46   295     9   296 0.81 -
GH23.hmm             -            135 KW1-S21_144_cg238_3  -            383   1.9e-24   82.0   3.0   1   1   4.6e-27   2.9e-24   81.4   2.0     3   120   107   242   105   253 0.91 -
GT51.hmm             -            177 KW1-S21_144_cg248_1  -            246   1.3e-58  192.7   0.0   1   1   2.3e-61   1.5e-58  192.5   0.0     2   166    56   221    55   245 0.92 -
GH109.hmm            -            126 KW1-S21_144_cg279_1  -            161   3.9e-17   58.2   0.0   1   1   4.4e-19   2.8e-16   55.4   0.0     3   126    10   120     9   120 0.90 -
GT2_Glycos_transf_2.hmm PF00535.25   170 KW1-S21_144_cg297_3  -            354   8.8e-35  115.3   0.0   1   1     4e-37   1.3e-34  114.8   0.0     1   162    16   178    16   184 0.90 Glycosyl transferase family 2
GT2_Glyco_tranf_2_3.hmm PF13641.5    230 KW1-S21_144_cg297_3  -            354   9.6e-15   50.4   0.1   1   1   4.7e-17   1.5e-14   49.7   0.1     4   198    15   206    12   216 0.80 Glycosyltransferase like family 2
GT2_Glycos_transf_2.hmm PF00535.25   170 KW1-S21_144_cg298_3  -            226   4.5e-16   54.4   0.0   1   1     1e-18   6.7e-16   53.8   0.0     1   115     4   105     4   147 0.84 Glycosyl transferase family 2
CE3.hmm              -            194 KW1-S21_144_cg304_3  -            234   3.3e-15   51.8   0.0   1   1   4.8e-17   3.1e-14   48.6   0.0     3   192    55   225    54   227 0.86 -
GT41.hmm             -            705 KW1-S21_144_cg305_9  -            293   5.7e-29   96.4   6.5   1   1   4.5e-16   2.9e-13   44.5   0.2    74   207    20   159     5   159 0.88 -
CE4.hmm              -            130 KW1-S21_144_cg367_3  -            300     1e-16   56.6   0.0   1   1   4.1e-19   2.6e-16   55.3   0.0    24   126    81   184    65   188 0.84 -
GT41.hmm             -            705 KW1-S21_144_cg373_18 -            787   4.5e-60  199.2  29.4   1   1   1.5e-20   9.3e-18   59.3   1.6    63   191    12   130     3   131 0.93 -
AA4.hmm              -            522 KW1-S21_144_cg388_2  -            496   9.5e-31  102.2   0.0   1   1   1.3e-28   4.2e-26   86.9   0.2    19   248    19   238     4   253 0.82 -
AA7.hmm              -            458 KW1-S21_144_cg388_2  -            496   7.7e-16   54.0   2.4   1   1   3.9e-18   1.3e-15   53.3   2.4    12   194    49   238    45   253 0.88 -
CE11.hmm             -            271 KW1-S21_144_cg395_1  -            294  9.6e-102  335.2   0.0   1   1  1.7e-104  1.1e-101  335.0   0.0     1   270     3   273     3   274 0.99 -
GT2_Glycos_transf_2.hmm PF00535.25   170 KW1-S21_144_cg401_6  -            495   1.4e-15   52.8   0.0   1   1   5.2e-18   3.3e-15   51.6   0.0     2   167    92   271    91   273 0.90 Glycosyl transferase family 2
GT4.hmm              -            160 KW1-S21_144_cg407_4  -            412   1.7e-31  104.4   0.0   1   1   3.9e-34   2.5e-31  103.8   0.0     6   159   220   378   217   379 0.95 -
GT1.hmm              -            382 KW1-S21_144_cg407_5  -            390   4.2e-22   74.9  25.7   1   1   1.8e-24   5.8e-22   74.4  25.7    31   381     9   379     3   386 0.92 -
GT28.hmm             -            157 KW1-S21_144_cg407_5  -            390   1.9e-15   52.3   0.0   1   1   2.1e-17   6.7e-15   50.5   0.0     2   140   213   357   212   374 0.80 -
#
# Program:         hmmscan
# Version:         3.3.1 (Jul 2020)
# Pipeline mode:   SCAN
# Query file:      /beegfs/home/lxd/2_sea_metagenomics/6.metabat2/bins_redup_refinem_drep/derep_70_10/derepbins_prodigal/KW1-S21_144.proteins.faa
# Target file:     /beegfs/home/lxd/4_salt_metagenomics/tools/CAZy/dbCAN-HMMdb-V8.txt
# Option settings: hmmscan --tblout KW1-S21_144.tbl --domtblout KW1-S21_144_dom.tbl --acc --noali --notextw -E 1e-14 --domE 1e-14 --cpu 30 /beegfs/home/lxd/4_salt_metagenomics/tools/CAZy/dbCAN-HMMdb-V8.txt /beegfs/home/lxd/2_sea_metagenomics/6.metabat2/bins_redup_refinem_drep/derep_70_10/derepbins_prodigal/KW1-S21_144.proteins.faa 
# Current dir:     /beegfs/home/lxd/2_sea_metagenomics/6.metabat2/bins_redup_refinem_drep/derep_70_10/derepbins_cazy
# Date:            Thu Mar  4 18:25:41 2021
# [ok]
