#                                                                            --- full sequence --- -------------- this domain -------------   hmm coord   ali coord   env coord
# target name        accession   tlen query name           accession   qlen   E-value  score  bias   #  of  c-Evalue  i-Evalue  score  bias  from    to  from    to  from    to  acc description of target
#------------------- ---------- ----- -------------------- ---------- ----- --------- ------ ----- --- --- --------- --------- ------ ----- ----- ----- ----- ----- ----- ----- ---- ---------------------
GT9.hmm              -            225 KW1-S08_144_cg1_2    -            355   7.9e-56  184.8   0.0   1   1   1.8e-58   1.1e-55  184.2   0.0     4   217    75   314    73   320 0.90 -
GT4.hmm              -            160 KW1-S08_144_cg1_4    -            354   9.2e-15   50.0   0.0   1   1   2.1e-17   1.4e-14   49.4   0.0     5   156   167   313   163   317 0.87 -
GT83.hmm             -            540 KW1-S08_144_cg12_3   -            407   8.8e-33  108.9  39.5   1   1   1.8e-35   1.1e-32  108.5  39.5    83   363     8   297     6   343 0.72 -
GT9.hmm              -            225 KW1-S08_144_cg15_1   -            317   6.7e-50  165.4   0.0   1   1   1.5e-52   9.4e-50  164.9   0.0     6   185   105   316   101   317 0.84 -
GT41.hmm             -            705 KW1-S08_144_cg61_5   -            262   3.6e-25   83.8   0.4   1   1     2e-15   1.3e-12   42.4   0.5   127   206    24    91     6    97 0.90 -
CE10.hmm             -            341 KW1-S08_144_cg62_4   -            623   4.6e-25   84.2   0.0   1   1   3.4e-27   7.3e-25   83.6   0.0    81   318   378   604   345   615 0.81 -
CE1.hmm              -            227 KW1-S08_144_cg62_4   -            623   1.9e-15   52.5   0.0   1   1   1.5e-17   3.2e-15   51.8   0.0     8   215   377   602   374   612 0.74 -
GT2_Glycos_transf_2.hmm PF00535.25   170 KW1-S08_144_cg79_3   -            337   1.4e-30  101.7   0.0   1   1   2.8e-33   1.8e-30  101.3   0.0     1   165     7   171     7   175 0.94 Glycosyl transferase family 2
GT4.hmm              -            160 KW1-S08_144_cg99_1   -            407     4e-34  112.9   0.0   1   1     2e-36   6.5e-34  112.2   0.0     5   159   211   358   207   359 0.95 -
GT5.hmm              -            472 KW1-S08_144_cg99_1   -            407   2.1e-17   58.2   0.0   1   1   1.3e-19   4.2e-17   57.2   0.0   281   452   206   361   140   383 0.83 -
GT2_Glycos_transf_2.hmm PF00535.25   170 KW1-S08_144_cg99_2   -            327   5.8e-35  115.9   0.0   1   1   1.5e-37   9.9e-35  115.1   0.0     1   128    21   149    21   184 0.89 Glycosyl transferase family 2
CBM51.hmm            -            134 KW1-S08_144_cg101_1  -            412     3e-31  103.7   0.0   1   1   6.6e-34   4.2e-31  103.2   0.0     2   133   268   408   267   409 0.90 -
GT9.hmm              -            225 KW1-S08_144_cg103_3  -            354   5.5e-43  142.7   0.0   1   1   1.3e-45   8.5e-43  142.1   0.0     7   217    83   330    78   336 0.85 -
GT2_Glycos_transf_2.hmm PF00535.25   170 KW1-S08_144_cg107_3  -            131   1.1e-29   98.7   0.1   1   1   3.7e-32   1.2e-29   98.6   0.1     1   126     8   130     8   131 0.96 Glycosyl transferase family 2
GT27.hmm                -            295 KW1-S08_144_cg107_3  -            131   9.8e-17   56.5   0.0   1   1   3.3e-19   1.1e-16   56.3   0.0     1   129     8   130     8   131 0.94 -
GT4.hmm              -            160 KW1-S08_144_cg112_2  -            408   6.3e-35  115.5   0.0   1   1   1.5e-37   9.3e-35  115.0   0.0     9   160   227   377   224   377 0.97 -
CE14.hmm             -            124 KW1-S08_144_cg116_2  -            233   2.8e-27   91.2   0.1   1   1   7.1e-30   4.5e-27   90.6   0.1     1   124     5   110     5   110 0.98 -
AA5.hmm              -           1281 KW1-S08_144_cg123_1  -            580   6.6e-76  251.1   9.8   1   1   1.2e-77   2.5e-75  249.2   9.1   559  1026   122   578   110   579 0.87 -
AA5_2.hmm            -            588 KW1-S08_144_cg123_1  -            580   1.3e-44  148.0   0.0   1   1     1e-37   2.1e-35  117.6   0.0   385   588   373   576   357   576 0.89 -
AA5_1.hmm            -            563 KW1-S08_144_cg123_1  -            580   1.5e-27   91.3   0.1   1   1   6.2e-21   1.3e-18   61.7   0.0   314   541   377   576   364   578 0.77 -
AA5.hmm              -           1281 KW1-S08_144_cg128_1  -            282   1.7e-18   60.9   1.1   1   1   4.8e-21   3.1e-18   60.0   1.1   575   709    70   200    42   217 0.90 -
GT83.hmm             -            540 KW1-S08_144_cg131_2  -            595     2e-20   68.1  41.0   1   1   7.9e-23   5.1e-20   66.8  41.0     5   358    26   462    22   490 0.79 -
CE1.hmm              -            227 KW1-S08_144_cg139_1  -            346   3.7e-18   61.4   0.0   1   1   1.2e-20   7.7e-18   60.3   0.0     7   214   150   330   146   341 0.77 -
GT83.hmm             -            540 KW1-S08_144_cg145_1  -            434   1.8e-23   78.2  34.1   1   1   2.9e-25   1.9e-22   74.8  20.4    65   218    70   221    61   246 0.90 -
GH129.hmm            -            618 KW1-S08_144_cg153_1  -            688   2.3e-59  196.6   0.0   1   2   8.2e-35   5.2e-32  106.2   0.0    62   249   121   320    97   342 0.88 -
GH129.hmm            -            618 KW1-S08_144_cg153_1  -            688   2.3e-59  196.6   0.0   2   2   2.2e-29   1.4e-26   88.3   0.0   411   597   493   685   485   687 0.89 -
GT41.hmm             -            705 KW1-S08_144_cg158_1  -            318   1.3e-26   88.6   5.2   1   2   2.7e-15   1.8e-12   41.9   0.2   117   191   120   195    95   196 0.87 -
GT41.hmm             -            705 KW1-S08_144_cg158_1  -            318   1.3e-26   88.6   5.2   2   2   7.9e-17   5.1e-14   47.0   0.3   119   191   190   263   189   264 0.96 -
GT2_Glycos_transf_2.hmm PF00535.25   170 KW1-S08_144_cg189_4  -            287   5.5e-31  102.9   0.0   1   1   1.2e-33   7.6e-31  102.5   0.0     1   164     3   151     3   153 0.94 Glycosyl transferase family 2
GT4.hmm              -            160 KW1-S08_144_cg194_2  -            400   5.7e-42  138.4   0.0   1   1   2.7e-44   8.7e-42  137.8   0.0     8   159   214   363   210   364 0.96 -
GT5.hmm              -            472 KW1-S08_144_cg194_2  -            400   1.7e-33  111.3   0.0   1   1   1.1e-35   3.4e-33  110.2   0.0   115   471    71   388    64   389 0.85 -
GT4.hmm              -            160 KW1-S08_144_cg194_3  -            386   2.4e-39  129.9   0.0   1   1   1.1e-41   3.7e-39  129.3   0.0     8   159   204   356   199   357 0.96 -
GT5.hmm              -            472 KW1-S08_144_cg194_3  -            386   1.2e-29   98.5   0.0   1   1   1.1e-27   3.5e-25   83.8   0.0   200   471   144   381    54   382 0.80 -
GT4.hmm              -            160 KW1-S08_144_cg194_5  -            397   8.6e-33  108.6   0.0   1   1   2.2e-35   1.4e-32  107.9   0.0     6   159   208   362   205   363 0.95 -
GT4.hmm              -            160 KW1-S08_144_cg194_6  -            512   1.7e-27   91.4   0.0   1   1   3.7e-30   2.4e-27   90.9   0.0     4   159   310   468   307   469 0.92 -
GT2_Glycos_transf_2.hmm PF00535.25   170 KW1-S08_144_cg197_2  -            237     1e-29   98.8   0.0   1   1     4e-32   1.3e-29   98.5   0.0     1   124     3   124     3   169 0.88 Glycosyl transferase family 2
GT81.hmm                -            293 KW1-S08_144_cg197_2  -            237   2.1e-18   61.5   0.0   1   1   9.4e-21     3e-18   61.0   0.0    23   123     2    94     1   101 0.90 -
GT4.hmm              -            160 KW1-S08_144_cg199_1  -            340   1.3e-32  108.0   0.0   1   1   3.3e-35   2.1e-32  107.3   0.0    10   157   188   333   185   337 0.95 -
GT2_Glycos_transf_2.hmm PF00535.25   170 KW1-S08_144_cg199_4  -            255     9e-22   73.0   0.0   1   1     2e-24   1.3e-21   72.5   0.0     1   148     7   145     7   163 0.75 Glycosyl transferase family 2
GT4.hmm              -            160 KW1-S08_144_cg226_1  -            642   3.6e-15   51.3   0.0   1   1   2.2e-17   1.4e-14   49.4   0.0     6   153   307   471   303   475 0.89 -
GT2_Glycos_transf_2.hmm PF00535.25   170 KW1-S08_144_cg242_3  -            224     1e-19   66.3   0.0   1   1   2.1e-22   1.3e-19   65.9   0.0     1   109     3   100     3   147 0.89 Glycosyl transferase family 2
AA5.hmm              -           1281 KW1-S08_144_cg247_3  -            442   1.1e-31  104.6   1.2   1   1   4.9e-17   1.6e-14   47.7   0.1   797   892    22   111     9   147 0.81 -
CBM44.hmm            -             64 KW1-S08_144_cg251_2  -            940   8.9e-15   50.0   5.8   1   1   1.4e-17   8.9e-15   50.0   5.8     7    63   618   672   615   673 0.91 -
GT9.hmm              -            225 KW1-S08_144_cg267_3  -            401     1e-42  141.9   0.0   1   1     2e-45   1.3e-42  141.5   0.0     2   222   107   361   106   364 0.87 -
GT2_Glycos_transf_2.hmm PF00535.25   170 KW1-S08_144_cg281_1  -            294   6.5e-24   79.9   0.0   1   1   3.7e-26   1.2e-23   79.1   0.0     1   169     4   171     4   172 0.86 Glycosyl transferase family 2
GT2_Glyco_tranf_2_3.hmm PF13641.5    230 KW1-S08_144_cg281_1  -            294   1.1e-20   69.8   0.0   1   1   5.6e-23   1.8e-20   69.1   0.0     3   228     2   225     1   227 0.87 Glycosyltransferase like family 2
GT2_Glycos_transf_2.hmm PF00535.25   170 KW1-S08_144_cg281_2  -            327   9.5e-32  105.4   0.0   1   1   5.8e-34   1.2e-31  105.0   0.0     1   122     4   126     4   172 0.84 Glycosyl transferase family 2
GT27.hmm                -            295 KW1-S08_144_cg281_2  -            327   2.4e-22   74.9   0.0   1   1     5e-20   1.1e-17   59.6   0.0     1   111     4   112     4   117 0.91 -
GT2_Glyco_tranf_2_3.hmm PF13641.5    230 KW1-S08_144_cg281_2  -            327   3.5e-20   68.2   0.1   1   1   5.6e-17   1.2e-14   50.1   0.0     5   120     4   116     3   127 0.85 Glycosyltransferase like family 2
CBM51.hmm            -            134 KW1-S08_144_cg288_2  -            394     1e-39  131.0   0.0   1   1   2.6e-42   1.6e-39  130.4   0.0     2   134   252   389   251   389 0.91 -
GT4.hmm              -            160 KW1-S08_144_cg289_2  -            378     5e-21   70.3   0.0   1   1   1.1e-23   7.4e-21   69.8   0.0    12   154   204   346   199   350 0.96 -
GT2_Glycos_transf_2.hmm PF00535.25   170 KW1-S08_144_cg289_5  -            250   4.1e-24   80.6   0.0   1   1   1.6e-26   5.3e-24   80.2   0.0     1   129     8   128     8   161 0.92 Glycosyl transferase family 2
GT81.hmm                -            293 KW1-S08_144_cg289_5  -            250   1.3e-17   58.9   0.0   1   1   5.3e-20   1.7e-17   58.5   0.0    21   146     5   113     2   164 0.82 -
GT4.hmm              -            160 KW1-S08_144_cg291_3  -            429   1.1e-41  137.5   0.0   1   1   4.7e-44   1.5e-41  137.0   0.0     4   157   180   331   177   335 0.97 -
GT5.hmm              -            472 KW1-S08_144_cg291_3  -            429   4.2e-17   57.2   0.0   1   1   2.3e-19   7.5e-17   56.4   0.0   289   469   182   356   149   358 0.85 -
GT27.hmm                -            295 KW1-S08_144_cg320_1  -            629   1.2e-22   75.9   0.0   1   1     3e-16   9.6e-14   46.6   0.0     3   114   266   370   265   374 0.86 -
GT2_Glycos_transf_2.hmm PF00535.25   170 KW1-S08_144_cg320_1  -            629   1.4e-15   52.8   0.0   1   1   8.6e-18   2.7e-15   51.9   0.0     3   127   266   385   265   432 0.74 Glycosyl transferase family 2
GT2_Glycos_transf_2.hmm PF00535.25   170 KW1-S08_144_cg320_2  -            276   1.5e-28   95.0   0.0   1   1   9.5e-31     2e-28   94.6   0.0     3   166    11   178     9   182 0.93 Glycosyl transferase family 2
GT27.hmm                -            295 KW1-S08_144_cg320_2  -            276   3.7e-23   77.5   0.0   1   1   2.4e-25   5.1e-23   77.1   0.0    28   247    35   244    10   266 0.75 -
GT2_Glyco_tranf_2_3.hmm PF13641.5    230 KW1-S08_144_cg320_2  -            276   4.6e-23   77.6   0.0   1   1   3.3e-25   7.1e-23   77.0   0.0     4   214     8   221     5   232 0.82 Glycosyltransferase like family 2
GT2_Glycos_transf_2.hmm PF00535.25   170 KW1-S08_144_cg333_4  -            242   7.3e-22   73.3   0.0   1   1   1.6e-24   1.1e-21   72.7   0.0     3   166    10   165     9   168 0.92 Glycosyl transferase family 2
GT4.hmm              -            160 KW1-S08_144_cg353_5  -             95   1.8e-19   65.3   0.0   1   1   3.3e-22   2.1e-19   65.1   0.0    96   157     1    62     1    66 0.96 -
GT28.hmm             -            157 KW1-S08_144_cg357_3  -            396     1e-46  153.8   0.0   1   1   2.1e-49   1.4e-46  153.4   0.0     1   157   191   351   191   351 0.94 -
AA4.hmm              -            522 KW1-S08_144_cg368_1  -            291   1.2e-15   52.4   0.0   1   1   2.9e-18   1.8e-15   51.8   0.0    53   242    32   211    24   226 0.89 -
AA4.hmm              -            522 KW1-S08_144_cg368_2  -            487   2.8e-25   84.2   0.0   1   1   1.7e-25   5.6e-23   76.6   0.0    18   258    16   246     3   261 0.82 -
AA7.hmm              -            458 KW1-S08_144_cg368_2  -            487   3.4e-22   75.0   7.4   1   1   3.7e-24   1.2e-21   73.2   7.4    12   203    47   246    44   250 0.89 -
PL12_3.hmm           -            144 KW1-S08_144_cg393_4  -            444   2.5e-29   97.4   0.4   1   1   1.2e-31     4e-29   96.7   0.4    10   144   222   354   215   354 0.92 -
PL12.hmm             -            138 KW1-S08_144_cg393_4  -            444   2.7e-25   84.6   0.1   1   1   1.4e-27   4.4e-25   83.9   0.1     2   137   216   354   215   355 0.94 -
GT2_Glycos_transf_2.hmm PF00535.25   170 KW1-S08_144_cg394_1  -           1281   1.5e-41  137.3   0.1   1   1     2e-27   3.2e-25   84.2   0.1     1   114  1149  1263  1149  1280 0.89 Glycosyl transferase family 2
GT2_Glyco_tranf_2_3.hmm PF13641.5    230 KW1-S08_144_cg394_1  -           1281   8.5e-27   89.8   2.3   1   1   1.4e-15   2.3e-13   45.8   0.0     2   214   817  1045   815  1065 0.79 Glycosyltransferase like family 2
GT76.hmm             -            407 KW1-S08_144_cg396_3  -            396   4.4e-23   77.2  10.4   1   1   1.3e-25   8.3e-23   76.3  10.4     4   233    27   249    24   254 0.86 -
GT41.hmm             -            705 KW1-S08_144_cg397_4  -            357   4.2e-42  139.8   5.0   1   2   1.1e-19   6.9e-17   56.5   0.1    40   191    27   168    17   168 0.79 -
GT41.hmm             -            705 KW1-S08_144_cg397_4  -            357   4.2e-42  139.8   5.0   2   2     3e-19   1.9e-16   55.0   0.2    85   191   242   338   235   349 0.83 -
GT2_Glycos_transf_2.hmm PF00535.25   170 KW1-S08_144_cg405_2  -            322   2.2e-19   65.2   0.0   1   1   5.3e-22   3.4e-19   64.6   0.0     4   164     7   160     4   165 0.83 Glycosyl transferase family 2
GT87.hmm             -            231 KW1-S08_144_cg412_2  -            419   2.4e-19   65.2   9.8   1   1   3.8e-22   2.4e-19   65.2   9.8     2   146    53   200    52   253 0.78 -
GT28.hmm             -            157 KW1-S08_144_cg422_2  -            349   2.1e-17   58.6   0.1   1   1   7.2e-20   4.6e-17   57.5   0.0     2   148   177   325   176   332 0.88 -
CE14.hmm             -            124 KW1-S08_144_cg437_3  -            761     1e-22   76.5   0.1   1   1   3.6e-25   2.3e-22   75.3   0.1     3   122    30   149    28   151 0.86 -
GT19.hmm             -            354 KW1-S08_144_cg441_3  -            395   5.9e-96  316.4   0.0   1   1   1.1e-98   7.1e-96  316.2   0.0     1   350    16   365    16   369 0.96 -
GT41.hmm             -            705 KW1-S08_144_cg456_3  -           1205   2.3e-19   64.7   0.0   1   1   2.1e-15   1.3e-12   42.3   0.0    39   191   413   555   398   739 0.82 -
GT83.hmm             -            540 KW1-S08_144_cg462_2  -            475   4.4e-68  225.4  49.9   1   1   1.8e-70   5.6e-68  225.0  49.9    11   365    17   372    13   423 0.85 -
GT39.hmm             -            223 KW1-S08_144_cg462_2  -            475   2.3e-16   55.3  16.3   1   1   7.3e-19   2.3e-16   55.3  16.3    43   193    60   212    18   282 0.83 -
CE4.hmm              -            130 KW1-S08_144_cg464_3  -            299   8.6e-22   73.0   0.0   1   1   2.6e-24   1.7e-21   72.1   0.0    21   127    62   172    37   175 0.90 -
GT41.hmm             -            705 KW1-S08_144_cg465_4  -            173   9.4e-17   56.0   0.0   1   1   1.7e-19   1.1e-16   55.8   0.0    69   191    40   152    22   167 0.87 -
GT2_Glycos_transf_2.hmm PF00535.25   170 KW1-S08_144_cg479_2  -            272   9.8e-21   69.6   0.0   1   1   2.1e-23   1.4e-20   69.1   0.0     1   142     8   147     8   182 0.83 Glycosyl transferase family 2
CE14.hmm             -            124 KW1-S08_144_cg484_5  -            233   5.4e-27   90.3   0.2   1   1   1.6e-29     1e-26   89.4   0.2     1   123     4   121     4   123 0.93 -
GT2_Glycos_transf_2.hmm PF00535.25   170 KW1-S08_144_cg487_2  -            248   8.7e-19   63.2   0.0   1   1     2e-21   1.3e-18   62.7   0.0     1   129     8   136     8   167 0.87 Glycosyl transferase family 2
#
# Program:         hmmscan
# Version:         3.3.1 (Jul 2020)
# Pipeline mode:   SCAN
# Query file:      /beegfs/home/lxd/2_sea_metagenomics/6.metabat2/bins_redup_refinem_drep/derep_70_10/derepbins_prodigal/KW1-S08_144.proteins.faa
# Target file:     /beegfs/home/lxd/4_salt_metagenomics/tools/CAZy/dbCAN-HMMdb-V8.txt
# Option settings: hmmscan --tblout KW1-S08_144.tbl --domtblout KW1-S08_144_dom.tbl --acc --noali --notextw -E 1e-14 --domE 1e-14 --cpu 30 /beegfs/home/lxd/4_salt_metagenomics/tools/CAZy/dbCAN-HMMdb-V8.txt /beegfs/home/lxd/2_sea_metagenomics/6.metabat2/bins_redup_refinem_drep/derep_70_10/derepbins_prodigal/KW1-S08_144.proteins.faa 
# Current dir:     /beegfs/home/lxd/2_sea_metagenomics/6.metabat2/bins_redup_refinem_drep/derep_70_10/derepbins_cazy
# Date:            Thu Mar  4 12:16:28 2021
# [ok]
