#                                                                            --- full sequence --- -------------- this domain -------------   hmm coord   ali coord   env coord
# target name        accession   tlen query name           accession   qlen   E-value  score  bias   #  of  c-Evalue  i-Evalue  score  bias  from    to  from    to  from    to  acc description of target
#------------------- ---------- ----- -------------------- ---------- ----- --------- ------ ----- --- --- --------- --------- ------ ----- ----- ----- ----- ----- ----- ----- ---- ---------------------
GT9.hmm              -            225 KW1-S05_53_cg11_1    -            287   9.7e-49  161.6   0.0   1   1   1.9e-51   1.2e-48  161.2   0.0     3   217    13   255    11   267 0.82 -
GT4.hmm              -            160 KW1-S05_53_cg11_2    -            362   4.3e-36  119.3   0.0   1   1     2e-38   6.5e-36  118.7   0.0     4   159   177   330   174   331 0.97 -
GT5.hmm              -            472 KW1-S05_53_cg11_2    -            362   1.2e-15   52.4   0.0   1   1   5.4e-18   1.7e-15   51.9   0.0   283   437   175   321   154   356 0.83 -
CE1.hmm              -            227 KW1-S05_53_cg16_4    -            287   4.8e-48  159.2   0.0   1   1   8.6e-51   5.5e-48  158.9   0.0     1   225    29   282    29   284 0.86 -
CE1.hmm              -            227 KW1-S05_53_cg37_5    -            801   8.4e-24   79.8   0.2   1   1   5.6e-26   1.8e-23   78.8   0.2    10   194   558   759   549   794 0.77 -
CE10.hmm             -            341 KW1-S05_53_cg37_5    -            801   1.5e-22   76.0   1.4   1   1     5e-25   1.6e-22   75.8   0.3    80   316   554   782   518   794 0.83 -
GT19.hmm             -            354 KW1-S05_53_cg45_12   -            265   5.4e-74  244.2   0.0   1   1   9.7e-77   6.2e-74  244.0   0.0   119   353     1   242     1   243 0.97 -
CE10.hmm             -            341 KW1-S05_53_cg51_6    -            647   2.2e-28   95.2   0.0   1   1   9.9e-31   3.2e-28   94.6   0.0    90   323   402   622   346   630 0.80 -
CE7.hmm              -            313 KW1-S05_53_cg51_6    -            647   4.8e-15   50.5   0.2   1   1   1.9e-16     6e-14   46.9   0.2    55   306   375   613   355   618 0.81 -
GT9.hmm              -            225 KW1-S05_53_cg76_2    -            331   5.1e-49  162.5   0.2   1   1     1e-51   6.4e-49  162.2   0.2     3   206    44   283    42   310 0.85 -
AA3.hmm              -            618 KW1-S05_53_cg78_8    -            552   1.9e-57  190.2   0.0   1   1   1.5e-59   2.5e-57  189.9   0.0    86   398     8   543     3   550 0.79 -
AA3_1.hmm            -            548 KW1-S05_53_cg78_8    -            552   6.9e-30   99.4   0.0   1   1   8.4e-16   1.3e-13   45.6   0.0    12   122     7   119     2   124 0.84 -
AA3_2.hmm            -            568 KW1-S05_53_cg78_8    -            552   9.5e-29   95.7   0.0   1   1   2.5e-18     4e-16   54.1   0.0     3   280    12   302    10   303 0.76 -
GT41.hmm             -            705 KW1-S05_53_cg82_6    -            552   1.2e-21   72.2   4.5   1   1     3e-20   1.9e-17   58.3   2.2    60   191   117   238   107   320 0.89 -
GT41.hmm             -            705 KW1-S05_53_cg83_7    -            715   2.4e-62  206.7  23.7   1   4   1.7e-24   1.1e-21   72.3   4.3    45   191     6   142     1   142 0.93 -
GT41.hmm             -            705 KW1-S05_53_cg83_7    -            715   2.4e-62  206.7  23.7   2   4   5.8e-17   3.7e-14   47.4   0.1   123   191   108   176   107   177 0.96 -
GT41.hmm             -            705 KW1-S05_53_cg83_7    -            715   2.4e-62  206.7  23.7   3   4   4.3e-18   2.8e-15   51.2   0.3   122   191   141   210   139   211 0.95 -
GT41.hmm             -            705 KW1-S05_53_cg83_7    -            715   2.4e-62  206.7  23.7   4   4     6e-15   3.8e-12   40.8   0.4    82   192   213   340   211   445 0.62 -
GT35.hmm             -            674 KW1-S05_53_cg84_1    -            582  1.3e-171  567.7   0.0   1   1  2.3e-174  1.4e-171  567.5   0.0     1   456    94   582    94   582 0.97 -
GT41.hmm             -            705 KW1-S05_53_cg91_2    -            587   2.6e-24   81.0   1.7   1   1   5.4e-15   3.5e-12   40.9   0.5   113   191    19    98     3   108 0.84 -
GT41.hmm             -            705 KW1-S05_53_cg91_3    -            643   1.4e-33  111.7   8.0   1   2   9.7e-15   6.2e-12   40.1   6.5    49   191    19   150     2   151 0.71 -
GT41.hmm             -            705 KW1-S05_53_cg91_3    -            643   1.4e-33  111.7   8.0   2   2   3.4e-15   2.2e-12   41.6   0.0   122   191   217   286   217   530 0.86 -
AA4.hmm              -            522 KW1-S05_53_cg96_1    -            181   2.3e-16   54.8   0.0   1   1   7.5e-19   2.4e-16   54.7   0.0    16   164    11   157     5   181 0.84 -
AA7.hmm              -            458 KW1-S05_53_cg96_1    -            181   3.4e-15   51.9   0.2   1   1   1.2e-17   3.7e-15   51.8   0.2    12   102    46   138    40   181 0.88 -
GT28.hmm             -            157 KW1-S05_53_cg96_15   -            373   7.8e-56  183.5   0.3   1   1   1.7e-58   1.1e-55  183.0   0.3     2   157   189   349   188   349 0.97 -
AA6.hmm              -            195 KW1-S05_53_cg110_5   -            200   4.5e-66  217.3   0.0   1   1   7.9e-69   5.1e-66  217.2   0.0     2   195     5   195     4   195 0.91 -
GH23.hmm             -            135 KW1-S05_53_cg110_9   -            193     8e-17   57.3   0.0   1   1   1.6e-19     1e-16   56.9   0.0    10   122    86   186    78   192 0.86 -
GT30.hmm             -            177 KW1-S05_53_cg118_1   -            185   9.1e-52  170.4   0.0   1   1   1.8e-54   1.2e-51  170.0   0.0     2   130    54   185    53   185 0.97 -
GT9.hmm              -            225 KW1-S05_53_cg118_6   -            342   9.2e-52  171.5   0.0   1   1   1.8e-54   1.2e-51  171.1   0.0     2   222    77   322    76   325 0.84 -
GT41.hmm             -            705 KW1-S05_53_cg121_4   -            190   1.2e-15   52.3   0.3   1   1   2.3e-18   1.5e-15   52.1   0.3    52   191    31   161    10   180 0.89 -
GT51.hmm             -            177 KW1-S05_53_cg152_12  -            343   2.2e-67  221.2   0.0   1   1   4.7e-70     3e-67  220.8   0.0     1   176    58   233    58   234 0.99 -
GT41.hmm             -            705 KW1-S05_53_cg155_7   -            266   1.1e-24   82.2   1.7   1   1   1.3e-16     8e-14   46.3   0.0    53   191    87   215    77   237 0.92 -
GH103.hmm            -            295 KW1-S05_53_cg163_1   -            195   2.6e-50  166.5   0.0   1   1   4.7e-53     3e-50  166.2   0.0     7   161    40   195    35   195 0.97 -
CE1.hmm              -            227 KW1-S05_53_cg189_3   -            379     2e-32  108.0   0.0   1   1   4.5e-35   2.9e-32  107.5   0.0     6   222   151   367   147   370 0.81 -
CE1.hmm              -            227 KW1-S05_53_cg189_5   -            242   5.5e-15   51.0   0.0   1   1     1e-17   6.4e-15   50.8   0.0    70   222    80   239    28   241 0.73 -
CE10.hmm             -            341 KW1-S05_53_cg197_3   -            684   1.7e-24   82.4   0.3   1   1   7.7e-27   2.5e-24   81.8   0.3    75   316   431   660   403   674 0.85 -
GT41.hmm             -            705 KW1-S05_53_cg209_5   -            983   3.5e-49  163.2  22.4   1   3   1.7e-18   1.1e-15   52.5   0.4    93   191    19   114     2   122 0.81 -
GT41.hmm             -            705 KW1-S05_53_cg209_5   -            983   3.5e-49  163.2  22.4   2   3   4.5e-16   2.9e-13   44.5   0.2   122   212   181   261   181   323 0.82 -
GT41.hmm             -            705 KW1-S05_53_cg209_5   -            983   3.5e-49  163.2  22.4   3   3   1.3e-15   8.4e-13   43.0   3.9    49   191   499   631   485   698 0.86 -
GT41.hmm             -            705 KW1-S05_53_cg209_6   -            504   1.5e-98  326.4   0.0   1   1  2.8e-101   1.8e-98  326.1   0.0   147   520    28   502    19   503 0.94 -
GT41.hmm             -            705 KW1-S05_53_cg212_5   -            356   2.6e-20   67.8  11.2   1   1   6.8e-15   4.3e-12   40.6   2.2    60   187   121   238   115   248 0.91 -
GT41.hmm             -            705 KW1-S05_53_cg218_2   -            755   1.3e-27   91.9  16.4   1   1   2.4e-20   1.5e-17   58.6   0.9    75   191    61   167    60   169 0.97 -
AA7.hmm              -            458 KW1-S05_53_cg221_6   -            418   1.8e-90  300.0   0.1   1   1   3.6e-93   2.3e-90  299.7   0.1     3   348    77   416    75   418 0.96 -
GT51.hmm             -            177 KW1-S05_53_cg237_6   -            229   3.6e-52  171.7   0.0   1   1   7.4e-55   4.7e-52  171.3   0.0    14   171    66   223    56   227 0.96 -
GT41.hmm             -            705 KW1-S05_53_cg244_2   -            259   7.9e-18   59.6   4.8   1   1   8.8e-17   5.6e-14   46.8   0.4    82   191    35   134    24   136 0.90 -
CE1.hmm              -            227 KW1-S05_53_cg250_7   -            277   8.7e-20   66.7   0.0   1   1   1.8e-22   1.1e-19   66.3   0.0     7   156    44   205    40   264 0.69 -
GT41.hmm             -            705 KW1-S05_53_cg250_13  -            640  8.9e-116  383.3   0.5   1   1  2.7e-118  1.7e-115  382.4   0.5    54   513    57   623     3   636 0.89 -
GH23.hmm             -            135 KW1-S05_53_cg263_4   -            468   2.7e-23   78.2   0.2   1   1   9.6e-26   6.2e-23   77.1   0.2    14   122   289   436   278   444 0.93 -
GT41.hmm             -            705 KW1-S05_53_cg264_3   -            693   1.2e-21   72.2   2.0   1   1   7.7e-16   4.9e-13   43.7   0.1    64   191   309   427   296   429 0.92 -
GT41.hmm             -            705 KW1-S05_53_cg265_4   -            677  9.3e-143  472.5  20.6   1   2   7.9e-54   5.1e-51  169.3   0.0   520   686   334   501   322   501 0.90 -
GT41.hmm             -            705 KW1-S05_53_cg265_4   -            677  9.3e-143  472.5  20.6   2   2     3e-66   1.9e-63  210.4   0.0   305   473   492   677   489   677 0.96 -
GH3.hmm              -            216 KW1-S05_53_cg271_14  -            348   7.9e-53  174.5   0.0   1   1   1.7e-55   1.1e-52  174.0   0.0     9   216    57   281    50   281 0.91 -
AA3.hmm              -            618 KW1-S05_53_cg272_5   -            529   1.9e-49  163.9   0.0   1   1   1.2e-51   2.5e-49  163.5   0.0    84   398    16   516     5   524 0.76 -
AA3_1.hmm            -            548 KW1-S05_53_cg272_5   -            529   4.8e-27   90.0   0.9   1   1     7e-19   1.5e-16   55.3   0.5    13   278    18   272     8   283 0.81 -
CE11.hmm             -            271 KW1-S05_53_cg273_7   -            360  4.4e-117  385.5   0.0   1   1  7.9e-120  5.1e-117  385.3   0.0     1   270    60   331    60   332 0.99 -
GT41.hmm             -            705 KW1-S05_53_cg285_3   -            607   2.7e-34  114.0   9.0   1   1   4.8e-15   3.1e-12   41.1   0.7   122   192   170   269   168   509 0.70 -
GT41.hmm             -            705 KW1-S05_53_cg294_3   -            502   4.1e-33  110.1   6.4   1   1   1.4e-21   8.9e-19   62.7   1.2    28   191    12   165     2   174 0.89 -
GT41.hmm             -            705 KW1-S05_53_cg294_4   -            495   4.1e-29   96.9  10.1   1   1   5.5e-17   3.5e-14   47.5   4.2    57   220   139   284   128   377 0.87 -
GH103.hmm            -            295 KW1-S05_53_cg304_1   -            190   1.4e-60  200.2   0.0   1   1   2.4e-63   1.5e-60  200.0   0.0   117   294     1   180     1   181 0.92 -
GH153.hmm            -            349 KW1-S05_53_cg308_2   -            377   2.8e-48  159.9   1.8   1   1   1.3e-50   4.3e-48  159.3   1.8     3    88   292   377   290   377 0.99 -
CE4.hmm              -            130 KW1-S05_53_cg308_2   -            377   4.3e-26   86.9   0.0   1   1     3e-28   9.5e-26   85.8   0.0     3   125    81   249    79   255 0.81 -
#
# Program:         hmmscan
# Version:         3.3.1 (Jul 2020)
# Pipeline mode:   SCAN
# Query file:      /beegfs/home/lxd/2_sea_metagenomics/6.metabat2/bins_redup_refinem_drep/derep_70_10/derepbins_prodigal/KW1-S05_53.proteins.faa
# Target file:     /beegfs/home/lxd/4_salt_metagenomics/tools/CAZy/dbCAN-HMMdb-V8.txt
# Option settings: hmmscan --tblout KW1-S05_53.tbl --domtblout KW1-S05_53_dom.tbl --acc --noali --notextw -E 1e-14 --domE 1e-14 --cpu 30 /beegfs/home/lxd/4_salt_metagenomics/tools/CAZy/dbCAN-HMMdb-V8.txt /beegfs/home/lxd/2_sea_metagenomics/6.metabat2/bins_redup_refinem_drep/derep_70_10/derepbins_prodigal/KW1-S05_53.proteins.faa 
# Current dir:     /beegfs/home/lxd/2_sea_metagenomics/6.metabat2/bins_redup_refinem_drep/derep_70_10/derepbins_cazy
# Date:            Thu Mar  4 11:27:44 2021
# [ok]
