#                                                                            --- full sequence --- -------------- this domain -------------   hmm coord   ali coord   env coord
# target name        accession   tlen query name           accession   qlen   E-value  score  bias   #  of  c-Evalue  i-Evalue  score  bias  from    to  from    to  from    to  acc description of target
#------------------- ---------- ----- -------------------- ---------- ----- --------- ------ ----- --- --- --------- --------- ------ ----- ----- ----- ----- ----- ----- ----- ---- ---------------------
GH23.hmm             -            135 KW1-S11_99_cg9_5     -            672     1e-22   76.4   0.0   1   1   1.6e-25     1e-22   76.4   0.0    17   121   491   618   484   624 0.91 -
GH73.hmm             -            128 KW1-S11_99_cg31_2    -            358   1.5e-17   59.6   0.0   1   1   3.2e-20   2.1e-17   59.1   0.0     8   128   209   336   203   336 0.82 -
GT41.hmm             -            705 KW1-S11_99_cg44_4    -            466   5.4e-27   89.9   7.6   1   1   7.2e-16   4.6e-13   43.8   0.3    72   191   242   363   233   370 0.93 -
GT2_Glycos_transf_2.hmm PF00535.25   170 KW1-S11_99_cg73_2    -            404   5.8e-22   73.6   0.0   1   1   5.8e-24   1.2e-21   72.5   0.0     2   168    48   231    47   233 0.93 Glycosyl transferase family 2
GT2_Glyco_tranf_2_3.hmm PF13641.5    230 KW1-S11_99_cg73_2    -            404   7.2e-16   54.0   0.0   1   1   5.3e-18   1.1e-15   53.4   0.0     1   198    44   256    44   258 0.82 Glycosyltransferase like family 2
GT21.hmm                -            233 KW1-S11_99_cg73_2    -            404   9.3e-15   50.0   0.0   1   1   6.4e-17   1.4e-14   49.5   0.0     1   201    44   257    44   269 0.82 -
CE10.hmm             -            341 KW1-S11_99_cg74_2    -            285   8.5e-27   89.9   3.4   1   1     2e-29   1.3e-26   89.3   3.4    66   300    43   252     8   264 0.80 -
GT4.hmm              -            160 KW1-S11_99_cg76_1    -            337   3.5e-30  100.1   0.0   1   1   1.6e-32   5.2e-30   99.5   0.0     9   159   162   303   155   304 0.94 -
GT5.hmm              -            472 KW1-S11_99_cg76_1    -            337   2.5e-16   54.6   0.0   1   1   1.2e-16   3.7e-14   47.5   0.0   291   471   161   328   113   329 0.76 -
GT26.hmm             -            171 KW1-S11_99_cg76_3    -            254   1.6e-65  215.2   0.2   1   1   3.1e-68     2e-65  214.9   0.2     3   171    57   228    55   228 0.99 -
GT4.hmm              -            160 KW1-S11_99_cg80_1    -            286   5.7e-18   60.4   0.0   1   1   1.3e-20   8.2e-18   59.9   0.0    21   157   113   259   109   262 0.85 -
GT4.hmm              -            160 KW1-S11_99_cg91_5    -            370   4.1e-35  116.1   0.0   1   1   1.9e-37     6e-35  115.6   0.0     6   159   181   334   176   335 0.93 -
GT5.hmm              -            472 KW1-S11_99_cg91_5    -            370   2.7e-16   54.5   0.0   1   1   1.8e-18   5.7e-16   53.5   0.0   240   436   149   324   132   342 0.84 -
AA3.hmm              -            618 KW1-S11_99_cg95_2    -            526   1.4e-53  177.5   0.0   1   1   1.5e-55   1.9e-53  177.1   0.0    86   396    12   520     6   524 0.84 -
AA3_2.hmm            -            568 KW1-S11_99_cg95_2    -            526   3.3e-24   80.8   2.8   1   1   2.1e-17   2.7e-15   51.4   0.0   502   564   458   520   409   522 0.92 -
AA3_1.hmm            -            548 KW1-S11_99_cg95_2    -            526   2.3e-21   71.2   1.1   1   1   1.2e-15   1.5e-13   45.4   0.0   479   541   458   518   442   521 0.90 -
GH102.hmm            -            157 KW1-S11_99_cg104_6   -            443   7.6e-53  174.0   0.0   1   1   1.6e-55     1e-52  173.6   0.0     2   157   173   328   172   328 0.99 -
GT41.hmm             -            705 KW1-S11_99_cg119_2   -            385   6.5e-23   76.4   7.6   1   1   7.7e-18   4.9e-15   50.3   0.9    82   191    90   189    53   190 0.81 -
AA3_2.hmm            -            568 KW1-S11_99_cg135_3   -            556  1.6e-165  547.3   0.0   1   1  1.6e-167    2e-165  547.0   0.0     1   566    12   544    12   546 0.94 -
AA3.hmm              -            618 KW1-S11_99_cg135_3   -            556    1e-105  349.7   0.0   1   1    1e-107  1.3e-105  349.3   0.0    83   402     7   548     2   553 0.88 -
AA3_3.hmm            -            590 KW1-S11_99_cg135_3   -            556   1.2e-82  273.4   0.0   1   2   1.3e-64   1.7e-62  206.9   0.0     2   317    13   313    12   330 0.90 -
AA3_3.hmm            -            590 KW1-S11_99_cg135_3   -            556   1.2e-82  273.4   0.0   2   2   6.9e-19   8.9e-17   55.9   0.1   509   586   468   544   460   546 0.94 -
AA3_1.hmm            -            548 KW1-S11_99_cg135_3   -            556     2e-58  193.5   0.0   1   2   2.6e-42   3.4e-40  133.4   0.0     9   322     6   310     2   321 0.78 -
AA3_1.hmm            -            548 KW1-S11_99_cg135_3   -            556     2e-58  193.5   0.0   2   2   1.3e-18   1.6e-16   55.2   0.0   425   546   424   545   390   547 0.75 -
AA8.hmm              -            815 KW1-S11_99_cg135_3   -            556   1.2e-46  154.3   0.1   1   2   3.8e-33   4.8e-31  102.7   0.0   240   553     8   312     2   318 0.77 -
AA8.hmm              -            815 KW1-S11_99_cg135_3   -            556   1.2e-46  154.3   0.1   2   2   4.9e-16   6.3e-14   46.1   0.0   659   780   429   550   404   554 0.71 -
GT2_Glycos_transf_2.hmm PF00535.25   170 KW1-S11_99_cg141_4   -            227   9.7e-28   92.4   0.0   1   1   1.8e-30   1.2e-27   92.1   0.0     1   169     8   164     8   165 0.95 Glycosyl transferase family 2
GT94.hmm             -            283 KW1-S11_99_cg158_4   -            378   1.8e-26   88.0   0.0   1   1     8e-29   2.6e-26   87.5   0.0    31   219   112   305   102   357 0.87 -
GT4.hmm              -            160 KW1-S11_99_cg158_4   -            378   2.6e-23   77.8   0.0   1   1   7.5e-25   2.4e-22   74.6   0.0    12   153   200   341   190   347 0.88 -
GT2_Glycos_transf_2.hmm PF00535.25   170 KW1-S11_99_cg180_5   -            351   2.8e-20   68.1   0.0   1   1   6.7e-23   4.3e-20   67.5   0.0     3   165    14   172    12   176 0.85 Glycosyl transferase family 2
AA3_2.hmm            -            568 KW1-S11_99_cg184_5   -            353  2.1e-101  335.6   0.0   1   1    2e-103  2.5e-101  335.4   0.0   208   568     1   332     1   332 0.93 -
AA3.hmm              -            618 KW1-S11_99_cg184_5   -            353   1.9e-64  213.3   0.0   1   1   1.8e-66   2.4e-64  213.1   0.0   206   403     1   335     1   343 0.93 -
AA3_3.hmm            -            590 KW1-S11_99_cg184_5   -            353   1.9e-48  160.5   0.0   1   2   3.3e-23   4.3e-21   70.2   0.0   199   317     2   106     1   117 0.91 -
AA3_3.hmm            -            590 KW1-S11_99_cg184_5   -            353   1.9e-48  160.5   0.0   2   2   1.7e-23   2.1e-21   71.2   0.0   508   590   253   334   242   334 0.95 -
AA3_1.hmm            -            548 KW1-S11_99_cg184_5   -            353   7.2e-42  138.9   0.0   1   1   8.4e-44   1.1e-41  138.3   0.0   206   544     3   329     1   332 0.81 -
AA8.hmm              -            815 KW1-S11_99_cg184_5   -            353   3.3e-33  109.9   0.0   1   1   8.9e-35   1.1e-32  108.1   0.0   437   776     5   332     2   347 0.77 -
GT51.hmm             -            177 KW1-S11_99_cg190_5   -            155   1.7e-30  101.1   0.0   1   1   3.1e-33     2e-30  100.9   0.0     1    94    59   155    59   155 0.95 -
CE9.hmm              -            373 KW1-S11_99_cg195_4   -            377  3.4e-110  363.4   0.4   1   1  6.2e-113    4e-110  363.1   0.4    43   373    43   369     8   369 0.92 -
GT51.hmm             -            177 KW1-S11_99_cg210_1   -            700   7.5e-47  154.4   0.0   1   1   1.6e-49     1e-46  153.9   0.0    58   176     9   127     1   128 0.95 -
CE10.hmm             -            341 KW1-S11_99_cg236_2   -            289   3.3e-27   91.3   0.0   1   1   6.7e-30   4.3e-27   90.9   0.0    69   308    49   264    13   281 0.80 -
GT4.hmm              -            160 KW1-S11_99_cg248_3   -            402   2.9e-30  100.3   0.0   1   1   1.5e-32   4.7e-30   99.7   0.0     8   149   218   360   211   369 0.89 -
GT5.hmm              -            472 KW1-S11_99_cg248_3   -            402     2e-18   61.5   0.0   1   1   1.2e-20   3.9e-18   60.6   0.0   279   471   208   396   163   397 0.78 -
GT9.hmm              -            225 KW1-S11_99_cg248_4   -            322   1.1e-37  125.5   0.1   1   1   2.3e-40   1.5e-37  125.0   0.1     3   194    84   290    81   312 0.82 -
GT28.hmm             -            157 KW1-S11_99_cg255_10  -            406   4.5e-44  145.3   0.2   1   1   9.9e-47   6.3e-44  144.8   0.2     2   156   193   354   192   355 0.96 -
AA1.hmm              -            943 KW1-S11_99_cg263_3   -           1414   5.5e-30   99.5  15.0   1   1   6.8e-15   4.4e-12   40.3   0.1   463   558   171   271   131   301 0.84 -
AA4.hmm              -            522 KW1-S11_99_cg275_7   -            467     6e-28   93.0   0.0   1   1   5.1e-27   1.6e-24   81.7   0.0    15   257    12   243     4   296 0.79 -
AA7.hmm              -            458 KW1-S11_99_cg275_7   -            467     1e-19   66.8   0.3   1   1   1.5e-21   4.8e-19   64.6   1.0    13   212    46   253    40   344 0.91 -
GT51.hmm             -            177 KW1-S11_99_cg286_4   -            695   7.1e-64  209.8   0.0   1   1   1.7e-66   1.1e-63  209.2   0.0     2   176   151   325   150   326 0.97 -
AA4.hmm              -            522 KW1-S11_99_cg294_2   -            478     7e-23   76.3   0.2   1   1   1.6e-21     5e-19   63.6   0.1    19   248    14   233     2   249 0.80 -
AA7.hmm              -            458 KW1-S11_99_cg294_2   -            478   7.9e-18   60.6   1.9   1   1   9.6e-19   3.1e-16   55.3   1.3    10   206    42   246    37   344 0.81 -
GT2_Glycos_transf_2.hmm PF00535.25   170 KW1-S11_99_cg304_2   -            168   7.5e-21   70.0   0.0   1   1   1.4e-23   8.7e-21   69.7   0.0     2   132    18   146    17   165 0.91 Glycosyl transferase family 2
CE11.hmm             -            271 KW1-S11_99_cg304_6   -            343  8.5e-110  361.6   0.0   1   1  1.6e-112    1e-109  361.3   0.0     1   270    35   306    35   307 0.98 -
PL12_3.hmm           -            144 KW1-S11_99_cg312_1   -            596   6.3e-15   50.7   0.3   1   1   2.2e-17   1.4e-14   49.6   0.3    22   138   339   452   316   458 0.82 -
AA7.hmm              -            458 KW1-S11_99_cg317_2   -            479    3e-106  352.1   0.2   1   1  6.5e-107  4.2e-104  345.0   0.2     4   458    44   474    41   474 0.82 -
GT41.hmm             -            705 KW1-S11_99_cg318_1   -            263   7.4e-30   99.3   4.5   1   2   9.2e-18   5.9e-15   50.1   0.2    91   191    16   106     4   106 0.79 -
GT41.hmm             -            705 KW1-S11_99_cg318_1   -            263   7.4e-30   99.3   4.5   2   2   3.4e-18   2.2e-15   51.5   0.7   123   191   106   174   105   212 0.90 -
GT30.hmm             -            177 KW1-S11_99_cg328_6   -            443     7e-64  209.9   0.8   1   1   1.8e-66   1.2e-63  209.1   0.3     2   175    35   210    34   212 0.98 -
GT4.hmm              -            160 KW1-S11_99_cg330_5   -            347   1.9e-34  113.9   0.0   1   1   8.1e-37   2.6e-34  113.5   0.0     4   157   163   315   160   319 0.95 -
GT5.hmm              -            472 KW1-S11_99_cg330_5   -            347   3.9e-19   63.9   0.0   1   1   1.6e-21   5.3e-19   63.5   0.0   279   471   155   342   134   343 0.83 -
GT9.hmm              -            225 KW1-S11_99_cg330_6   -            327   1.2e-40  135.1   1.0   1   1   2.5e-43   1.6e-40  134.7   1.0     3   203    70   275    68   294 0.81 -
CE1.hmm              -            227 KW1-S11_99_cg353_6   -            224   9.6e-15   50.2   0.0   1   1     2e-17   1.3e-14   49.8   0.0    15   207    14   198    10   214 0.69 -
GT19.hmm             -            354 KW1-S11_99_cg354_7   -            390  6.9e-117  385.3   0.0   1   1  1.2e-119    8e-117  385.1   0.0     1   347     7   358     7   365 0.96 -
#
# Program:         hmmscan
# Version:         3.3.1 (Jul 2020)
# Pipeline mode:   SCAN
# Query file:      /beegfs/home/lxd/2_sea_metagenomics/6.metabat2/bins_redup_refinem_drep/derep_70_10/derepbins_prodigal/KW1-S11_99.proteins.faa
# Target file:     /beegfs/home/lxd/4_salt_metagenomics/tools/CAZy/dbCAN-HMMdb-V8.txt
# Option settings: hmmscan --tblout KW1-S11_99.tbl --domtblout KW1-S11_99_dom.tbl --acc --noali --notextw -E 1e-14 --domE 1e-14 --cpu 30 /beegfs/home/lxd/4_salt_metagenomics/tools/CAZy/dbCAN-HMMdb-V8.txt /beegfs/home/lxd/2_sea_metagenomics/6.metabat2/bins_redup_refinem_drep/derep_70_10/derepbins_prodigal/KW1-S11_99.proteins.faa 
# Current dir:     /beegfs/home/lxd/2_sea_metagenomics/6.metabat2/bins_redup_refinem_drep/derep_70_10/derepbins_cazy
# Date:            Thu Mar  4 15:18:16 2021
# [ok]
