#                                                                            --- full sequence --- -------------- this domain -------------   hmm coord   ali coord   env coord
# target name        accession   tlen query name           accession   qlen   E-value  score  bias   #  of  c-Evalue  i-Evalue  score  bias  from    to  from    to  from    to  acc description of target
#------------------- ---------- ----- -------------------- ---------- ----- --------- ------ ----- --- --- --------- --------- ------ ----- ----- ----- ----- ----- ----- ----- ---- ---------------------
GH3.hmm              -            216 KW1-S08_17_cg19_2    -            320   1.7e-43  144.0   0.1   1   1   4.7e-46     3e-43  143.2   0.0     5   215    59   284    55   285 0.91 -
GH103.hmm            -            295 KW1-S08_17_cg42_3    -            372  2.5e-113  373.3   0.0   1   1  4.4e-116  2.8e-113  373.2   0.0     1   295    74   368    74   368 0.99 -
GH102.hmm            -            157 KW1-S08_17_cg50_3    -            443   4.5e-53  174.7   0.0   1   1   9.5e-56   6.1e-53  174.3   0.0     2   157   173   328   172   328 0.99 -
AA3_2.hmm            -            568 KW1-S08_17_cg51_2    -            557  3.9e-159  526.2   0.0   1   1  3.6e-161  4.6e-159  526.0   0.0     2   566     2   529     1   531 0.96 -
AA3.hmm              -            618 KW1-S08_17_cg51_2    -            557  1.5e-107  355.7   0.0   1   1  1.4e-109  1.8e-107  355.5   0.0    89   404     2   535     1   551 0.88 -
AA3_3.hmm            -            590 KW1-S08_17_cg51_2    -            557     1e-85  283.5   0.0   1   2   7.4e-71   9.5e-69  227.5   0.0     2   317     2   304     1   326 0.91 -
AA3_3.hmm            -            590 KW1-S08_17_cg51_2    -            557     1e-85  283.5   0.0   2   2   5.4e-16     7e-14   46.3   0.0   509   586   451   529   432   532 0.93 -
AA3_1.hmm            -            548 KW1-S08_17_cg51_2    -            557   1.3e-54  181.0   0.0   1   1   2.2e-56   2.9e-54  179.8   0.0    16   545     2   529     1   532 0.78 -
AA8.hmm              -            815 KW1-S08_17_cg51_2    -            557   1.3e-41  137.7   1.0   1   2   4.7e-28   6.1e-26   85.9   2.8   245   550     2   300     1   311 0.75 -
AA8.hmm              -            815 KW1-S08_17_cg51_2    -            557   1.3e-41  137.7   1.0   2   2   5.9e-16   7.5e-14   45.9   0.0   656   782   409   537   399   551 0.85 -
GT41.hmm             -            705 KW1-S08_17_cg73_3    -            385   5.3e-23   76.7   7.7   1   1     7e-18   4.5e-15   50.5   1.0    82   191    90   189    51   190 0.79 -
GT9.hmm              -            225 KW1-S08_17_cg76_2    -            327   8.6e-41  135.6   0.9   1   1   1.8e-43   1.1e-40  135.2   0.9     3   203    70   275    68   294 0.81 -
GT4.hmm              -            160 KW1-S08_17_cg76_3    -            347   1.9e-34  113.9   0.0   1   1   8.1e-37   2.6e-34  113.5   0.0     4   157   163   315   160   319 0.95 -
GT5.hmm              -            472 KW1-S08_17_cg76_3    -            347   3.9e-19   63.9   0.0   1   1   1.6e-21   5.3e-19   63.5   0.0   279   471   155   342   134   343 0.83 -
GT41.hmm             -            705 KW1-S08_17_cg78_1    -            423   3.2e-23   77.4   0.1   1   1   1.5e-16   9.6e-14   46.1   0.0   121   191    16    87     7    89 0.91 -
AA1.hmm              -            943 KW1-S08_17_cg100_2   -            345     2e-32  107.6  12.3   1   1   1.6e-32   3.4e-30  100.2   2.9   450   554    64   198    14   222 0.76 -
AA1_3.hmm            -            312 KW1-S08_17_cg100_2   -            345   1.3e-21   72.4   2.1   1   1   2.8e-22   5.9e-20   66.9   0.1    13   132    73   190    61   203 0.81 -
AA1_2.hmm            -            337 KW1-S08_17_cg100_2   -            345   6.9e-19   63.3   2.8   1   1     1e-17   2.2e-15   51.8   0.1     6   108    97   195    94   220 0.89 -
GT41.hmm             -            705 KW1-S08_17_cg101_8   -            466   9.9e-27   89.0   5.6   1   1   4.9e-16   3.1e-13   44.4   0.5    69   191   239   363   211   370 0.91 -
GT4.hmm              -            160 KW1-S08_17_cg108_5   -            833   2.9e-20   67.9   0.0   1   1     2e-22   1.3e-19   65.8   0.0     9   155   648   797   646   802 0.90 -
GT28.hmm             -            157 KW1-S08_17_cg109_8   -            344   2.2e-42  139.7   0.1   1   1   4.6e-45   2.9e-42  139.3   0.1     2   144   193   342   192   344 0.96 -
AA4.hmm              -            522 KW1-S08_17_cg117_6   -            467   7.5e-20   66.3   0.1   1   1     2e-19   6.4e-17   56.6   0.0    16   241     9   224     3   243 0.83 -
AA7.hmm              -            458 KW1-S08_17_cg117_6   -            467   4.5e-15   51.5   9.2   1   1   3.7e-16   1.2e-13   46.8  10.4    10   193    40   230    34   266 0.84 -
AA1.hmm              -            943 KW1-S08_17_cg132_2   -            441     6e-54  178.9  14.0   1   2   8.6e-35   1.4e-32  108.2   5.3   450   593    87   242    48   243 0.78 -
AA1.hmm              -            943 KW1-S08_17_cg132_2   -            441     6e-54  178.9  14.0   2   2   1.4e-25   2.2e-23   77.7   1.7   449   541   235   335   226   338 0.88 -
AA1_2.hmm            -            337 KW1-S08_17_cg132_2   -            441   5.9e-31  103.0   1.2   1   1   4.2e-32   6.8e-30   99.5   1.2     9   245   104   336    98   343 0.81 -
AA1_3.hmm            -            312 KW1-S08_17_cg132_2   -            441   1.9e-30  101.4   4.6   1   1   1.7e-27   2.7e-25   84.5   0.8    14   132    78   196    70   220 0.86 -
AA1_1.hmm            -            303 KW1-S08_17_cg132_2   -            441     4e-20   67.4   0.0   1   1   3.5e-22   5.7e-20   66.9   0.0    14   215   103   291    94   320 0.80 -
AA4.hmm              -            522 KW1-S08_17_cg139_5   -            478     2e-23   78.1   0.2   1   1   4.7e-22   1.5e-19   65.3   0.0    16   248    11   233     2   249 0.82 -
AA7.hmm              -            458 KW1-S08_17_cg139_5   -            478   7.8e-18   60.6   1.9   1   1   9.6e-19   3.1e-16   55.3   1.3    10   206    42   246    37   344 0.81 -
GT4.hmm              -            160 KW1-S08_17_cg144_5   -            325   2.6e-34  113.5   0.0   1   1   5.9e-37   3.8e-34  113.0   0.0     7   159   129   281   125   282 0.94 -
AA7.hmm              -            458 KW1-S08_17_cg155_4   -            479  1.6e-106  353.0   0.2   1   1  3.4e-107  2.2e-104  345.9   0.2     3   458    43   474    41   474 0.82 -
GT4.hmm              -            160 KW1-S08_17_cg194_2   -            370   4.1e-35  116.1   0.0   1   1   1.9e-37     6e-35  115.6   0.0     6   159   181   334   176   335 0.93 -
GT5.hmm              -            472 KW1-S08_17_cg194_2   -            370   2.7e-16   54.5   0.0   1   1   1.8e-18   5.7e-16   53.5   0.0   240   436   149   324   132   342 0.84 -
PL12_3.hmm           -            144 KW1-S08_17_cg194_6   -            489   4.6e-15   51.2   0.2   1   1   1.5e-17   9.9e-15   50.1   0.2    22   138   232   345   209   351 0.82 -
GT41.hmm             -            705 KW1-S08_17_cg199_3   -            647  8.1e-145  479.3   0.2   1   5   6.8e-16   4.3e-13   43.9   0.0    82   191     7   106     1   107 0.89 -
GT41.hmm             -            705 KW1-S08_17_cg199_3   -            647  8.1e-145  479.3   0.2   2   5   7.3e-20   4.7e-17   57.0   0.3   123   191   106   174   105   176 0.96 -
GT41.hmm             -            705 KW1-S08_17_cg199_3   -            647  8.1e-145  479.3   0.2   3   5   2.5e-20   1.6e-17   58.6   0.4   122   191   173   242   171   244 0.93 -
GT41.hmm             -            705 KW1-S08_17_cg199_3   -            647  8.1e-145  479.3   0.2   4   5   5.9e-22   3.8e-19   63.9   0.5   122   191   241   310   239   313 0.96 -
GT41.hmm             -            705 KW1-S08_17_cg199_3   -            647  8.1e-145  479.3   0.2   5   5   7.3e-80   4.7e-77  255.4   0.0   123   346   310   647   309   647 0.98 -
GT19.hmm             -            354 KW1-S08_17_cg205_3   -            390  1.4e-116  384.3   0.0   1   1  2.5e-119  1.6e-116  384.1   0.0     1   347     7   358     7   365 0.96 -
GT2_Glycos_transf_2.hmm PF00535.25   170 KW1-S08_17_cg206_10  -            404   2.5e-22   74.8   0.0   1   1   2.5e-24   5.3e-22   73.7   0.0     2   168    48   231    47   233 0.93 Glycosyl transferase family 2
GT2_Glyco_tranf_2_3.hmm PF13641.5    230 KW1-S08_17_cg206_10  -            404   9.1e-17   57.0   0.0   1   1   6.7e-19   1.4e-16   56.3   0.0     1   198    44   256    44   258 0.83 Glycosyltransferase like family 2
GT21.hmm                -            233 KW1-S08_17_cg206_10  -            404   2.8e-15   51.8   0.0   1   1   1.8e-17   3.8e-15   51.3   0.0     1   201    44   257    44   269 0.84 -
GT41.hmm             -            705 KW1-S08_17_cg209_3   -            621     7e-20   66.4   4.3   1   1   2.4e-18   1.5e-15   52.0   4.0    21   191    55   215    32   219 0.88 -
GT30.hmm             -            177 KW1-S08_17_cg211_16  -            443   1.7e-63  208.6   0.8   1   1   4.5e-66   2.9e-63  207.8   0.3     2   175    35   210    34   212 0.98 -
GT51.hmm             -            177 KW1-S08_17_cg229_6   -            810   6.6e-65  213.2   0.0   1   1   1.4e-67   9.1e-65  212.7   0.0     1   176    59   237    59   238 0.97 -
GT26.hmm             -            171 KW1-S08_17_cg231_11  -            254   4.6e-66  217.0   0.2   1   1   8.5e-69   5.5e-66  216.7   0.2     3   171    57   228    55   228 0.99 -
CBM50.hmm            -             40 KW1-S08_17_cg248_3   -            333   1.5e-25   84.7   0.4   1   1     1e-15   6.6e-13   44.2   0.1     1    40    86   129    86   129 0.91 -
GH50.hmm             -            653 KW1-S08_17_cg259_2   -            832   5.7e-36  119.3  11.9   1   1   1.3e-36   4.3e-34  113.1   3.3   308   645   254   604   249   610 0.86 -
GH42.hmm             -            371 KW1-S08_17_cg259_2   -            832     1e-15   53.1   0.0   1   1   5.8e-18   1.8e-15   52.2   0.0   122   293   346   517   316   527 0.81 -
GT4.hmm              -            160 KW1-S08_17_cg261_3   -            388   1.6e-30  101.2   0.0   1   1   7.6e-33   2.4e-30  100.6   0.0     9   159   213   354   206   355 0.95 -
GT5.hmm              -            472 KW1-S08_17_cg261_3   -            388   6.6e-18   59.8   0.3   1   1   1.4e-16   4.6e-14   47.2   0.0   291   471   212   379   165   380 0.77 -
CE4.hmm              -            130 KW1-S08_17_cg279_7   -            255   1.4e-21   72.3   0.0   1   1   3.3e-24   2.1e-21   71.8   0.0    24   127    43   148    32   151 0.94 -
CE1.hmm              -            227 KW1-S08_17_cg287_5   -            224   8.4e-15   50.4   0.0   1   1   1.7e-17   1.1e-14   50.0   0.0    15   207    14   198    10   214 0.68 -
GT2_Glycos_transf_2.hmm PF00535.25   170 KW1-S08_17_cg294_5   -            351   1.3e-20   69.2   0.0   1   1   3.1e-23     2e-20   68.6   0.0     3   165    14   172    12   176 0.85 Glycosyl transferase family 2
AA3_2.hmm            -            568 KW1-S08_17_cg303_1   -            200   1.6e-53  177.6   0.0   1   1   1.5e-55   1.9e-53  177.3   0.0     1   158    45   190    45   199 0.94 -
AA3.hmm              -            618 KW1-S08_17_cg303_1   -            200   3.6e-39  129.9   0.0   1   1   3.3e-41   4.2e-39  129.7   0.0    82   199    39   171    23   191 0.81 -
AA3_3.hmm            -            590 KW1-S08_17_cg303_1   -            200   9.8e-32  105.3   0.0   1   1   9.4e-34   1.2e-31  105.0   0.0     2   149    46   192    45   197 0.89 -
AA3_1.hmm            -            548 KW1-S08_17_cg303_1   -            200   1.7e-20   68.4   0.0   1   1   1.3e-21   1.6e-19   65.1   0.0     9   139    39   168    31   187 0.80 -
AA8.hmm              -            815 KW1-S08_17_cg303_1   -            200   1.3e-16   55.0   0.0   1   1   5.1e-18   6.6e-16   52.7   0.0   237   368    38   168     2   175 0.77 -
AA4.hmm              -            522 KW1-S08_17_cg304_3   -            510   1.2e-26   88.7   0.0   1   1     3e-23   9.5e-21   69.2   0.1    30   251    44   255    12   265 0.82 -
AA7.hmm              -            458 KW1-S08_17_cg304_3   -            510     8e-18   60.6   2.0   1   1   2.5e-20     8e-18   60.6   2.0    12   189    63   247    60   261 0.88 -
GT2_Glycos_transf_2.hmm PF00535.25   170 KW1-S08_17_cg305_5   -            296   3.9e-36  119.7   0.0   1   1   3.7e-38   5.9e-36  119.1   0.0     2   116     5   115     4   139 0.94 Glycosyl transferase family 2
GT2_Glyco_tranf_2_3.hmm PF13641.5    230 KW1-S08_17_cg305_5   -            296   8.4e-24   80.0   0.0   1   1   9.3e-26   1.5e-23   79.2   0.0     4   196     3   185     2   219 0.84 Glycosyltransferase like family 2
GT27.hmm                -            295 KW1-S08_17_cg305_5   -            296   8.5e-19   63.2   0.0   1   1   2.5e-19     4e-17   57.7   0.0     3   112     6   109     4   117 0.87 -
GT2_Glyco_tranf_2_2.hmm PF10111.8    276 KW1-S08_17_cg305_5   -            296   2.7e-18   61.7   0.0   1   1   6.4e-17     1e-14   50.0   0.0    24   108    27   106     4   111 0.86 Glycosyltransferase like family 2
CE10.hmm             -            341 KW1-S08_17_cg314_3   -            285   8.5e-27   89.9   3.4   1   1     2e-29   1.3e-26   89.3   3.4    66   300    43   252     8   264 0.80 -
AA3_2.hmm            -            568 KW1-S08_17_cg338_7   -            551  1.6e-168  557.2   0.0   1   1  1.5e-170  1.9e-168  557.0   0.0     2   568     6   530     5   530 0.94 -
AA3.hmm              -            618 KW1-S08_17_cg338_7   -            551  4.9e-109  360.6   0.0   1   1  5.2e-111  6.6e-109  360.2   0.0    89   403     6   533     2   541 0.88 -
AA3_3.hmm            -            590 KW1-S08_17_cg338_7   -            551   1.3e-85  283.2   0.0   1   2   5.7e-61   7.4e-59  194.9   0.0     3   317     7   304     5   314 0.93 -
AA3_3.hmm            -            590 KW1-S08_17_cg338_7   -            551   1.3e-85  283.2   0.0   2   2   3.7e-23   4.8e-21   70.0   0.0   509   590   452   532   448   532 0.95 -
AA3_1.hmm            -            548 KW1-S08_17_cg338_7   -            551     7e-62  205.0   0.0   1   1   6.4e-63   8.2e-61  201.4   0.0    13   544     3   527     1   530 0.76 -
AA8.hmm              -            815 KW1-S08_17_cg338_7   -            551   1.6e-47  157.2   0.0   1   1   7.9e-48     1e-45  151.3   0.0   243   776     4   530     1   547 0.74 -
GH23.hmm             -            135 KW1-S08_17_cg346_4   -            672     1e-22   76.4   0.0   1   1   1.6e-25     1e-22   76.4   0.0    17   121   491   618   484   624 0.91 -
GH23.hmm             -            135 KW1-S08_17_cg352_8   -            723   6.7e-29   96.4   0.2   1   1   3.2e-31   2.1e-28   94.8   0.2    14   120   540   696   534   706 0.93 -
CE10.hmm             -            341 KW1-S08_17_cg371_1   -            289     7e-27   90.2   0.1   1   1   1.4e-29   9.1e-27   89.8   0.1    69   308    49   264    13   281 0.80 -
AA4.hmm              -            522 KW1-S08_17_cg376_9   -            467   6.9e-28   92.8   0.0   1   1   5.9e-27   1.9e-24   81.5   0.0    15   257    12   243     4   285 0.80 -
AA7.hmm              -            458 KW1-S08_17_cg376_9   -            467   1.3e-19   66.5   0.7   1   1     2e-21   6.4e-19   64.2   1.4    13   212    46   253    40   336 0.91 -
CE10.hmm             -            341 KW1-S08_17_cg382_3   -            297   1.5e-30  102.2   0.3   1   1     3e-33   1.9e-30  101.9   0.3    41   309    23   272     9   293 0.79 -
GH73.hmm             -            128 KW1-S08_17_cg390_18  -            358   8.4e-18   60.4   0.0   1   1   1.8e-20   1.2e-17   59.9   0.0     8   128   209   336   203   336 0.82 -
GT2_Glycos_transf_2.hmm PF00535.25   170 KW1-S08_17_cg393_3   -            305   2.6e-22   74.7   0.0   1   1   5.6e-25   3.6e-22   74.3   0.0     1   124     8   130     8   173 0.88 Glycosyl transferase family 2
CE9.hmm              -            373 KW1-S08_17_cg407_2   -            377  8.9e-110  362.0   0.5   1   1  1.7e-112  1.1e-109  361.7   0.5    43   373    43   369     8   369 0.92 -
CE11.hmm             -            271 KW1-S08_17_cg411_17  -            343  8.5e-110  361.6   0.0   1   1  1.6e-112    1e-109  361.3   0.0     1   270    35   306    35   307 0.98 -
GT9.hmm              -            225 KW1-S08_17_cg416_7   -            322   1.1e-37  125.5   0.1   1   1   2.3e-40   1.5e-37  125.0   0.1     3   194    84   290    81   312 0.82 -
GT4.hmm              -            160 KW1-S08_17_cg416_8   -            402   2.9e-30  100.3   0.0   1   1   1.5e-32   4.7e-30   99.7   0.0     8   149   218   360   211   369 0.89 -
GT5.hmm              -            472 KW1-S08_17_cg416_8   -            402   2.1e-18   61.5   0.0   1   1   1.2e-20   3.9e-18   60.6   0.0   279   471   208   396   160   397 0.78 -
AA3_2.hmm            -            568 KW1-S08_17_cg418_5   -            449  2.6e-121  401.3   0.0   1   1  2.7e-123  3.4e-121  400.9   0.0    97   566     1   437     1   439 0.93 -
AA3.hmm              -            618 KW1-S08_17_cg418_5   -            449   1.1e-72  240.6   0.0   1   1     1e-74   1.3e-72  240.3   0.0   170   402     1   441     1   446 0.90 -
AA3_3.hmm            -            590 KW1-S08_17_cg418_5   -            449   3.6e-59  195.9   0.0   1   2   9.1e-41   1.2e-38  128.2   0.0   101   317     2   206     1   223 0.90 -
AA3_3.hmm            -            590 KW1-S08_17_cg418_5   -            449   3.6e-59  195.9   0.0   2   2   4.1e-19   5.2e-17   56.7   0.2   509   586   361   437   353   439 0.94 -
AA3_1.hmm            -            548 KW1-S08_17_cg418_5   -            449   2.5e-38  127.2   0.0   1   2   7.7e-23   9.9e-21   69.1   0.0   122   321    11   202     1   210 0.74 -
AA3_1.hmm            -            548 KW1-S08_17_cg418_5   -            449   2.5e-38  127.2   0.0   2   2   6.6e-19   8.5e-17   56.2   0.0   425   546   317   438   283   440 0.75 -
AA8.hmm              -            815 KW1-S08_17_cg418_5   -            449   1.2e-30  101.4   0.2   1   2   9.3e-18   1.2e-15   51.8   0.1   402   550    69   202    56   210 0.83 -
AA8.hmm              -            815 KW1-S08_17_cg418_5   -            449   1.2e-30  101.4   0.2   2   2   2.2e-16   2.8e-14   47.3   0.0   658   780   321   443   297   447 0.71 -
#
# Program:         hmmscan
# Version:         3.3.1 (Jul 2020)
# Pipeline mode:   SCAN
# Query file:      /beegfs/home/lxd/2_sea_metagenomics/6.metabat2/bins_redup_refinem_drep/derep_70_10/derepbins_prodigal/KW1-S08_17.proteins.faa
# Target file:     /beegfs/home/lxd/4_salt_metagenomics/tools/CAZy/dbCAN-HMMdb-V8.txt
# Option settings: hmmscan --tblout KW1-S08_17.tbl --domtblout KW1-S08_17_dom.tbl --acc --noali --notextw -E 1e-14 --domE 1e-14 --cpu 30 /beegfs/home/lxd/4_salt_metagenomics/tools/CAZy/dbCAN-HMMdb-V8.txt /beegfs/home/lxd/2_sea_metagenomics/6.metabat2/bins_redup_refinem_drep/derep_70_10/derepbins_prodigal/KW1-S08_17.proteins.faa 
# Current dir:     /beegfs/home/lxd/2_sea_metagenomics/6.metabat2/bins_redup_refinem_drep/derep_70_10/derepbins_cazy
# Date:            Thu Mar  4 12:26:21 2021
# [ok]
