#                                                                            --- full sequence --- -------------- this domain -------------   hmm coord   ali coord   env coord
# target name        accession   tlen query name           accession   qlen   E-value  score  bias   #  of  c-Evalue  i-Evalue  score  bias  from    to  from    to  from    to  acc description of target
#------------------- ---------- ----- -------------------- ---------- ----- --------- ------ ----- --- --- --------- --------- ------ ----- ----- ----- ----- ----- ----- ----- ---- ---------------------
GT41.hmm             -            705 KW1-S15_200_cg20_3   -            678     1e-32  108.8   2.5   1   2   1.2e-16   7.8e-14   46.4   0.0    70   191   413   524   409   526 0.96 -
GT41.hmm             -            705 KW1-S15_200_cg20_3   -            678     1e-32  108.8   2.5   2   2   7.1e-18   4.5e-15   50.5   0.3    82   191   493   592   491   595 0.93 -
GH33.hmm             -            342 KW1-S15_200_cg27_8   -            396  9.7e-100  329.4   0.0   1   1  3.7e-102   1.2e-99  329.2   0.0     9   341    40   381    33   382 0.92 -
GH109.hmm            -            126 KW1-S15_200_cg27_14  -            446     6e-17   57.5   0.0   1   1   1.7e-19   1.1e-16   56.7   0.0     1   120    40   156    40   162 0.93 -
GT4.hmm              -            160 KW1-S15_200_cg33_3   -            399   2.7e-30  100.4   0.0   1   1   7.1e-33   4.5e-30   99.7   0.0    12   153   220   361   219   368 0.94 -
GT2_Glycos_transf_2.hmm PF00535.25   170 KW1-S15_200_cg33_4   -            337   5.6e-31  102.9   0.0   1   1   1.4e-33   8.7e-31  102.3   0.0     1   122     9   128     9   166 0.94 Glycosyl transferase family 2
GT2_Glycos_transf_2.hmm PF00535.25   170 KW1-S15_200_cg35_3   -            272   1.1e-33  111.8   0.0   1   1   4.2e-36   1.4e-33  111.4   0.0     1   168    14   178    14   180 0.91 Glycosyl transferase family 2
GT81.hmm                -            293 KW1-S15_200_cg35_3   -            272   1.4e-16   55.5   0.0   1   1   7.5e-19   2.4e-16   54.7   0.0    23   213    13   196     3   202 0.74 -
CBM57.hmm            -            147 KW1-S15_200_cg38_3   -           1052   3.7e-15   51.6   0.0   1   1   9.9e-18   6.3e-15   50.9   0.0    52   140    84   168    60   176 0.91 -
CE9.hmm              -            373 KW1-S15_200_cg43_7   -            449   1.6e-62  206.5   0.0   1   1     3e-65   1.9e-62  206.2   0.0     4   361    18   422    15   438 0.90 -
GT41.hmm             -            705 KW1-S15_200_cg45_4   -            859   5.6e-22   73.3   0.0   1   1   1.2e-16     8e-14   46.3   0.0    63   191   613   765   594   767 0.94 -
GH109.hmm            -            126 KW1-S15_200_cg46_2   -            378     9e-24   79.6   0.0   1   1     3e-26   1.9e-23   78.5   0.0     1   117    40   149    40   157 0.93 -
CE10.hmm             -            341 KW1-S15_200_cg50_1   -            314   5.3e-81  268.1   0.8   1   1   9.7e-84   6.2e-81  267.9   0.8    45   336    29   313     7   314 0.87 -
CE14.hmm             -            124 KW1-S15_200_cg58_1   -            299   5.6e-28   93.5   0.0   1   1   1.6e-30     1e-27   92.6   0.0     1   122    60   174    60   178 0.93 -
GH109.hmm            -            126 KW1-S15_200_cg62_4   -            521     2e-24   81.7   0.0   1   1   5.7e-27   3.7e-24   80.9   0.0     1   114    55   171    55   178 0.88 -
GT5.hmm              -            472 KW1-S15_200_cg69_5   -            405   1.1e-37  125.1   0.0   1   1   1.8e-39   5.7e-37  122.7   0.0   125   471    89   399    71   400 0.84 -
GT4.hmm              -            160 KW1-S15_200_cg69_5   -            405   1.4e-30  101.4   0.0   1   1   8.4e-33   2.7e-30  100.5   0.0     3   135   201   336   199   341 0.86 -
GT4.hmm              -            160 KW1-S15_200_cg72_2   -            369   9.2e-31  102.0   0.0   1   1   4.5e-33   1.5e-30  101.3   0.0    17   155   195   331   185   335 0.94 -
GT5.hmm              -            472 KW1-S15_200_cg72_2   -            369     3e-19   64.3   0.2   1   1   8.3e-18   2.7e-15   51.3   0.0   293   471   188   359   160   360 0.88 -
CE11.hmm             -            271 KW1-S15_200_cg74_7   -            449   4.4e-93  306.7   0.0   1   1     9e-96   5.8e-93  306.4   0.0     1   270    15   285    15   286 0.97 -
GH109.hmm            -            126 KW1-S15_200_cg83_7   -            388   5.1e-26   86.8   0.0   1   1   1.2e-28   7.6e-26   86.3   0.0     1   121    38   154    38   158 0.97 -
CE10.hmm             -            341 KW1-S15_200_cg88_8   -            622   2.4e-44  147.6   0.3   1   1   6.3e-47     4e-44  146.9   0.3    61   324   336   593   313   607 0.75 -
GT83.hmm             -            540 KW1-S15_200_cg111_1  -            607   7.9e-54  178.3  48.1   1   1   1.5e-56   9.8e-54  178.0  48.1     7   451    37   506    32   548 0.74 -
CE14.hmm             -            124 KW1-S15_200_cg126_4  -            255   2.9e-23   78.3   0.3   1   1   8.9e-26   5.7e-23   77.3   0.3     2   124    16   120    14   120 0.96 -
GT4.hmm              -            160 KW1-S15_200_cg126_5  -            390   5.3e-37  122.3   0.0   1   1   2.4e-39   7.7e-37  121.7   0.0     7   157   204   351   200   354 0.96 -
GT5.hmm              -            472 KW1-S15_200_cg126_5  -            390   5.3e-20   66.8   0.0   1   1   4.6e-20   1.5e-17   58.7   0.0   197   471   142   378    77   379 0.77 -
CE14.hmm             -            124 KW1-S15_200_cg133_5  -            273   1.7e-27   91.9   0.1   1   1   4.8e-30   3.1e-27   91.1   0.1     1   124     7   116     7   116 0.96 -
AA6.hmm              -            195 KW1-S15_200_cg133_14 -            198     9e-30   98.9   0.0   1   1   2.2e-32   1.4e-29   98.3   0.0     2   193    27   190    26   192 0.83 -
GH13_9.hmm           -            301 KW1-S15_200_cg137_6  -            745  2.5e-157  518.0   0.0   1   1  4.5e-159  3.6e-157  517.5   0.0     1   300   291   590   291   591 1.00 -
GH13_8.hmm           -            293 KW1-S15_200_cg137_6  -            745   2.6e-43  143.6   0.1   1   1   2.1e-44   1.7e-42  140.9   0.1     1   243   314   552   314   562 0.86 -
GH13_10.hmm          -            313 KW1-S15_200_cg137_6  -            745   2.5e-38  127.5   0.1   1   1   3.7e-38   2.9e-36  120.6   0.0     6   214   281   513   278   551 0.82 -
GH13.hmm             -            299 KW1-S15_200_cg137_6  -            745   5.5e-31  104.2   3.0   1   1   1.5e-32   1.2e-30  103.1   3.0    20   293   287   595   277   600 0.65 -
GH13_3.hmm           -            210 KW1-S15_200_cg137_6  -            745   4.5e-30  100.0   0.1   1   1     1e-31   8.3e-30   99.1   0.1     3   209   288   510   286   511 0.92 -
CBM48.hmm            -             76 KW1-S15_200_cg137_6  -            745     6e-28   92.6   0.1   1   1   1.9e-23   1.5e-21   72.1   0.0     2    69   136   221   135   227 0.89 -
GH13_11.hmm          -            351 KW1-S15_200_cg137_6  -            745   2.3e-21   71.7   0.0   1   1     5e-23     4e-21   70.9   0.0     3   170   281   427   280   466 0.90 -
GH13_14.hmm          -            289 KW1-S15_200_cg137_6  -            745     5e-19   64.0   0.0   1   1   9.4e-21   7.5e-19   63.4   0.0     1   152   290   425   290   431 0.87 -
CE10.hmm             -            341 KW1-S15_200_cg143_3  -           1268   1.4e-19   66.1   0.1   1   1     4e-22   2.6e-19   65.3   0.1    81   311  1016  1231   963  1244 0.80 -
GH109.hmm            -            126 KW1-S15_200_cg163_5  -            429   5.2e-17   57.7   0.0   1   1   1.5e-19   9.4e-17   56.9   0.0     4   121    44   149    41   153 0.90 -
GH109.hmm            -            126 KW1-S15_200_cg178_1  -            311   6.5e-17   57.4   0.1   1   1   2.7e-19   1.7e-16   56.1   0.1     3   122     6   116     4   119 0.85 -
GT4.hmm              -            160 KW1-S15_200_cg181_3  -            379   2.1e-26   87.8   0.0   1   1   5.4e-29   3.5e-26   87.1   0.0     7   153   196   341   191   344 0.92 -
CE10.hmm             -            341 KW1-S15_200_cg182_3  -            657     3e-21   71.7   0.0   1   1   6.7e-24   4.3e-21   71.2   0.0    87   322   404   626   346   634 0.84 -
GT4.hmm              -            160 KW1-S15_200_cg209_6  -            433   2.2e-30  100.7   0.0   1   1   1.4e-32   4.6e-30   99.7   0.0    12   159   244   399   236   400 0.92 -
GT5.hmm              -            472 KW1-S15_200_cg209_6  -            433   1.9e-16   55.0   0.0   1   1   4.4e-18   1.4e-15   52.1   0.0   292   471   241   424   161   425 0.88 -
GH109.hmm            -            126 KW1-S15_200_cg211_5  -            465   2.8e-15   52.2   0.1   1   1   9.1e-18   5.8e-15   51.1   0.1     3   120    53   159    50   164 0.82 -
CBM38.hmm            -            129 KW1-S15_200_cg213_2  -            603   6.3e-33  109.0   0.1   1   1   1.8e-35   1.2e-32  108.1   0.1     2   128   436   568   435   569 0.90 -
GH109.hmm            -            126 KW1-S15_200_cg224_2  -            431   1.2e-21   72.7   0.2   1   1   3.8e-24   2.4e-21   71.7   0.2     2   122    44   161    43   164 0.94 -
CE9.hmm              -            373 KW1-S15_200_cg232_3  -            401  7.1e-121  398.5   0.0   1   1  1.3e-123  8.2e-121  398.3   0.0     6   373    18   388    13   388 0.97 -
GH33.hmm             -            342 KW1-S15_200_cg233_1  -            580   7.7e-20   66.7  11.8   1   1   6.9e-18   4.4e-15   51.1   6.9    24   300    94   355    37   377 0.44 -
GT4.hmm              -            160 KW1-S15_200_cg234_15 -            413   3.9e-33  109.7   0.0   1   1   9.8e-36   6.3e-33  109.0   0.0     9   155   204   349   202   353 0.96 -
GT2_Glycos_transf_2.hmm PF00535.25   170 KW1-S15_200_cg243_3  -            251     6e-30   99.6   0.2   1   1   1.3e-32   8.1e-30   99.1   0.2     1   166     4   165     4   168 0.96 Glycosyl transferase family 2
CBM38.hmm            -            129 KW1-S15_200_cg245_3  -           1754   1.4e-29   98.1   0.0   1   1     2e-31   1.3e-28   95.1   0.0     2   128   448   577   447   578 0.94 -
GT5.hmm              -            472 KW1-S15_200_cg247_2  -           1032  1.7e-168  556.4   0.0   1   1  7.1e-171  2.3e-168  556.0   0.0     1   472   542  1023   542  1023 0.97 -
GH57.hmm             -            383 KW1-S15_200_cg247_2  -           1032   3.3e-79  262.0   0.1   1   1   1.5e-81   4.8e-79  261.5   0.1     2   303    11   423    10   442 0.92 -
CBM57.hmm            -            147 KW1-S15_200_cg252_1  -           1054   7.2e-19   63.7   0.0   1   1   1.8e-21   1.1e-18   63.1   0.0     2   138   892  1036   891  1047 0.87 -
CBM47.hmm            -            128 KW1-S15_200_cg255_1  -            755   2.5e-27   90.6   0.0   1   1   1.3e-25   8.6e-23   75.9   0.0     2    79   142   221   141   249 0.89 -
GH88.hmm             -            329 KW1-S15_200_cg259_1  -            392   6.3e-95  313.3   0.0   1   1   1.2e-97   7.7e-95  313.0   0.0     5   328    54   387    51   388 0.97 -
AA5.hmm              -           1281 KW1-S15_200_cg265_2  -            559   3.9e-78  258.5   4.7   1   3   2.1e-26   4.5e-24   79.4   0.2   562   731    39   256     6   258 0.84 -
AA5.hmm              -           1281 KW1-S15_200_cg265_2  -            559   3.9e-78  258.5   4.7   2   3   5.7e-15   1.2e-12   41.5   0.0   631   695   321   384   316   400 0.88 -
AA5.hmm              -           1281 KW1-S15_200_cg265_2  -            559   3.9e-78  258.5   4.7   3   3   3.7e-44     8e-42  138.2   0.5   879  1024   407   557   391   558 0.94 -
AA5_2.hmm            -            588 KW1-S15_200_cg265_2  -            559   2.7e-43  143.7   0.0   1   1   2.1e-32   4.5e-30  100.0   0.0   396   587   366   556   365   557 0.86 -
AA5_1.hmm            -            563 KW1-S15_200_cg265_2  -            559   1.1e-36  121.3   0.6   1   1   9.9e-25   2.1e-22   74.2   0.0   320   539   365   555   359   558 0.82 -
GH33.hmm             -            342 KW1-S15_200_cg271_3  -            857   1.5e-36  121.7   0.0   1   1   3.3e-39   2.1e-36  121.2   0.0    13   331   519   833   510   844 0.78 -
CE14.hmm             -            124 KW1-S15_200_cg272_4  -            894   1.2e-20   69.9   0.0   1   1   8.4e-23   5.4e-20   67.7   0.0     1   121    51   170    51   175 0.89 -
CE15.hmm             -            269 KW1-S15_200_cg275_3  -            664   2.9e-18   61.6   0.0   1   1   1.8e-20   1.2e-17   59.6   0.0    13   268    53   360    46   361 0.84 -
GH109.hmm            -            126 KW1-S15_200_cg294_3  -            252   2.6e-24   81.3   0.0   1   1   5.5e-27   3.5e-24   80.9   0.0     2   123    40   157    39   160 0.95 -
GT28.hmm             -            157 KW1-S15_200_cg296_7  -            383     1e-45  150.6   0.0   1   1   2.8e-48   1.8e-45  149.8   0.0     2   157   197   358   196   358 0.97 -
AA7.hmm              -            458 KW1-S15_200_cg309_17 -            479   2.1e-27   92.1   0.2   1   1   1.1e-29   3.5e-27   91.4   0.2    14   194    41   228    36   242 0.90 -
AA4.hmm              -            522 KW1-S15_200_cg309_17 -            479   7.9e-27   89.3   0.0   1   1   1.9e-25   6.1e-23   76.5   0.0    51   261    39   242    18   272 0.84 -
AA5.hmm              -           1281 KW1-S15_200_cg313_2  -           1499   3.6e-73  242.0  12.4   1   3   1.1e-22   2.4e-20   67.1   0.0   803   920   820   951   809   954 0.83 -
AA5.hmm              -           1281 KW1-S15_200_cg313_2  -           1499   3.6e-73  242.0  12.4   2   3   1.6e-21   3.4e-19   63.2   1.1   581   707  1036  1166  1021  1166 0.86 -
AA5.hmm              -           1281 KW1-S15_200_cg313_2  -           1499   3.6e-73  242.0  12.4   3   3   2.7e-21   5.7e-19   62.5   0.0   596   715  1156  1268  1152  1324 0.85 -
AA5_2.hmm            -            588 KW1-S15_200_cg313_2  -           1499   1.4e-46  154.5   6.4   1   2   5.4e-15   1.1e-12   42.5   0.0   379   463   836   924   816   926 0.79 -
AA5_2.hmm            -            588 KW1-S15_200_cg313_2  -           1499   1.4e-46  154.5   6.4   2   2   7.9e-15   1.7e-12   42.0   0.0   378   463  1121  1199  1111  1209 0.88 -
GT2_Glycos_transf_2.hmm PF00535.25   170 KW1-S15_200_cg313_10 -            393   7.9e-23   76.4   0.0   1   1     5e-25   1.6e-22   75.4   0.0     1   169    50   232    50   233 0.90 Glycosyl transferase family 2
GT2_Glyco_tranf_2_3.hmm PF13641.5    230 KW1-S15_200_cg313_10 -            393   2.6e-17   58.8   0.0   1   1   1.2e-19   3.9e-17   58.2   0.0     3   200    48   258    45   264 0.82 Glycosyltransferase like family 2
GH109.hmm            -            126 KW1-S15_200_cg315_4  -            433   1.7e-16   56.1   0.1   1   1   2.2e-18   1.4e-15   53.1   0.1     3   122    36   145    34   148 0.91 -
CBM44.hmm            -             64 KW1-S15_200_cg317_1  -           1290   2.8e-19   64.4   1.0   1   1     1e-21   6.6e-19   63.2   0.0     6    62  1128  1182  1126  1184 0.96 -
GH109.hmm            -            126 KW1-S15_200_cg327_3  -            358   4.3e-16   54.8   0.5   1   1   3.2e-18   2.1e-15   52.6   0.5     1   120     4   114     4   120 0.91 -
GH109.hmm            -            126 KW1-S15_200_cg331_2  -            512   1.9e-17   59.1   0.0   1   1   5.4e-20   3.5e-17   58.3   0.0     2   117   118   228   117   236 0.93 -
GH165.hmm            -            635 KW1-S15_200_cg340_1  -            426   6.6e-62  205.0   0.0   1   1     2e-64   1.3e-61  204.0   0.0   142   563    19   425     8   426 0.84 -
GT51.hmm             -            177 KW1-S15_200_cg345_3  -            805   1.7e-52  172.8   0.0   1   1   3.9e-55   2.5e-52  172.2   0.0    11   176    78   242    67   243 0.97 -
CE15.hmm             -            269 KW1-S15_200_cg349_1  -            796   2.7e-60  199.4   0.0   1   2   8.8e-48   5.6e-45  149.2   0.0     2   265   103   432   102   435 0.88 -
CE15.hmm             -            269 KW1-S15_200_cg349_1  -            796   2.7e-60  199.4   0.0   2   2   4.9e-17   3.2e-14   48.3   0.0    90   265   609   792   510   795 0.81 -
CBM32.hmm            -            124 KW1-S15_200_cg350_5  -           1037   2.6e-24   81.3   0.0   1   1   2.4e-25   1.6e-22   75.6   0.0    13   122   917  1031   908  1033 0.80 -
GH109.hmm            -            126 KW1-S15_200_cg350_6  -            435   6.5e-16   54.2   0.0   1   1   1.8e-18   1.2e-15   53.4   0.0     3   118    48   160    46   166 0.93 -
CBM51.hmm            -            134 KW1-S15_200_cg355_2  -            539     4e-28   93.5   0.0   1   1   1.8e-30   1.2e-27   92.0   0.0    11   134   398   531   389   531 0.90 -
CBM57.hmm            -            147 KW1-S15_200_cg356_1  -            852   4.5e-30  100.0   0.0   1   1     1e-32   6.6e-30   99.5   0.0     2   145   701   844   700   846 0.86 -
CE1.hmm              -            227 KW1-S15_200_cg364_4  -            391   7.8e-58  191.2   0.0   1   1   1.6e-60     1e-57  190.8   0.0     1   223    30   267    30   271 0.83 -
GH109.hmm            -            126 KW1-S15_200_cg366_14 -            439   5.1e-19   64.2   0.1   1   1   1.4e-21   9.2e-19   63.4   0.1     2   123    40   149    39   152 0.90 -
CE10.hmm             -            341 KW1-S15_200_cg371_11 -            483   5.4e-46  153.0   0.1   1   1   1.3e-48   8.2e-46  152.4   0.1    78   327    44   278    26   285 0.86 -
GH109.hmm            -            126 KW1-S15_200_cg381_2  -            443   6.3e-16   54.2   0.2   1   1   1.6e-18     1e-15   53.6   0.2     2   112    36   134    35   146 0.88 -
GT4.hmm              -            160 KW1-S15_200_cg427_3  -            355   2.5e-38  126.6   0.0   1   1   3.5e-39   1.1e-36  121.2   0.0     7   157   167   315   162   318 0.96 -
GT5.hmm              -            472 KW1-S15_200_cg427_3  -            355   5.9e-19   63.3   0.0   1   1   2.9e-21   9.2e-19   62.7   0.0   288   462   165   333   131   342 0.78 -
GT2_Glycos_transf_2.hmm PF00535.25   170 KW1-S15_200_cg428_3  -            157   1.3e-29   98.4   0.0   1   1   2.4e-32   1.6e-29   98.2   0.0     2   133     8   141     7   154 0.91 Glycosyl transferase family 2
GT19.hmm             -            354 KW1-S15_200_cg442_5  -            398   3.4e-86  284.3   0.0   1   1   6.2e-89     4e-86  284.1   0.0     2   350     9   366     8   370 0.93 -
GH32.hmm             -            293 KW1-S15_200_cg452_12 -            712   5.4e-70  231.7   8.1   1   1   2.5e-72     8e-70  231.1   8.1     1   293   287   569   287   569 0.89 -
CBM38.hmm            -            129 KW1-S15_200_cg452_12 -            712     1e-34  114.8   0.0   1   1   3.4e-34   1.1e-31  105.0   0.0     4   128    31   158    29   159 0.95 -
CE14.hmm             -            124 KW1-S15_200_cg458_1  -            477   2.5e-23   78.5   0.0   1   1   9.8e-26   6.3e-23   77.2   0.0     1   121    69   188    69   193 0.91 -
CE15.hmm             -            269 KW1-S15_200_cg465_10 -            803   1.6e-20   69.0   0.0   1   1   4.4e-22   1.4e-19   65.9   0.0     4   268   444   794   441   795 0.83 -
GH55.hmm             -            740 KW1-S15_200_cg465_10 -            803   1.8e-15   51.6   0.0   1   1   7.9e-18   2.5e-15   51.0   0.0   382   447    26    96    21   156 0.85 -
GT30.hmm             -            177 KW1-S15_200_cg474_3  -            457   3.9e-58  191.1   0.0   1   1   9.7e-59   6.2e-56  184.0   0.0     5   176    56   230    52   231 0.97 -
GH109.hmm            -            126 KW1-S15_200_cg480_1  -            483   2.9e-16   55.3   0.0   1   1   7.4e-19   4.8e-16   54.6   0.0     3   122    76   191    74   195 0.94 -
CBM51.hmm            -            134 KW1-S15_200_cg480_2  -            805   7.4e-26   86.2   0.1   1   1   2.2e-18   1.4e-15   52.9   0.0     3    87   601   690   599   737 0.91 -
GT2_Glycos_transf_2.hmm PF00535.25   170 KW1-S15_200_cg514_1  -            361   6.6e-29   96.2   0.0   1   1   5.3e-31   1.7e-28   94.8   0.0     1   169     7   185     7   186 0.85 Glycosyl transferase family 2
GT2_Glyco_tranf_2_3.hmm PF13641.5    230 KW1-S15_200_cg514_1  -            361   3.1e-22   74.9   0.1   1   1   3.1e-24     1e-21   73.2   0.0     1   218     4   233     3   245 0.80 Glycosyltransferase like family 2
CBM9.hmm             -            182 KW1-S15_200_cg521_4  -           1783   2.3e-19   65.5   2.4   1   1     6e-22   3.9e-19   64.8   2.4     1   164  1551  1753  1551  1771 0.82 -
GH109.hmm            -            126 KW1-S15_200_cg523_2  -            471   2.5e-22   74.9   0.4   1   1   6.9e-25   4.4e-22   74.1   0.4     5   119    42   147    39   152 0.86 -
GH109.hmm            -            126 KW1-S15_200_cg531_4  -            424   1.6e-16   56.2   0.1   1   1   4.6e-19     3e-16   55.3   0.1     2   122    38   154    37   157 0.94 -
GT2_Glycos_transf_2.hmm PF00535.25   170 KW1-S15_200_cg533_1  -            357   5.3e-23   77.0   0.0   1   1   1.2e-25   7.9e-23   76.4   0.0     1   127     5   129     5   171 0.87 Glycosyl transferase family 2
GH109.hmm            -            126 KW1-S15_200_cg537_2  -            431   4.8e-22   74.0   0.6   1   1   1.8e-24   1.2e-21   72.8   0.2     4   123    38   152    35   155 0.93 -
GT35.hmm             -            674 KW1-S15_200_cg537_4  -            775  5.2e-149  493.0   0.0   1   2   7.6e-19   4.9e-16   53.6   0.0    21    70   121   172   117   208 0.86 -
GT35.hmm             -            674 KW1-S15_200_cg537_4  -            775  5.2e-149  493.0   0.0   2   2  1.6e-133    1e-130  432.5   0.0   209   558   267   634   258   662 0.94 -
GH105.hmm            -            332 KW1-S15_200_cg539_3  -            616   4.9e-57  188.9   0.0   1   1   1.2e-59   7.4e-57  188.3   0.0    12   330   310   610   300   611 0.88 -
CE15.hmm             -            269 KW1-S15_200_cg539_4  -            749   1.4e-26   88.8   0.0   1   1   3.3e-29   2.1e-26   88.3   0.0    13   267   437   747   429   748 0.86 -
CBM51.hmm            -            134 KW1-S15_200_cg555_1  -            451   1.8e-19   65.5   0.0   1   1   4.5e-22   2.9e-19   64.9   0.0     3   121   301   428   299   445 0.85 -
GT9.hmm              -            225 KW1-S15_200_cg558_3  -            358   1.1e-45  151.5   0.0   1   1   2.2e-48   1.4e-45  151.2   0.0     3   223    79   334    77   336 0.86 -
GT2_Glycos_transf_2.hmm PF00535.25   170 KW1-S15_200_cg558_12 -            231   7.5e-23   76.5   0.0   1   1   3.3e-25     1e-22   76.0   0.0     2   126     5   122     4   161 0.90 Glycosyl transferase family 2
GT81.hmm                -            293 KW1-S15_200_cg558_12 -            231   4.6e-17   57.1   0.0   1   1   1.7e-19   5.6e-17   56.8   0.0    22   228     2   192     1   226 0.75 -
CBM44.hmm            -             64 KW1-S15_200_cg559_1  -            899   2.6e-17   58.1   3.9   1   1     1e-19   6.6e-17   56.8   0.1     7    63   817   871   815   872 0.96 -
GH127.hmm            -            524 KW1-S15_200_cg564_8  -            735   2.7e-32  107.5   0.0   1   1   2.3e-34     5e-32  106.7   0.0   301   523   235   462   189   463 0.90 -
GH146.hmm            -            503 KW1-S15_200_cg564_8  -            735   4.6e-30   99.7   0.0   1   1   1.1e-31   2.3e-29   97.4   0.0   240   501   187   461   132   463 0.84 -
GH121.hmm            -           1392 KW1-S15_200_cg564_8  -            735   3.4e-20   66.3   0.0   1   1   2.1e-22   4.5e-20   65.9   0.0  1096  1230   597   733   574   734 0.88 -
GH33.hmm             -            342 KW1-S15_200_cg568_2  -            413   1.9e-31  104.9   0.1   1   1     7e-34   4.5e-31  103.7   0.1    22   327    63   390    57   404 0.73 -
GH109.hmm            -            126 KW1-S15_200_cg571_5  -            413   6.4e-16   54.2   0.1   1   1   2.6e-17   1.6e-14   49.7   0.1     4   116    47   145    46   153 0.83 -
GH109.hmm            -            126 KW1-S15_200_cg575_3  -            439   4.5e-18   61.2   0.1   1   1   1.4e-20   8.8e-18   60.2   0.1     2   119    40   164    39   169 0.86 -
GT1.hmm              -            382 KW1-S15_200_cg578_5  -            424   1.4e-43  145.3  25.8   1   1     3e-46     2e-43  144.9  25.8     6   380    13   413     9   414 0.93 -
CBM51.hmm            -            134 KW1-S15_200_cg582_1  -            832   4.3e-34  112.8   0.0   1   1   6.9e-24   4.4e-21   70.7   0.0     3    84    92   176    90   204 0.90 -
GH13_11.hmm          -            351 KW1-S15_200_cg594_3  -            684  1.4e-143  473.7   0.0   1   1  6.8e-145  1.7e-143  473.3   0.0     1   351   184   534   184   534 0.97 -
GH13_14.hmm          -            289 KW1-S15_200_cg594_3  -            684   2.1e-51  170.2   0.0   1   1   1.1e-52   2.9e-51  169.7   0.0     1   289   194   530   194   530 0.83 -
GH13.hmm             -            299 KW1-S15_200_cg594_3  -            684   1.4e-49  165.2   0.5   1   1   5.5e-51   1.4e-49  165.2   0.5    12   295   184   539   180   544 0.79 -
GH13_10.hmm          -            313 KW1-S15_200_cg594_3  -            684     5e-46  152.7   0.0   1   1   1.1e-46   2.8e-45  150.3   0.0     4   312   184   531   182   532 0.79 -
GH13_41.hmm          -            294 KW1-S15_200_cg594_3  -            684   1.9e-42  140.9   0.0   1   1   1.1e-43   2.9e-42  140.4   0.0     1   292   185   535   185   537 0.85 -
GH13_12.hmm          -            284 KW1-S15_200_cg594_3  -            684     7e-35  116.3   0.0   1   1   2.2e-35   5.7e-34  113.3   0.0     1   261   185   462   185   475 0.78 -
GH13_13.hmm          -            361 KW1-S15_200_cg594_3  -            684   7.4e-33  109.3   0.1   1   1     5e-32   1.3e-30  101.9   0.0    58   329   218   470   213   531 0.77 -
GH13_37.hmm          -            320 KW1-S15_200_cg594_3  -            684   7.9e-27   89.2   0.0   1   1   2.6e-27   6.6e-26   86.2   0.0     6   287   182   470   177   490 0.71 -
GH13_20.hmm          -            300 KW1-S15_200_cg594_3  -            684   1.9e-25   85.1   0.0   1   1   3.3e-26   8.5e-25   83.0   0.0     1   295   185   534   185   541 0.82 -
GH13_9.hmm           -            301 KW1-S15_200_cg594_3  -            684   2.3e-25   84.7   0.0   1   1   1.6e-26     4e-25   83.9   0.0     1   137   195   347   195   379 0.85 -
GH13_32.hmm          -            269 KW1-S15_200_cg594_3  -            684   3.7e-22   74.4   0.0   1   1     3e-23   7.8e-22   73.3   0.0     3   254   203   467   202   475 0.73 -
GH13_36.hmm          -            314 KW1-S15_200_cg594_3  -            684   4.8e-22   74.0   0.0   1   1   3.8e-16   9.8e-15   50.0   0.0     1    81   185   276   185   277 0.85 -
GH13_21.hmm          -            308 KW1-S15_200_cg594_3  -            684   6.3e-21   70.3   0.0   1   1   1.7e-20   4.3e-19   64.3   0.0     1   265   185   455   185   471 0.70 -
GH13_28.hmm          -            266 KW1-S15_200_cg594_3  -            684   5.8e-18   60.3   0.0   1   1   1.1e-18   2.8e-17   58.1   0.0     4   169   188   352   185   461 0.74 -
GH13_2.hmm           -            310 KW1-S15_200_cg594_3  -            684   1.2e-16   56.3   0.0   1   1     9e-17   2.3e-15   52.1   0.0     2   170   185   342   184   350 0.79 -
GH13_39.hmm          -            316 KW1-S15_200_cg594_3  -            684   3.2e-16   54.8   0.0   1   1   2.1e-17   5.3e-16   54.1   0.0     1   306   185   530   185   541 0.75 -
GH13_8.hmm           -            293 KW1-S15_200_cg594_3  -            684   5.3e-15   50.6   0.1   1   1   4.6e-16   1.2e-14   49.5   0.0     3   113   222   345   220   355 0.82 -
GT41.hmm             -            705 KW1-S15_200_cg607_2  -            390     7e-24   79.6   0.7   1   1   1.8e-18   1.2e-15   52.4   0.4   120   191   299   371   297   376 0.90 -
CE10.hmm             -            341 KW1-S15_200_cg608_2  -            686   2.4e-24   81.9   0.4   1   1   6.1e-27   3.9e-24   81.2   0.4    65   316   424   663   410   679 0.84 -
CE1.hmm              -            227 KW1-S15_200_cg612_4  -            588     2e-30  101.5   0.0   1   1   5.3e-33   3.4e-30  100.8   0.0     7   212    61   281    55   295 0.77 -
PL9.hmm              -            374 KW1-S15_200_cg612_8  -            526   9.6e-28   92.6  22.2   1   1   5.5e-27   8.8e-25   82.9   7.9    30   322    75   377    53   393 0.84 -
PL9_2.hmm            -            368 KW1-S15_200_cg612_8  -            526   3.6e-18   60.8   9.6   1   1   1.8e-15   2.9e-13   44.6   0.0    20   111    74   164    55   184 0.87 -
CBM51.hmm            -            134 KW1-S15_200_cg615_9  -            196   1.4e-31  104.7   0.0   1   1   3.5e-34   2.3e-31  104.0   0.0    15   133    74   192    55   193 0.90 -
AA5.hmm              -           1281 KW1-S15_200_cg616_4  -            420   6.1e-16   52.4   5.4   1   1   7.2e-17   4.6e-14   46.2   1.1   681   886    51   234    32   235 0.87 -
CE10.hmm             -            341 KW1-S15_200_cg619_1  -           1263     6e-37  123.3   0.7   1   1   3.1e-39     1e-36  122.6   0.7    78   310    49   271    41   299 0.85 -
CBM67.hmm            -            176 KW1-S15_200_cg619_1  -           1263   1.7e-30  101.3   3.7   1   1   1.3e-32   4.3e-30  100.0   3.7     2   176   303   445   302   445 0.97 -
CBM9.hmm             -            182 KW1-S15_200_cg623_1  -            242   1.5e-21   72.6   0.0   1   1     3e-24   1.9e-21   72.3   0.0     4   181    44   239    41   240 0.80 -
GH76.hmm             -            358 KW1-S15_200_cg627_2  -            403   4.9e-36  120.0   0.1   1   1   1.4e-38     9e-36  119.2   0.1    30   330    72   373    58   393 0.81 -
CE15.hmm             -            269 KW1-S15_200_cg632_2  -           1070     7e-18   60.3   0.0   1   1   1.1e-18   7.1e-16   53.7   0.0   104   258   215   362   208   372 0.88 -
CE10.hmm             -            341 KW1-S15_200_cg647_2  -            611   2.2e-38  128.0   1.6   1   1   6.5e-41   4.2e-38  127.1   1.6    76   329    51   287    15   303 0.74 -
CBM57.hmm            -            147 KW1-S15_200_cg649_3  -            445   3.5e-19   64.7   0.0   1   1   8.5e-22   5.5e-19   64.1   0.0    19   142    60   202    44   207 0.77 -
GH109.hmm            -            126 KW1-S15_200_cg651_1  -            432   1.7e-16   56.1   0.0   1   1   4.7e-19     3e-16   55.3   0.0     3   119    40   146    38   152 0.86 -
GH13_20.hmm          -            300 KW1-S15_200_cg654_4  -            548  1.2e-103  341.9   0.0   1   1  4.7e-105  1.4e-103  341.6   0.0     1   300    33   410    33   410 0.98 -
GH13_39.hmm          -            316 KW1-S15_200_cg654_4  -            548   1.4e-72  240.1   0.0   1   1   5.4e-74   1.7e-72  239.8   0.0     1   316    33   411    33   411 0.93 -
GH13_21.hmm          -            308 KW1-S15_200_cg654_4  -            548     7e-55  181.8   1.5   1   2   2.2e-21   6.6e-20   67.0   0.0     1    54    33    86    33    96 0.92 -
GH13_21.hmm          -            308 KW1-S15_200_cg654_4  -            548     7e-55  181.8   1.5   2   2   1.1e-34   3.5e-33  110.6   0.3    52   306   109   406   106   408 0.83 -
GH13.hmm             -            299 KW1-S15_200_cg654_4  -            548   1.7e-53  178.1   7.0   1   1   7.9e-55   2.4e-53  177.6   7.0    12   296    32   411    27   414 0.79 -
GH13_36.hmm          -            314 KW1-S15_200_cg654_4  -            548   4.7e-45  149.6   0.0   1   2   9.8e-19     3e-17   58.3   0.0     1    49    33    81    33    93 0.95 -
GH13_36.hmm          -            314 KW1-S15_200_cg654_4  -            548   4.7e-45  149.6   0.0   2   2   4.2e-28   1.3e-26   89.0   0.0    53   313   110   406   106   407 0.79 -
GH13_41.hmm          -            294 KW1-S15_200_cg654_4  -            548     8e-30   99.5   0.0   1   1   6.1e-31   1.9e-29   98.3   0.0     1   292    33   406    33   408 0.77 -
GH13_14.hmm          -            289 KW1-S15_200_cg654_4  -            548   5.4e-25   83.5   0.0   1   1   3.6e-26   1.1e-24   82.5   0.0     1   289    42   401    42   401 0.75 -
GH13_2.hmm           -            310 KW1-S15_200_cg654_4  -            548   2.4e-23   78.3   0.0   1   1   7.3e-24   2.2e-22   75.1   0.0     1   307    32   401    32   404 0.80 -
GH13_16.hmm          -            353 KW1-S15_200_cg654_4  -            548   2.9e-23   77.8   0.3   1   1   7.4e-21   2.3e-19   65.0   0.5     1   178    33   240    33   293 0.87 -
GH13_13.hmm          -            361 KW1-S15_200_cg654_4  -            548   2.3e-15   51.8   0.7   1   1   8.1e-15   2.5e-13   45.1   0.2     1   213    41   266    41   309 0.87 -
GT2_Glycos_transf_2.hmm PF00535.25   170 KW1-S15_200_cg655_8  -            274   5.4e-18   60.7   0.0   1   1   1.3e-20   8.3e-18   60.1   0.0     2   168     9   170     8   171 0.93 Glycosyl transferase family 2
CBM57.hmm            -            147 KW1-S15_200_cg659_1  -           1345   1.5e-15   52.9   0.0   1   1   4.7e-18     3e-15   51.9   0.0    15   135  1201  1323  1188  1339 0.79 -
GT83.hmm             -            540 KW1-S15_200_cg675_15 -            681   3.7e-17   57.3  42.7   1   1   5.8e-20   3.7e-17   57.3  42.7    73   434    75   447    62   497 0.72 -
CE1.hmm              -            227 KW1-S15_200_cg680_6  -            905   3.8e-30  100.6   0.0   1   1   8.2e-32   5.2e-29   96.9   0.0     4   209    36   216    34   229 0.77 -
GH165.hmm            -            635 KW1-S15_200_cg681_3  -             71   1.1e-22   75.4   0.0   1   1   1.9e-25   1.2e-22   75.3   0.0   538   605     2    69     1    70 0.98 -
CE15.hmm             -            269 KW1-S15_200_cg690_5  -            435  4.1e-103  339.8   0.0   1   1  7.5e-106  4.8e-103  339.6   0.0     1   267    39   427    39   429 0.99 -
CBM57.hmm            -            147 KW1-S15_200_cg693_1  -           1760   9.6e-15   50.3   0.0   1   1   2.8e-17   1.8e-14   49.4   0.0     3   105   298   426   296   436 0.88 -
GH74.hmm             -            233 KW1-S15_200_cg706_3  -           1157   2.8e-52  172.7  15.5   1   2   2.2e-15   1.4e-12   42.8   0.1    45   122   192   272   167   295 0.80 -
GH74.hmm             -            233 KW1-S15_200_cg706_3  -           1157   2.8e-52  172.7  15.5   2   2   9.7e-15   6.2e-12   40.7   0.8    46   119   302   377   284   384 0.83 -
GT2_Glycos_transf_2.hmm PF00535.25   170 KW1-S15_200_cg712_3  -            289   6.8e-35  115.7   0.0   1   1   7.3e-37   1.2e-34  114.9   0.0     3   109     7   108     5   161 0.91 Glycosyl transferase family 2
GT2_Glyco_tranf_2_3.hmm PF13641.5    230 KW1-S15_200_cg712_3  -            289   3.7e-25   84.4   0.0   1   1   3.4e-27   5.5e-25   83.9   0.0     5   212     5   199     3   213 0.87 Glycosyltransferase like family 2
GT2_Glyco_tranf_2_2.hmm PF10111.8    276 KW1-S15_200_cg712_3  -            289     5e-18   60.8   0.0   1   1     2e-19   3.2e-17   58.2   0.0    20   222    22   206     5   224 0.84 Glycosyltransferase like family 2
GT27.hmm                -            295 KW1-S15_200_cg712_3  -            289   2.8e-16   54.9   0.0   1   1     1e-16   1.7e-14   49.1   0.0     3   116     7   112     5   117 0.89 -
GH84.hmm             -            295 KW1-S15_200_cg715_8  -            662   4.9e-23   77.1   0.0   1   1   1.1e-25   6.9e-23   76.6   0.0    62   284   231   470   206   484 0.89 -
GT35.hmm             -            674 KW1-S15_200_cg721_8  -            841  2.7e-126  417.9   0.0   1   2     9e-16   5.8e-13   43.4   0.0    21    65   123   168   116   173 0.92 -
GT35.hmm             -            674 KW1-S15_200_cg721_8  -            841  2.7e-126  417.9   0.0   2   2  4.5e-115  2.9e-112  371.6   0.0   210   565   271   642   267   664 0.94 -
GH39.hmm             -            431 KW1-S15_200_cg723_2  -            933   8.5e-25   82.8   0.0   1   1   3.4e-24   2.2e-21   71.6   0.0    58   227   364   571   353   620 0.87 -
CBM9.hmm             -            182 KW1-S15_200_cg723_6  -            749   3.6e-19   64.9   0.1   1   1   8.7e-22   5.6e-19   64.3   0.1     1   153    57   217    57   234 0.81 -
GH109.hmm            -            126 KW1-S15_200_cg753_1  -            436   1.3e-22   75.9   0.1   1   1     4e-25   2.5e-22   74.9   0.1     1   120    44   159    44   165 0.96 -
GH165.hmm            -            635 KW1-S15_200_cg759_5  -            812     5e-76  251.6   0.0   1   1   1.1e-78   7.3e-76  251.0   0.0   143   605   348   809   326   811 0.88 -
GH109.hmm            -            126 KW1-S15_200_cg765_7  -            451   1.7e-23   78.7   0.1   1   1     7e-26   4.5e-23   77.3   0.1     2   122    32   150    31   154 0.91 -
CE15.hmm             -            269 KW1-S15_200_cg770_3  -            693   2.1e-17   58.8   0.0   1   1   3.6e-19   2.3e-16   55.3   0.0    14   268    58   368    56   369 0.85 -
CBM57.hmm            -            147 KW1-S15_200_cg773_12 -           1498   4.8e-33  109.7   0.0   1   1   2.4e-35   7.8e-33  109.0   0.0     2   146  1346  1491  1345  1492 0.90 -
GH33.hmm             -            342 KW1-S15_200_cg782_2  -            401   2.3e-18   61.9   0.0   1   1   4.1e-20   2.6e-17   58.4   0.0    51   302    85   272    46   287 0.45 -
GH109.hmm            -            126 KW1-S15_200_cg789_4  -            383   1.8e-23   78.6   0.0   1   1     7e-26   4.5e-23   77.3   0.0     1   124    43   162    43   164 0.90 -
GH109.hmm            -            126 KW1-S15_200_cg790_2  -            407   3.2e-22   74.6   0.0   1   1   8.1e-25   5.2e-22   73.9   0.0     2   113    39   147    38   157 0.90 -
GT9.hmm              -            225 KW1-S15_200_cg794_3  -            352     3e-60  199.2   1.9   1   1     6e-63   3.8e-60  198.9   1.9     5   221    79   331    75   335 0.90 -
GT30.hmm             -            177 KW1-S15_200_cg794_4  -            437   2.4e-55  182.0   0.0   1   1   6.8e-58   4.3e-55  181.2   0.0     6   176    48   222    37   223 0.95 -
#
# Program:         hmmscan
# Version:         3.3.1 (Jul 2020)
# Pipeline mode:   SCAN
# Query file:      /beegfs/home/lxd/2_sea_metagenomics/6.metabat2/bins_redup_refinem_drep/derep_70_10/derepbins_prodigal/KW1-S15_200.proteins.faa
# Target file:     /beegfs/home/lxd/4_salt_metagenomics/tools/CAZy/dbCAN-HMMdb-V8.txt
# Option settings: hmmscan --tblout KW1-S15_200.tbl --domtblout KW1-S15_200_dom.tbl --acc --noali --notextw -E 1e-14 --domE 1e-14 --cpu 30 /beegfs/home/lxd/4_salt_metagenomics/tools/CAZy/dbCAN-HMMdb-V8.txt /beegfs/home/lxd/2_sea_metagenomics/6.metabat2/bins_redup_refinem_drep/derep_70_10/derepbins_prodigal/KW1-S15_200.proteins.faa 
# Current dir:     /beegfs/home/lxd/2_sea_metagenomics/6.metabat2/bins_redup_refinem_drep/derep_70_10/derepbins_cazy
# Date:            Thu Mar  4 16:37:06 2021
# [ok]
