#                                                                            --- full sequence --- -------------- this domain -------------   hmm coord   ali coord   env coord
# target name        accession   tlen query name           accession   qlen   E-value  score  bias   #  of  c-Evalue  i-Evalue  score  bias  from    to  from    to  from    to  acc description of target
#------------------- ---------- ----- -------------------- ---------- ----- --------- ------ ----- --- --- --------- --------- ------ ----- ----- ----- ----- ----- ----- ----- ---- ---------------------
GT4.hmm              -            160 KW1-S05_108_cg7_8    -            378     1e-30  101.8   0.0   1   1   4.1e-33   2.6e-30  100.5   0.0     9   159   193   343   189   344 0.95 -
GT89.hmm             -            556 KW1-S05_108_cg14_4   -            505   3.2e-18   60.6  21.1   1   1   1.5e-19   9.8e-17   55.7  17.9    24   294    28   308     8   386 0.68 -
GT83.hmm             -            540 KW1-S05_108_cg14_5   -            530   4.1e-16   53.9  50.4   1   1   9.5e-19   6.1e-16   53.3  50.4    11   366    17   401     8   514 0.68 -
GT83.hmm             -            540 KW1-S05_108_cg14_10  -            506   3.1e-22   74.1  67.6   1   1   7.1e-25   4.6e-22   73.5  67.6     5   364    19   381    16   414 0.76 -
GT4.hmm              -            160 KW1-S05_108_cg17_12  -            359   2.2e-35  117.0   0.0   1   1   1.1e-37   3.4e-35  116.4   0.0    11   160   178   325   170   325 0.95 -
GT5.hmm              -            472 KW1-S05_108_cg17_12  -            359   4.6e-20   67.0   0.0   1   1   2.1e-22   6.8e-20   66.4   0.0   294   452   178   344   156   353 0.81 -
GT2_Glycos_transf_2.hmm PF00535.25   170 KW1-S05_108_cg18_4   -            323   1.4e-29   98.3   0.2   1   1   3.1e-32     2e-29   97.9   0.2     1   168    13   175    13   177 0.95 Glycosyl transferase family 2
GT41.hmm             -            705 KW1-S05_108_cg24_1   -            591   1.5e-24   81.8   0.0   1   1   5.3e-17   3.4e-14   47.6   0.1    66   191   219   334   206   338 0.93 -
AA2.hmm              -            255 KW1-S05_108_cg29_1   -            536   8.6e-25   82.9   0.1   1   1   2.3e-15   1.5e-12   42.8   0.5    18   253   260   530   247   532 0.73 -
GH24.hmm             -            137 KW1-S05_108_cg36_2   -            163   4.4e-26   86.9   0.0   1   1   9.3e-29     6e-26   86.5   0.0     6   129     5   126     2   134 0.90 -
GT4.hmm              -            160 KW1-S05_108_cg47_22  -            454     1e-46  153.8   0.0   1   1   5.4e-49   1.7e-46  153.1   0.0     7   158   253   414   248   416 0.95 -
GT5.hmm              -            472 KW1-S05_108_cg47_22  -            454   2.7e-32  107.3   0.4   1   1   2.4e-31   7.8e-29   95.9   0.0   289   472   252   440   240   440 0.85 -
GT2_Glycos_transf_2.hmm PF00535.25   170 KW1-S05_108_cg55_3   -            342   2.2e-32  107.5   0.0   1   1   1.4e-34     3e-32  107.0   0.0     1   166    26   186    26   190 0.90 Glycosyl transferase family 2
GT81.hmm                -            293 KW1-S05_108_cg55_3   -            342   1.5e-19   65.3   0.0   1   1   8.7e-22   1.9e-19   65.0   0.0    15   121    17   119     6   198 0.83 -
GT2_Glyco_tranf_2_3.hmm PF13641.5    230 KW1-S05_108_cg55_3   -            342   1.4e-17   59.6   0.0   1   1   9.2e-20     2e-17   59.2   0.0     4   207    25   220    22   239 0.83 Glycosyltransferase like family 2
CE10.hmm             -            341 KW1-S05_108_cg65_1   -            602   2.1e-27   91.9   0.2   1   1     5e-30   3.2e-27   91.3   0.2    58   319   317   571   303   585 0.88 -
GH23.hmm             -            135 KW1-S05_108_cg71_10  -            197   3.4e-17   58.5   0.0   1   1   7.5e-20   4.8e-17   58.0   0.0    17   115    61   155    50   169 0.91 -
GH15.hmm             -            361 KW1-S05_108_cg73_2   -            591   1.9e-82  272.6   0.1   1   1   3.6e-85   2.3e-82  272.3   0.1     2   360   216   581   215   582 0.90 -
GT41.hmm             -            705 KW1-S05_108_cg74_1   -            300   2.7e-20   67.7   7.8   1   1   1.2e-15   7.5e-13   43.1   1.7    59   191   121   277   112   293 0.79 -
AA2.hmm              -            255 KW1-S05_108_cg76_2   -            742   1.2e-44  148.0   0.6   1   2   1.8e-21   1.2e-18   62.8   0.0    13   119    88   196    77   203 0.89 -
AA2.hmm              -            255 KW1-S05_108_cg76_2   -            742   1.2e-44  148.0   0.6   2   2   2.1e-17   1.4e-14   49.5   1.2    21   253   469   735   453   737 0.77 -
CBM50.hmm            -             40 KW1-S05_108_cg85_3   -            450   8.1e-21   69.5   0.0   1   1   9.4e-16     6e-13   44.3   0.0     1    40    28    71    28    71 0.92 -
GH94.hmm             -           1036 KW1-S05_108_cg87_1   -           1285         0 1416.4   0.0   1   2   8.2e-51   5.2e-48  158.8   0.0   282   482     6   216     1   218 0.93 -
GH94.hmm             -           1036 KW1-S05_108_cg87_1   -           1285         0 1416.4   0.0   2   2         0         0 1265.0   0.0     2  1036   198  1278   197  1278 0.99 -
AA7.hmm              -            458 KW1-S05_108_cg89_16  -            979     7e-18   60.7   1.6   1   1   5.8e-20   3.7e-17   58.4   2.4    12   148    40   179    35   184 0.90 -
GT51.hmm             -            177 KW1-S05_108_cg91_18  -            897   3.4e-25   83.9   0.0   1   1   9.9e-28   6.4e-25   83.0   0.0    63   176   129   237    89   238 0.89 -
CE1.hmm              -            227 KW1-S05_108_cg93_31  -            316   5.4e-41  136.1   0.0   1   1   1.2e-43   7.4e-41  135.6   0.0     6   220    97   306    94   312 0.82 -
CBM50.hmm            -             40 KW1-S05_108_cg93_32  -            232   1.5e-25   84.6   0.0   1   2   8.8e-15   5.6e-12   41.2   0.0     1    40    98   141    98   141 0.92 -
CBM50.hmm            -             40 KW1-S05_108_cg93_32  -            232   1.5e-25   84.6   0.0   2   2   7.1e-15   4.5e-12   41.5   0.0     1    39   165   207   165   208 0.89 -
GT83.hmm             -            540 KW1-S05_108_cg97_4   -           1121   3.8e-28   93.6  70.0   1   1   2.2e-22     7e-20   66.3  28.7    11   216    33   238    24   249 0.85 -
GT39.hmm             -            223 KW1-S05_108_cg97_4   -           1121   1.9e-19   65.4  19.4   1   1   5.8e-22   1.9e-19   65.4  19.4     3   208    36   235    34   247 0.87 -
AA12.hmm             -            401 KW1-S05_108_cg101_12 -            389   1.8e-35  117.6   0.0   1   2   2.2e-18   1.4e-15   52.1   0.0    10   214    46   232    40   266 0.83 -
AA12.hmm             -            401 KW1-S05_108_cg101_12 -            389   1.8e-35  117.6   0.0   2   2   1.6e-21     1e-18   62.4   0.0   289   399   273   381   269   383 0.81 -
GH23.hmm             -            135 KW1-S05_108_cg104_1  -            465   1.4e-22   75.9   0.4   1   1   3.9e-25   2.5e-22   75.2   0.4    14   117   314   451   304   457 0.86 -
GT2_Glycos_transf_2.hmm PF00535.25   170 KW1-S05_108_cg107_1  -            207   2.1e-18   62.0   0.0   1   1   4.2e-21   2.7e-18   61.6   0.0    11   140    40   167    32   193 0.79 Glycosyl transferase family 2
GT2_Glycos_transf_2.hmm PF00535.25   170 KW1-S05_108_cg107_4  -            332   5.1e-19   64.0   0.0   1   1   1.2e-21   7.8e-19   63.4   0.0    10   132    40   161    35   192 0.86 Glycosyl transferase family 2
GT20.hmm             -            475 KW1-S05_108_cg111_11 -            734  1.7e-184  609.0   0.0   1   1    4e-187  2.5e-184  608.4   0.0    11   474     3   464     1   465 0.97 -
GT83.hmm             -            540 KW1-S05_108_cg113_17 -            771     2e-17   58.2  62.7   1   1   3.1e-20     2e-17   58.2  62.7    10   359   269   645   259   678 0.69 -
AA3.hmm              -            618 KW1-S05_108_cg126_5  -            645   5.3e-50  165.7   0.4   1   1   5.2e-52   6.7e-50  165.3   0.4    84   399   153   642   136   644 0.76 -
AA3_1.hmm            -            548 KW1-S05_108_cg126_5  -            645   1.4e-47  157.8   6.3   1   2     1e-35   1.3e-33  111.7   4.7    13   280   155   403   144   411 0.87 -
AA3_1.hmm            -            548 KW1-S05_108_cg126_5  -            645   1.4e-47  157.8   6.3   2   2   1.4e-15   1.8e-13   45.2   0.0   402   545   490   640   468   643 0.82 -
AA3_2.hmm            -            568 KW1-S05_108_cg126_5  -            645   4.2e-42  139.8   5.9   1   2   6.7e-25   8.5e-23   76.1   6.2     3   282   159   401   158   419 0.78 -
AA3_2.hmm            -            568 KW1-S05_108_cg126_5  -            645   4.2e-42  139.8   5.9   2   2   8.6e-19   1.1e-16   55.9   0.0   416   567   485   642   459   643 0.81 -
AA8.hmm              -            815 KW1-S05_108_cg126_5  -            645   1.1e-23   78.4   7.7   1   1   1.5e-17   1.9e-15   51.2   6.3   241   508   154   401   129   408 0.79 -
GT2_Glycos_transf_2.hmm PF00535.25   170 KW1-S05_108_cg129_4  -            244     2e-23   78.4   0.0   1   1     4e-26   2.6e-23   78.0   0.0     1   129     5   130     5   164 0.85 Glycosyl transferase family 2
CE1.hmm              -            227 KW1-S05_108_cg129_9  -            287   8.1e-27   89.7   0.0   1   1   1.8e-29   1.1e-26   89.2   0.0     3   175    68   230    66   284 0.62 -
GT1.hmm              -            382 KW1-S05_108_cg129_25 -            401   3.2e-46  154.0   0.0   1   1   5.9e-49   3.8e-46  153.8   0.0    10   380    10   393     6   395 0.93 -
AA3_2.hmm            -            568 KW1-S05_108_cg136_3  -            515  6.3e-133  439.7   0.0   1   2   8.7e-87   1.1e-84  280.4   0.0     2   318     2   304     1   318 0.90 -
AA3_2.hmm            -            568 KW1-S05_108_cg136_3  -            515  6.3e-133  439.7   0.0   2   2   1.4e-49   1.8e-47  157.6   0.0   394   567   334   512   310   513 0.88 -
AA3.hmm              -            618 KW1-S05_108_cg136_3  -            515   5.2e-92  304.4   0.1   1   1   4.7e-94     6e-92  304.2   0.1    89   399     2   512     1   514 0.85 -
AA3_3.hmm            -            590 KW1-S05_108_cg136_3  -            515   4.7e-64  212.0   0.0   1   2   2.6e-45   3.4e-43  143.1   0.0     3   316     3   304     1   349 0.85 -
AA3_3.hmm            -            590 KW1-S05_108_cg136_3  -            515   4.7e-64  212.0   0.0   2   2   2.9e-21   3.7e-19   63.8   0.1   509   586   433   511   409   513 0.89 -
AA3_1.hmm            -            548 KW1-S05_108_cg136_3  -            515   3.8e-50  166.2   0.8   1   2   5.9e-32   7.5e-30   99.2   0.6    16   319     2   299     1   306 0.75 -
AA3_1.hmm            -            548 KW1-S05_108_cg136_3  -            515   3.8e-50  166.2   0.8   2   2   6.6e-21   8.4e-19   62.8   0.0   410   544   371   510   330   512 0.74 -
AA8.hmm              -            815 KW1-S05_108_cg136_3  -            515   3.5e-37  123.1   1.1   1   2   3.4e-24   4.3e-22   73.1   1.0   245   548     2   299     1   307 0.77 -
AA8.hmm              -            815 KW1-S05_108_cg136_3  -            515   3.5e-37  123.1   1.1   2   2   8.2e-16   1.1e-13   45.4   0.0   655   771   389   508   369   512 0.81 -
GT83.hmm             -            540 KW1-S05_108_cg137_3  -            658   9.9e-19   62.5  45.5   1   1   1.5e-21   9.9e-19   62.5  45.5    82   366   219   523   207   564 0.68 -
CE10.hmm             -            341 KW1-S05_108_cg144_8  -            366   8.9e-15   50.4   1.1   1   1   2.5e-17   1.6e-14   49.5   1.1    82   316   112   347    45   358 0.69 -
GT51.hmm             -            177 KW1-S05_108_cg146_3  -           1058   7.5e-60  196.7   0.2   1   1   1.7e-62   1.1e-59  196.2   0.2    10   176   224   394   212   395 0.93 -
CE14.hmm             -            124 KW1-S05_108_cg146_13 -            288   5.9e-45  148.3   0.1   1   1   1.5e-47   9.3e-45  147.7   0.1     1   124     7   137     7   137 0.97 -
GT4.hmm              -            160 KW1-S05_108_cg159_25 -            413   1.7e-34  114.1   0.0   1   1   7.9e-37   2.5e-34  113.5   0.0     5   159   224   385   220   386 0.94 -
GT5.hmm              -            472 KW1-S05_108_cg159_25 -            413   1.4e-15   52.2   0.0   1   1   6.2e-18     2e-15   51.7   0.0   266   470   204   409   181   410 0.84 -
GT2_Glycos_transf_2.hmm PF00535.25   170 KW1-S05_108_cg167_3  -            349   3.1e-29   97.2   0.0   1   1   1.9e-31   6.1e-29   96.3   0.0     1   170    16   173    16   173 0.95 Glycosyl transferase family 2
GT2_Glyco_tranf_2_3.hmm PF13641.5    230 KW1-S05_108_cg167_3  -            349   6.5e-15   50.9   0.1   1   1   5.4e-17   1.7e-14   49.5   0.1     2   214    13   215    11   232 0.72 Glycosyltransferase like family 2
GT2_Glycos_transf_2.hmm PF00535.25   170 KW1-S05_108_cg167_4  -            273   1.8e-26   88.3   0.0   1   1   8.1e-29   2.6e-26   87.7   0.0     1   123     9   128     9   164 0.83 Glycosyl transferase family 2
GT2_Glyco_tranf_2_3.hmm PF13641.5    230 KW1-S05_108_cg167_4  -            273   5.5e-18   61.0   0.0   1   1   2.5e-20     8e-18   60.4   0.0     4   196     8   187     5   197 0.87 Glycosyltransferase like family 2
GT4.hmm              -            160 KW1-S05_108_cg174_1  -            341   3.2e-26   87.2   0.0   1   1   1.6e-28   5.1e-26   86.6   0.0     9   153   156   307   151   315 0.91 -
GT5.hmm              -            472 KW1-S05_108_cg174_1  -            341   3.1e-19   64.2   0.0   1   1   1.5e-21   4.7e-19   63.6   0.0   291   471   155   334   139   335 0.88 -
GT83.hmm             -            540 KW1-S05_108_cg174_4  -           1616   1.8e-19   65.0  45.6   1   1   2.8e-22   1.8e-19   65.0  45.6    87   376   110   425   103   441 0.70 -
CE1.hmm              -            227 KW1-S05_108_cg175_1  -            116   1.3e-19   66.1   0.0   1   1   2.2e-22   1.4e-19   66.0   0.0     4   114    11   116     8   116 0.86 -
GT4.hmm              -            160 KW1-S05_108_cg175_15 -            356   4.5e-20   67.2   0.0   1   1   1.1e-20   6.9e-18   60.1   0.0     5   156   169   327   165   331 0.92 -
GH13_23.hmm          -            344 KW1-S05_108_cg191_6  -            535  5.3e-151  498.3   0.2   1   1  3.3e-152  6.7e-151  497.9   0.2     1   342    34   372    34   374 0.99 -
GH13_17.hmm          -            350 KW1-S05_108_cg191_6  -            535  1.3e-113  375.0   0.0   1   1  8.1e-115  1.6e-113  374.7   0.0     1   350    34   373    34   373 0.93 -
GH13_31.hmm          -            349 KW1-S05_108_cg191_6  -            535  1.6e-106  351.9   0.0   1   1  1.2e-107  2.4e-106  351.3   0.0     1   348    34   372    34   373 0.92 -
GH13_35.hmm          -            351 KW1-S05_108_cg191_6  -            535  5.2e-104  343.5   0.0   1   1  3.1e-105  6.3e-104  343.3   0.0     1   351    34   372    34   372 0.95 -
GH13_30.hmm          -            365 KW1-S05_108_cg191_6  -            535  8.9e-101  332.9   4.5   1   1  6.1e-100   1.2e-98  325.8   4.5     1   364    34   371    34   372 0.89 -
GH13_40.hmm          -            359 KW1-S05_108_cg191_6  -            535   2.6e-93  308.1   0.0   1   1   4.4e-94   8.7e-93  306.4   0.0     1   358    34   372    34   373 0.89 -
GH13_29.hmm          -            344 KW1-S05_108_cg191_6  -            535   1.2e-88  292.8   0.0   1   1   2.6e-89   5.2e-88  290.7   0.0     1   343    33   372    33   373 0.89 -
GH13_16.hmm          -            353 KW1-S05_108_cg191_6  -            535     9e-83  273.5   0.8   1   1   1.7e-75   3.5e-74  245.3   0.1     1   249    34   306    34   339 0.92 -
GH13.hmm             -            299 KW1-S05_108_cg191_6  -            535   4.6e-81  268.6   7.6   1   1   3.2e-82   6.5e-81  268.1   7.6    12   295    33   376    27   380 0.78 -
GH13_36.hmm          -            314 KW1-S05_108_cg191_6  -            535   6.5e-80  264.1   0.0   1   1   5.9e-81   1.2e-79  263.2   0.0     1   313    34   372    34   373 0.88 -
GH13_21.hmm          -            308 KW1-S05_108_cg191_6  -            535   1.4e-60  200.6   0.1   1   1   1.3e-61   2.6e-60  199.7   0.1     1   306    34   372    34   374 0.90 -
GH13_20.hmm          -            300 KW1-S05_108_cg191_6  -            535   7.6e-50  165.2   0.1   1   1   1.1e-41   2.2e-40  134.1   0.1     1   164    34   211    34   220 0.90 -
GH13_4.hmm           -            400 KW1-S05_108_cg191_6  -            535   2.2e-37  124.0   0.1   1   1   1.7e-34   3.4e-33  110.2   0.1     2   187    34   214    33   221 0.91 -
GH13_2.hmm           -            310 KW1-S05_108_cg191_6  -            535   4.5e-36  120.1   0.0   1   1   2.3e-28   4.7e-27   90.5   0.0     2   173    34   209    33   217 0.83 -
GH13_39.hmm          -            316 KW1-S05_108_cg191_6  -            535   2.9e-34  114.1   0.0   1   1   2.7e-27   5.4e-26   87.0   0.1     1   165    34   211    34   220 0.84 -
GH13_14.hmm          -            289 KW1-S05_108_cg191_6  -            535   1.4e-27   92.1   0.0   1   1   6.4e-22   1.3e-20   69.2   0.0     1   153    43   210    43   215 0.79 -
GH13_1.hmm           -            306 KW1-S05_108_cg191_6  -            535   2.7e-26   87.7   0.0   1   1   3.1e-21   6.2e-20   66.7   0.0     2   174    34   211    33   220 0.72 -
GH13_41.hmm          -            294 KW1-S05_108_cg191_6  -            535   2.7e-26   87.9   0.0   1   1   1.3e-18   2.6e-17   58.4   0.0     1   157    34   208    34   214 0.90 -
GH13_10.hmm          -            313 KW1-S05_108_cg191_6  -            535   1.6e-24   82.1   0.0   1   1   5.7e-22   1.1e-20   69.4   0.1     5   148    34   215    32   219 0.94 -
GH13_18.hmm          -            343 KW1-S05_108_cg191_6  -            535   2.9e-23   77.7   0.2   1   1   1.6e-22   3.1e-21   71.0   0.1     2   157    52   214    51   219 0.82 -
GH13_3.hmm           -            210 KW1-S05_108_cg191_6  -            535   5.4e-21   70.3   0.2   1   1   3.4e-21   6.8e-20   66.7   0.2     3   149    41   209    39   217 0.79 -
GH13_13.hmm          -            361 KW1-S05_108_cg191_6  -            535   4.3e-20   67.3   0.0   1   1   1.5e-17     3e-16   54.7   0.0    61   181    67   209    61   215 0.84 -
GH13_12.hmm          -            284 KW1-S05_108_cg191_6  -            535   3.3e-19   64.9   0.0   1   1   3.6e-18   7.3e-17   57.2   0.0     1   153    34   208    34   214 0.89 -
GH13_37.hmm          -            320 KW1-S05_108_cg191_6  -            535   5.9e-19   63.4   1.8   1   1   5.1e-16     1e-14   49.4   0.1     8    98    33   112    28   124 0.93 -
GH13_9.hmm           -            301 KW1-S05_108_cg191_6  -            535   1.1e-18   62.8   1.6   1   1     6e-19   1.2e-17   59.3   1.6     1   140    44   214    44   243 0.85 -
GH13_32.hmm          -            269 KW1-S05_108_cg191_6  -            535   1.1e-16   56.4   0.0   1   1   1.3e-17   2.7e-16   55.2   0.0     1   150    50   208    50   216 0.78 -
GH13_11.hmm          -            351 KW1-S05_108_cg191_6  -            535   1.2e-15   52.9   0.0   1   1   7.7e-15   1.6e-13   45.9   0.0     3   176    35   229    33   318 0.73 -
GH13_28.hmm          -            266 KW1-S05_108_cg191_6  -            535   4.1e-15   51.0   0.0   1   1   6.8e-16   1.4e-14   49.3   0.0    46   163    69   211    36   229 0.73 -
GH109.hmm            -            126 KW1-S05_108_cg191_8  -            375   1.1e-15   53.4   0.0   1   1   4.4e-18   2.8e-15   52.1   0.0     1   120     4   116     4   121 0.85 -
GT41.hmm             -            705 KW1-S05_108_cg210_3  -            557   8.7e-17   56.1   0.0   1   1   2.3e-15   1.5e-12   42.2   0.0    59   203   328   461   318   464 0.88 -
GT2_Glycos_transf_2.hmm PF00535.25   170 KW1-S05_108_cg221_7  -            383     8e-27   89.4   0.0   1   1   7.3e-29   1.2e-26   88.9   0.0     1   119    46   167    46   215 0.82 Glycosyl transferase family 2
GT2_Glyco_tranf_2_3.hmm PF13641.5    230 KW1-S05_108_cg221_7  -            383   2.9e-22   74.9   0.5   1   1   3.8e-24   6.1e-22   73.9   0.5     4   221    45   262    43   269 0.84 Glycosyltransferase like family 2
GT21.hmm                -            233 KW1-S05_108_cg221_7  -            383   8.1e-20   66.6   0.0   1   1   6.8e-22   1.1e-19   66.2   0.0     2   203    44   241    43   255 0.91 -
GT81.hmm                -            293 KW1-S05_108_cg221_7  -            383   9.6e-15   49.5   0.7   1   1   8.5e-17   1.4e-14   49.0   0.7    20   130    42   147    35   156 0.84 -
GT41.hmm             -            705 KW1-S05_108_cg222_32 -            447   6.8e-19   63.1   8.9   1   1   5.2e-15   3.4e-12   41.0   2.9    60   191   158   279   141   288 0.91 -
GT28.hmm             -            157 KW1-S05_108_cg226_11 -            380   1.2e-41  137.4   0.0   1   1   3.5e-44   2.2e-41  136.5   0.0     2   156   171   331   170   332 0.91 -
GT4.hmm              -            160 KW1-S05_108_cg232_15 -            418   5.7e-19   63.6   0.0   1   1   1.4e-21   9.2e-19   63.0   0.0     7   159   234   389   229   390 0.90 -
PL12.hmm             -            138 KW1-S05_108_cg232_18 -            727   1.7e-28   94.9   0.0   1   1   1.4e-30   4.5e-28   93.6   0.0     1   138   428   563   428   563 0.94 -
PL12_3.hmm           -            144 KW1-S05_108_cg232_18 -            727   2.3e-16   55.4   0.0   1   1   1.2e-18   3.7e-16   54.7   0.0    30   133   451   552   428   562 0.87 -
GT4.hmm              -            160 KW1-S05_108_cg232_20 -            405   4.5e-24   80.2   0.0   1   1   1.4e-26   9.1e-24   79.2   0.0    27   157   240   369   236   373 0.89 -
GT4.hmm              -            160 KW1-S05_108_cg232_21 -            359   1.2e-24   82.1   0.0   1   1   3.2e-27     2e-24   81.4   0.0     9   159   186   328   181   329 0.91 -
GT2_Glycos_transf_2.hmm PF00535.25   170 KW1-S05_108_cg232_46 -            332   4.2e-28   93.6   0.0   1   1   1.9e-30   6.2e-28   93.0   0.0     4   166     1   162     1   166 0.88 Glycosyl transferase family 2
GT2_Glyco_tranf_2_3.hmm PF13641.5    230 KW1-S05_108_cg232_46 -            332   9.6e-17   56.9   0.3   1   1   1.3e-18   4.2e-16   54.8   0.3     9   214     2   204     1   224 0.81 Glycosyltransferase like family 2
GT2_Glycos_transf_2.hmm PF00535.25   170 KW1-S05_108_cg236_15 -            309   8.3e-29   95.9   0.0   1   1   1.8e-31   1.2e-28   95.4   0.0    10   169   113   264   106   265 0.93 Glycosyl transferase family 2
GH23.hmm             -            135 KW1-S05_108_cg237_6  -            796     4e-21   71.2   0.0   1   1   2.4e-23   1.5e-20   69.4   0.0    18   121   662   785   652   792 0.92 -
CBM9.hmm             -            182 KW1-S05_108_cg238_2  -            204   1.3e-28   95.6   0.1   1   1   2.3e-31   1.5e-28   95.4   0.1     1   182     7   201     7   201 0.86 -
GT2_Glycos_transf_2.hmm PF00535.25   170 KW1-S05_108_cg241_4  -            245   2.7e-29   97.4   0.0   1   1   5.4e-32   3.4e-29   97.1   0.0     1   166     5   170     5   173 0.97 Glycosyl transferase family 2
GH13_23.hmm          -            344 KW1-S05_108_cg243_18 -            535  7.9e-148  487.8   1.1   1   1    4e-149  8.2e-148  487.8   0.4     1   343    34   373    34   374 0.99 -
GH13_17.hmm          -            350 KW1-S05_108_cg243_18 -            535  4.6e-114  376.5   0.0   1   1  1.1e-114  2.3e-113  374.2   0.0     1   349    34   372    34   373 0.94 -
GH13_31.hmm          -            349 KW1-S05_108_cg243_18 -            535  4.8e-105  347.0   0.0   1   1  4.3e-106  8.9e-105  346.1   0.0     1   348    34   372    34   373 0.92 -
GH13_35.hmm          -            351 KW1-S05_108_cg243_18 -            535  2.7e-100  331.3   0.0   1   1  1.8e-101  3.7e-100  330.9   0.0     1   350    34   371    34   372 0.95 -
GH13_30.hmm          -            365 KW1-S05_108_cg243_18 -            535   4.3e-98  324.0   7.5   1   1   2.7e-97   5.5e-96  317.1   7.5     1   363    34   370    34   372 0.89 -
GH13_40.hmm          -            359 KW1-S05_108_cg243_18 -            535   1.1e-91  302.7   0.0   1   1   2.1e-92   4.4e-91  300.8   0.0     1   357    34   371    34   373 0.89 -
GH13_29.hmm          -            344 KW1-S05_108_cg243_18 -            535     4e-87  287.8   0.0   1   1   1.3e-87   2.7e-86  285.1   0.0     1   343    33   372    33   373 0.89 -
GH13_16.hmm          -            353 KW1-S05_108_cg243_18 -            535   4.7e-84  277.7   4.7   1   1   1.4e-78   2.9e-77  255.4   0.2     1   251    34   308    34   338 0.94 -
GH13.hmm             -            299 KW1-S05_108_cg243_18 -            535     5e-80  265.2   7.4   1   1     2e-80   4.2e-79  262.1   6.2    10   297    31   378    25   380 0.81 -
GH13_36.hmm          -            314 KW1-S05_108_cg243_18 -            535   2.8e-78  258.7   0.0   1   1   2.7e-79   5.6e-78  257.8   0.0     1   313    34   372    34   373 0.89 -
GH13_21.hmm          -            308 KW1-S05_108_cg243_18 -            535   9.7e-59  194.5   0.2   1   1   1.2e-59   2.6e-58  193.1   0.1     1   306    34   372    34   374 0.91 -
GH13_20.hmm          -            300 KW1-S05_108_cg243_18 -            535   1.8e-47  157.4   0.5   1   1   3.6e-39   7.5e-38  125.8   0.1     1   164    34   211    34   220 0.90 -
GH13_4.hmm           -            400 KW1-S05_108_cg243_18 -            535   4.6e-40  132.8   0.1   1   1   5.6e-35   1.2e-33  111.7   0.1     2   188    34   215    33   221 0.92 -
GH13_2.hmm           -            310 KW1-S05_108_cg243_18 -            535   1.2e-36  122.0   0.0   1   1   2.7e-28   5.6e-27   90.3   0.0     2   174    34   210    33   219 0.82 -
GH13_39.hmm          -            316 KW1-S05_108_cg243_18 -            535   1.6e-33  111.7   0.2   1   1     2e-25   4.2e-24   80.7   0.2     1   166    34   212    34   220 0.85 -
GH13_1.hmm           -            306 KW1-S05_108_cg243_18 -            535   9.5e-27   89.1   0.0   1   1   1.9e-20   3.9e-19   64.1   0.0     2   176    34   213    33   228 0.75 -
GH13_14.hmm          -            289 KW1-S05_108_cg243_18 -            535   1.6e-25   85.3   0.0   1   1   2.7e-20   5.6e-19   63.8   0.0     1   152    43   209    43   220 0.75 -
GH13_41.hmm          -            294 KW1-S05_108_cg243_18 -            535   1.6e-23   78.9   0.0   1   1   5.3e-16   1.1e-14   49.8   0.0     1   157    34   208    34   218 0.86 -
GH13_18.hmm          -            343 KW1-S05_108_cg243_18 -            535   1.1e-22   75.8   0.3   1   1   3.2e-22   6.5e-21   70.0   0.1     2   158    52   215    51   219 0.90 -
GH13_10.hmm          -            313 KW1-S05_108_cg243_18 -            535   1.3e-22   75.8   0.0   1   1   5.1e-20     1e-18   63.0   0.0     5   148    34   215    32   219 0.95 -
GH13_37.hmm          -            320 KW1-S05_108_cg243_18 -            535   2.2e-19   64.8   0.5   1   1   3.6e-16   7.4e-15   49.9   0.2     8   161    33   214    27   218 0.70 -
GH13_3.hmm           -            210 KW1-S05_108_cg243_18 -            535   1.9e-18   62.0   2.1   1   1   6.5e-19   1.3e-17   59.2   0.5     3   148    41   224    39   255 0.72 -
GH13_12.hmm          -            284 KW1-S05_108_cg243_18 -            535   2.1e-17   59.0   0.0   1   1   2.8e-16   5.7e-15   51.0   0.0     1   153    34   208    34   218 0.87 -
GH13_32.hmm          -            269 KW1-S05_108_cg243_18 -            535   3.2e-17   58.2   0.0   1   1   5.6e-17   1.2e-15   53.1   0.0     1   150    50   208    50   218 0.82 -
GH13_9.hmm           -            301 KW1-S05_108_cg243_18 -            535   3.6e-17   57.8   0.9   1   1   1.6e-17   3.4e-16   54.6   0.7     1   152    44   225    44   268 0.84 -
GH13_13.hmm          -            361 KW1-S05_108_cg243_18 -            535   1.5e-16   55.6   0.0   1   1   6.8e-15   1.4e-13   45.9   0.0    61   186    67   214    61   218 0.83 -
GH38.hmm             -            269 KW1-S05_108_cg243_19 -            978   1.2e-64  213.8   0.0   1   1   2.5e-67   1.6e-64  213.3   0.0     3   255    15   266    13   286 0.90 -
CE4.hmm              -            130 KW1-S05_108_cg244_7  -            213   2.2e-25   84.6   0.0   1   1   6.9e-28   4.4e-25   83.7   0.0     5   129    20   144    16   145 0.93 -
GH3.hmm              -            216 KW1-S05_108_cg247_3  -            914   6.5e-33  109.4   0.0   1   1   1.5e-35   9.9e-33  108.8   0.0     7   214   119   372   114   374 0.86 -
GT2_Glycos_transf_2.hmm PF00535.25   170 KW1-S05_108_cg247_6  -            229   1.5e-32  108.0   0.0   1   1   6.1e-35     2e-32  107.7   0.0     3   168     6   166     4   168 0.96 Glycosyl transferase family 2
GT81.hmm                -            293 KW1-S05_108_cg247_6  -            229   2.6e-17   57.9   0.0   1   1   1.4e-19   4.4e-17   57.2   0.0    25   140     5   109     1   120 0.85 -
AA1.hmm              -            943 KW1-S05_108_cg255_2  -            349   4.5e-34  113.1  13.4   1   1   4.6e-34   9.8e-32  105.3   8.0   411   566    75   230    70   248 0.83 -
AA1_3.hmm            -            312 KW1-S05_108_cg255_2  -            349   1.2e-20   69.2   3.2   1   1   8.4e-23   1.8e-20   68.6   1.5    10   136    96   218    86   238 0.85 -
AA1_2.hmm            -            337 KW1-S05_108_cg255_2  -            349   2.9e-16   54.7   2.9   1   1   8.5e-17   1.8e-14   48.8   1.3     6   106   123   217   120   231 0.90 -
AA3.hmm              -            618 KW1-S05_108_cg255_20 -            455   8.5e-31  102.2   0.0   1   1   6.3e-33   1.4e-30  101.6   0.0    89   408    12   449     2   453 0.63 -
GH38.hmm             -            269 KW1-S05_108_cg260_9  -            117   2.8e-36  120.7   0.0   1   1   4.8e-39   3.1e-36  120.6   0.0     3   113     7   115     5   117 0.97 -
GH15.hmm             -            361 KW1-S05_108_cg262_11 -            601   1.5e-75  249.9   0.7   1   1   2.9e-78   1.8e-75  249.6   0.7     3   360   222   586   220   587 0.88 -
AA7.hmm              -            458 KW1-S05_108_cg266_28 -            458  2.3e-105  349.1   3.8   1   1  1.3e-106  8.4e-104  344.0   3.8     3   458    27   453    25   453 0.86 -
#
# Program:         hmmscan
# Version:         3.3.1 (Jul 2020)
# Pipeline mode:   SCAN
# Query file:      /beegfs/home/lxd/2_sea_metagenomics/6.metabat2/bins_redup_refinem_drep/derep_70_10/derepbins_prodigal/KW1-S05_108.proteins.faa
# Target file:     /beegfs/home/lxd/4_salt_metagenomics/tools/CAZy/dbCAN-HMMdb-V8.txt
# Option settings: hmmscan --tblout KW1-S05_108.tbl --domtblout KW1-S05_108_dom.tbl --acc --noali --notextw -E 1e-14 --domE 1e-14 --cpu 30 /beegfs/home/lxd/4_salt_metagenomics/tools/CAZy/dbCAN-HMMdb-V8.txt /beegfs/home/lxd/2_sea_metagenomics/6.metabat2/bins_redup_refinem_drep/derep_70_10/derepbins_prodigal/KW1-S05_108.proteins.faa 
# Current dir:     /beegfs/home/lxd/2_sea_metagenomics/6.metabat2/bins_redup_refinem_drep/derep_70_10/derepbins_cazy
# Date:            Thu Mar  4 10:50:35 2021
# [ok]
