#                                                                            --- full sequence --- -------------- this domain -------------   hmm coord   ali coord   env coord
# target name        accession   tlen query name           accession   qlen   E-value  score  bias   #  of  c-Evalue  i-Evalue  score  bias  from    to  from    to  from    to  acc description of target
#------------------- ---------- ----- -------------------- ---------- ----- --------- ------ ----- --- --- --------- --------- ------ ----- ----- ----- ----- ----- ----- ----- ---- ---------------------
AA3_2.hmm            -            568 KW1-S15_135_cg6_2    -            474  1.8e-132  438.2   0.0   1   1  1.8e-134  2.3e-132  437.8   0.0     2   510     2   474     1   474 0.93 -
AA3.hmm              -            618 KW1-S15_135_cg6_2    -            474   8.4e-77  254.2   0.0   1   1   7.4e-79   9.4e-77  254.0   0.0    89   342     2   474     1   474 0.87 -
AA3_3.hmm            -            590 KW1-S15_135_cg6_2    -            474   3.4e-59  196.0   0.0   1   1     1e-57   1.3e-55  184.2   0.0     2   316     2   301     1   315 0.92 -
AA3_1.hmm            -            548 KW1-S15_135_cg6_2    -            474   4.1e-35  116.6   0.3   1   1   4.5e-36   5.8e-34  112.8   0.3    16   325     2   302     1   345 0.75 -
AA8.hmm              -            815 KW1-S15_135_cg6_2    -            474   1.2e-27   91.6   0.7   1   1   4.5e-22   5.7e-20   66.1   0.1   322   546    75   294    66   333 0.77 -
GH3.hmm              -            216 KW1-S15_135_cg8_4    -            346   1.8e-44  147.2   0.0   1   1   4.9e-47   3.1e-44  146.4   0.0    12   215    60   284    55   285 0.90 -
GT28.hmm             -            157 KW1-S15_135_cg10_5   -            385   2.5e-45  149.3   1.3   1   1   5.5e-48   3.5e-45  148.8   0.2     2   155   197   357   196   359 0.96 -
GT51.hmm             -            177 KW1-S15_135_cg16_1   -            717     2e-64  211.6   0.1   1   1   4.3e-67   2.8e-64  211.2   0.1     1   177    58   237    58   237 0.97 -
GT30.hmm             -            177 KW1-S15_135_cg21_3   -            461   5.1e-61  200.5   0.2   1   1   1.2e-62   7.9e-60  196.6   0.0     2   175    46   221    45   222 0.98 -
GH103.hmm            -            295 KW1-S15_135_cg43_3   -            345  8.5e-114  374.9   0.0   1   1  1.5e-116  9.7e-114  374.7   0.0     1   294    33   341    33   342 0.96 -
GH109.hmm            -            126 KW1-S15_135_cg72_3   -            343     2e-16   55.9   0.0   1   1   3.7e-18   2.3e-15   52.4   0.0     3   125    11   120    10   121 0.88 -
GT41.hmm             -            705 KW1-S15_135_cg79_1   -            318   5.2e-50  166.0  14.2   1   3   1.1e-16   6.7e-14   46.6   1.3    83   191    26   124    17   126 0.88 -
GT41.hmm             -            705 KW1-S15_135_cg79_1   -            318   5.2e-50  166.0  14.2   2   3   3.1e-15     2e-12   41.7   0.1   126   191   127   192   123   193 0.90 -
GT41.hmm             -            705 KW1-S15_135_cg79_1   -            318   5.2e-50  166.0  14.2   3   3     1e-16   6.7e-14   46.6   0.2   120   190   188   259   188   260 0.93 -
GT41.hmm             -            705 KW1-S15_135_cg79_2   -            732  1.1e-171  568.2   0.0   1   3   1.4e-25   9.2e-23   75.9   0.5    56   191    37   162    23   165 0.91 -
GT41.hmm             -            705 KW1-S15_135_cg79_2   -            732  1.1e-171  568.2   0.0   2   3   1.9e-19   1.2e-16   55.7   0.8   123   203   162   234   161   241 0.91 -
GT41.hmm             -            705 KW1-S15_135_cg79_2   -            732  1.1e-171  568.2   0.0   3   3    9e-134  5.8e-131  433.5   0.0   162   521   242   716   235   720 0.98 -
AA4.hmm              -            522 KW1-S15_135_cg89_2   -            478   1.7e-21   71.7   0.0   1   1   3.6e-20   1.1e-17   59.1   0.0    17   256     7   239     3   245 0.79 -
AA7.hmm              -            458 KW1-S15_135_cg89_2   -            478   1.7e-19   66.1   0.7   1   1   3.7e-21   1.2e-18   63.3   0.7    11   206    38   244    32   260 0.89 -
GT20.hmm             -            475 KW1-S15_135_cg96_2   -            462    3e-164  542.2   0.0   1   1  5.3e-167  3.4e-164  542.1   0.0    13   475     2   456     1   456 0.96 -
GH15.hmm             -            361 KW1-S15_135_cg96_3   -            599   1.5e-77  256.5   1.5   1   1     3e-80   1.9e-77  256.1   1.5     2   360   223   587   222   588 0.88 -
GT90.hmm             -            250 KW1-S15_135_cg117_1  -            143   1.9e-16   55.7   0.0   1   1     3e-19   1.9e-16   55.7   0.0   130   221    50   143    11   143 0.81 -
GT4.hmm              -            160 KW1-S15_135_cg130_1  -            314   2.7e-33  110.2   0.0   1   1   1.3e-35   4.1e-33  109.6   0.0     6   156   168   312   164   314 0.97 -
GT5.hmm              -            472 KW1-S15_135_cg130_1  -            314   3.5e-15   50.9   0.0   1   1   1.4e-17   4.4e-15   50.5   0.0   289   435   168   304   108   307 0.85 -
GT9.hmm              -            225 KW1-S15_135_cg130_2  -            319   1.2e-37  125.3   0.1   1   1     3e-40   1.9e-37  124.6   0.1     9   205    75   275    68   294 0.77 -
GT41.hmm             -            705 KW1-S15_135_cg134_3  -            438  1.3e-115  382.8   0.0   1   1  2.3e-118  1.5e-115  382.6   0.0   139   520     3   434     1   437 0.95 -
GT4.hmm              -            160 KW1-S15_135_cg153_4  -            415     1e-28   95.3   0.0   1   1   5.3e-31   1.7e-28   94.6   0.0     6   152   220   367   215   375 0.89 -
GT5.hmm              -            472 KW1-S15_135_cg153_4  -            415   1.8e-17   58.4   0.0   1   1   8.3e-20   2.7e-17   57.8   0.0   264   470   199   399   167   401 0.72 -
GT9.hmm              -            225 KW1-S15_135_cg153_5  -            352   8.4e-40  132.3   0.0   1   1   1.7e-42   1.1e-39  131.9   0.0     3   196    84   301    82   323 0.85 -
GT2_Glycos_transf_2.hmm PF00535.25   170 KW1-S15_135_cg158_6  -            253   4.9e-27   90.1   0.0   1   1   1.1e-29   7.3e-27   89.5   0.0     1   166    12   174    12   177 0.94 Glycosyl transferase family 2
GT83.hmm             -            540 KW1-S15_135_cg158_7  -            374   3.3e-89  295.1  38.6   1   1   6.1e-92   3.9e-89  294.9  38.6     8   338    13   363     7   374 0.88 -
CE11.hmm             -            271 KW1-S15_135_cg166_2  -            319  1.3e-104  344.6   0.0   1   1  2.3e-107  1.5e-104  344.4   0.0     1   270     7   278     7   279 0.98 -
GT41.hmm             -            705 KW1-S15_135_cg172_2  -            434   3.5e-32  107.0   5.6   1   2   3.2e-17     2e-14   48.3   0.5    84   191    16   113    11   114 0.92 -
GT41.hmm             -            705 KW1-S15_135_cg172_2  -            434   3.5e-32  107.0   5.6   2   2   3.7e-22   2.3e-19   64.6   0.9   121   186   110   176   109   178 0.92 -
GT4.hmm              -            160 KW1-S15_135_cg173_4  -            359   6.3e-29   96.0   0.0   1   1   1.4e-31   9.1e-29   95.5   0.0    12   158   175   326   170   328 0.96 -
GH23.hmm             -            135 KW1-S15_135_cg181_1  -            326   3.3e-31  103.9   1.5   1   1     7e-34   4.5e-31  103.5   0.1    15   122   172   304   165   312 0.94 -
AA3_2.hmm            -            568 KW1-S15_135_cg184_4  -            278   1.9e-38  127.7   0.0   1   1   5.1e-39   1.1e-36  122.0   0.0   409   567    69   276    48   277 0.86 -
AA3.hmm              -            618 KW1-S15_135_cg184_4  -            278   1.7e-28   94.6   0.0   1   1   8.7e-31   1.9e-28   94.5   0.0   275   399     4   276     1   277 0.89 -
AA3_3.hmm            -            590 KW1-S15_135_cg184_4  -            278   1.4e-21   71.8   0.0   1   1   1.7e-23   3.6e-21   70.4   0.0   411   587    78   276    71   277 0.82 -
GT2_Glycos_transf_2.hmm PF00535.25   170 KW1-S15_135_cg188_2  -            244   2.7e-18   61.6   0.0   1   1   9.6e-21   6.1e-18   60.5   0.0     1   128    12   140    12   172 0.87 Glycosyl transferase family 2
GH23.hmm             -            135 KW1-S15_135_cg188_5  -            619   1.4e-24   82.4   0.1   1   1   8.2e-27   5.3e-24   80.6   0.1    17   120   450   577   446   585 0.94 -
GT81.hmm             -            293 KW1-S15_135_cg191_2  -            402   4.1e-17   57.3   0.0   1   1   8.4e-20   5.4e-17   56.9   0.0    20   216    74   254    59   296 0.87 -
GT51.hmm             -            177 KW1-S15_135_cg209_1  -            315   9.2e-70  229.0   0.0   1   1   1.8e-72   1.2e-69  228.7   0.0     1   177    93   269    93   269 0.99 -
CE4.hmm              -            130 KW1-S15_135_cg226_4  -            289   1.7e-17   59.1   0.0   1   1   4.4e-20   2.8e-17   58.4   0.0     9   126    19   159    12   163 0.81 -
CE4.hmm              -            130 KW1-S15_135_cg263_13 -            362   2.4e-30  100.7   0.0   1   1   6.4e-33   4.1e-30   99.9   0.0     5   125   102   229    98   233 0.95 -
GH73.hmm             -            128 KW1-S15_135_cg263_14 -            298   8.3e-18   60.4   0.0   1   1   1.8e-20   1.2e-17   59.9   0.0    10   128   145   276   137   276 0.78 -
CE7.hmm              -            313 KW1-S15_135_cg264_2  -            414   1.1e-17   59.2   0.4   1   1   2.8e-16   1.8e-13   45.3   0.1   160   300   227   367   215   374 0.87 -
GT4.hmm              -            160 KW1-S15_135_cg296_1  -            128   1.5e-22   75.3   0.0   1   1     3e-25   1.9e-22   74.9   0.0    61   157     1    95     1    98 0.97 -
GT2_Glycos_transf_2.hmm PF00535.25   170 KW1-S15_135_cg300_3  -            333   4.7e-32  106.4   0.0   1   1     3e-34   6.5e-32  106.0   0.0     1   119    18   135    18   175 0.88 Glycosyl transferase family 2
GT2_Glyco_tranf_2_3.hmm PF13641.5    230 KW1-S15_135_cg300_3  -            333   6.9e-22   73.7   0.0   1   1     7e-24   1.5e-21   72.6   0.0     1   196    14   201    14   218 0.85 Glycosyltransferase like family 2
GT2_Glyco_tranf_2_2.hmm PF10111.8    276 KW1-S15_135_cg300_3  -            333   5.7e-20   67.2   0.0   1   1   3.3e-22   7.1e-20   66.9   0.0     1   218    18   218    18   257 0.83 Glycosyltransferase like family 2
AA4.hmm              -            522 KW1-S15_135_cg335_5  -            496   1.2e-27   92.0   0.0   1   1   3.3e-24   1.1e-21   72.4   0.0    12   197    12   195     1   243 0.87 -
AA7.hmm              -            458 KW1-S15_135_cg335_5  -            496   8.5e-22   73.7   5.6   1   1   4.4e-24   1.4e-21   72.9   5.6    11   193    48   237    45   248 0.89 -
GH23.hmm             -            135 KW1-S15_135_cg346_5  -            187   1.5e-25   85.6   0.0   1   1   3.5e-28   2.2e-25   85.0   0.0     8   120    60   173    54   182 0.89 -
GT94.hmm             -            283 KW1-S15_135_cg358_2  -            346   3.1e-24   80.6   0.0   1   1   3.9e-26   1.3e-23   78.6   0.0    27   218    82   278    75   293 0.84 -
GT4.hmm              -            160 KW1-S15_135_cg358_2  -            346   1.9e-22   74.9   0.0   1   1   5.6e-24   1.8e-21   71.8   0.0    12   150   174   312   164   319 0.89 -
CE10.hmm             -            341 KW1-S15_135_cg369_1  -            294   6.8e-30  100.1   0.2   1   1   1.3e-32   8.6e-30   99.8   0.2    64   309    49   270    10   291 0.82 -
GT2_Glycos_transf_2.hmm PF00535.25   170 KW1-S15_135_cg380_5  -            325   1.3e-24   82.2   0.0   1   1   2.9e-27   1.9e-24   81.7   0.0     4   129     7   132     4   167 0.91 Glycosyl transferase family 2
#
# Program:         hmmscan
# Version:         3.3.1 (Jul 2020)
# Pipeline mode:   SCAN
# Query file:      /beegfs/home/lxd/2_sea_metagenomics/6.metabat2/bins_redup_refinem_drep/derep_70_10/derepbins_prodigal/KW1-S15_135.proteins.faa
# Target file:     /beegfs/home/lxd/4_salt_metagenomics/tools/CAZy/dbCAN-HMMdb-V8.txt
# Option settings: hmmscan --tblout KW1-S15_135.tbl --domtblout KW1-S15_135_dom.tbl --acc --noali --notextw -E 1e-14 --domE 1e-14 --cpu 30 /beegfs/home/lxd/4_salt_metagenomics/tools/CAZy/dbCAN-HMMdb-V8.txt /beegfs/home/lxd/2_sea_metagenomics/6.metabat2/bins_redup_refinem_drep/derep_70_10/derepbins_prodigal/KW1-S15_135.proteins.faa 
# Current dir:     /beegfs/home/lxd/2_sea_metagenomics/6.metabat2/bins_redup_refinem_drep/derep_70_10/derepbins_cazy
# Date:            Thu Mar  4 15:50:53 2021
# [ok]
