#                                                                            --- full sequence --- -------------- this domain -------------   hmm coord   ali coord   env coord
# target name        accession   tlen query name           accession   qlen   E-value  score  bias   #  of  c-Evalue  i-Evalue  score  bias  from    to  from    to  from    to  acc description of target
#------------------- ---------- ----- -------------------- ---------- ----- --------- ------ ----- --- --- --------- --------- ------ ----- ----- ----- ----- ----- ----- ----- ---- ---------------------
GT51.hmm             -            177 KW1-S15_187_cg6_13   -            765   7.6e-62  203.2   0.0   1   1   1.8e-64   1.1e-61  202.7   0.0    10   176   151   321   141   322 0.96 -
GT2_Glycos_transf_2.hmm PF00535.25   170 KW1-S15_187_cg7_1    -            203   6.9e-15   50.6   0.0   1   1   1.6e-17     1e-14   50.0   0.0     1   151     6   148     6   162 0.80 Glycosyl transferase family 2
GT2_Glycos_transf_2.hmm PF00535.25   170 KW1-S15_187_cg7_6    -            345     6e-20   67.0   0.1   1   1   3.4e-22   1.1e-19   66.2   0.0     2   133     6   151     5   188 0.79 Glycosyl transferase family 2
GT2_Glyco_tranf_2_3.hmm PF13641.5    230 KW1-S15_187_cg7_6    -            345   1.8e-16   56.0   0.0   1   1   8.7e-19   2.8e-16   55.4   0.0     3   220     3   238     2   248 0.79 Glycosyltransferase like family 2
GT9.hmm              -            225 KW1-S15_187_cg7_7    -            353   4.7e-51  169.1   1.2   1   1   9.7e-54   6.2e-51  168.7   1.2     5   223    76   327    73   329 0.85 -
GT9.hmm              -            225 KW1-S15_187_cg7_8    -            357   3.3e-52  172.9   0.1   1   1   7.6e-55   4.8e-52  172.4   0.1     4   216    77   321    75   330 0.82 -
GT4.hmm              -            160 KW1-S15_187_cg7_10   -            339   3.2e-35  116.5   0.0   1   1   1.8e-37   5.6e-35  115.7   0.0     3   159   153   306   151   307 0.92 -
GT5.hmm              -            472 KW1-S15_187_cg7_10   -            339   1.3e-19   65.5   0.0   1   1   2.9e-21   9.2e-19   62.7   0.0   277   471   146   331    66   332 0.85 -
GT30.hmm             -            177 KW1-S15_187_cg7_12   -            427   1.4e-54  179.6   0.0   1   1     4e-57   2.6e-54  178.7   0.0     3   175    34   205    32   207 0.97 -
GT19.hmm             -            354 KW1-S15_187_cg7_13   -            390  7.2e-111  365.5   0.0   1   1  1.3e-113  8.2e-111  365.3   0.0     2   352     7   367     6   369 0.95 -
GT28.hmm             -            157 KW1-S15_187_cg9_10   -            363   4.3e-53  174.5   1.0   1   1   9.3e-56   5.9e-53  174.1   1.0     2   157   189   348   188   348 0.97 -
CE7.hmm              -            313 KW1-S15_187_cg9_32   -            263     1e-17   59.3   0.0   1   1   1.1e-17   6.7e-15   50.0   0.0    53   203    30   180     7   182 0.78 -
GT2_Glycos_transf_2.hmm PF00535.25   170 KW1-S15_187_cg13_2   -            503   2.4e-20   68.3   0.1   1   1     3e-22   9.6e-20   66.4   0.0     1   154   269   419   269   432 0.88 Glycosyl transferase family 2
GT2_Glyco_tranf_2_3.hmm PF13641.5    230 KW1-S15_187_cg13_2   -            503   2.5e-16   55.5   0.0   1   1   4.4e-18   1.4e-15   53.1   0.0     4   173   268   433   265   476 0.81 Glycosyltransferase like family 2
CBM9.hmm             -            182 KW1-S15_187_cg25_7   -            727   3.1e-21   71.6   0.0   1   1   1.1e-23   6.9e-21   70.5   0.0     1   181    45   229    45   229 0.87 -
GT4.hmm              -            160 KW1-S15_187_cg35_3   -            278   1.9e-19   65.2   0.0   1   1   4.6e-22   2.9e-19   64.6   0.0     6   146    95   233    93   243 0.96 -
AA3.hmm              -            618 KW1-S15_187_cg43_3   -            504   3.4e-46  153.1   0.7   1   1   2.6e-48   4.2e-46  152.8   0.7    89   399    10   501     5   503 0.78 -
AA3_1.hmm            -            548 KW1-S15_187_cg43_3   -            504   6.2e-37  122.6   0.1   1   1   1.6e-27   2.5e-25   84.3   0.5    15   279     9   259     2   262 0.84 -
AA3_2.hmm            -            568 KW1-S15_187_cg43_3   -            504   1.1e-29   98.9   0.1   1   1   1.9e-27     3e-25   84.2   0.1     4   567    12   501    10   502 0.74 -
GT4.hmm              -            160 KW1-S15_187_cg44_2   -            356     3e-15   51.6   0.0   1   1   9.9e-18   6.3e-15   50.5   0.0    20   137   182   295   169   328 0.84 -
GH10.hmm             -            303 KW1-S15_187_cg44_6   -            404     3e-87  288.0   0.0   1   1   5.4e-90   3.5e-87  287.7   0.0     9   302    47   358    40   359 0.90 -
GH36.hmm             -            688 KW1-S15_187_cg45_1   -            753   1.8e-58  194.0   0.1   1   1   3.8e-61   2.4e-58  193.5   0.1   256   571    80   396    52   402 0.87 -
AA3.hmm              -            618 KW1-S15_187_cg46_2   -            512   2.7e-49  163.3   0.0   1   1   2.2e-51   3.5e-49  162.9   0.0    86   403    11   497     4   505 0.77 -
AA7.hmm              -            458 KW1-S15_187_cg54_3   -            455   5.8e-21   70.9   0.7   1   1   2.8e-22   1.8e-19   66.0   0.2    18   214    21   215    11   254 0.86 -
CE1.hmm              -            227 KW1-S15_187_cg66_1   -            224   1.9e-20   68.9   0.0   1   1   3.5e-23   2.3e-20   68.6   0.0    10   207     5   198     1   213 0.72 -
GT83.hmm             -            540 KW1-S15_187_cg68_2   -            471   6.5e-62  205.0  50.9   1   1   1.2e-64   7.6e-62  204.8  50.9     9   428     6   428     1   452 0.75 -
GT51.hmm             -            177 KW1-S15_187_cg69_2   -            459   5.9e-54  177.5   0.0   1   1   1.7e-56   1.1e-53  176.7   0.0    12   160   271   419   262   435 0.94 -
GH13_23.hmm          -            344 KW1-S15_187_cg74_2   -            523  1.8e-131  434.1   0.0   1   1  1.1e-132  2.5e-131  433.6   0.0     1   343    33   367    33   368 0.97 -
GH13_30.hmm          -            365 KW1-S15_187_cg74_2   -            523  1.6e-109  361.6   4.9   1   1  1.9e-109  4.3e-108  357.0   4.9     1   365    33   366    33   366 0.94 -
GH13_31.hmm          -            349 KW1-S15_187_cg74_2   -            523  1.2e-100  332.5   0.0   1   1  7.8e-102  1.7e-100  332.1   0.0     1   348    33   366    33   367 0.93 -
GH13_40.hmm          -            359 KW1-S15_187_cg74_2   -            523   3.2e-88  291.4   0.0   1   1   5.8e-89   1.3e-87  289.4   0.0     1   357    33   365    33   367 0.90 -
GH13_17.hmm          -            350 KW1-S15_187_cg74_2   -            523   4.4e-87  287.7   0.0   1   1   2.6e-88   5.6e-87  287.4   0.0     1   349    33   366    33   367 0.90 -
GH13_29.hmm          -            344 KW1-S15_187_cg74_2   -            523   7.3e-86  283.7   0.0   1   1   6.1e-87   1.4e-85  282.8   0.0     1   343    32   366    32   367 0.92 -
GH13.hmm             -            299 KW1-S15_187_cg74_2   -            523   2.8e-81  269.3   1.3   1   1   1.7e-82   3.8e-81  268.9   1.3    13   295    33   370    27   374 0.86 -
GH13_16.hmm          -            353 KW1-S15_187_cg74_2   -            523   4.7e-78  258.0   0.0   1   1   7.7e-75   1.7e-73  243.0   0.0     1   243    33   291    33   325 0.88 -
GH13_35.hmm          -            351 KW1-S15_187_cg74_2   -            523   9.7e-78  257.1   0.0   1   1   2.2e-78   4.8e-77  254.8   0.0     1   351    33   366    33   366 0.89 -
GH13_36.hmm          -            314 KW1-S15_187_cg74_2   -            523   1.9e-76  252.7   0.0   1   1   1.1e-77   2.3e-76  252.4   0.0     1   313    33   366    33   367 0.91 -
GH13_21.hmm          -            308 KW1-S15_187_cg74_2   -            523   5.8e-61  201.8   0.0   1   1   1.8e-61     4e-60  199.1   0.0     1   306    33   366    33   368 0.81 -
GH13_20.hmm          -            300 KW1-S15_187_cg74_2   -            523   2.6e-50  166.7   0.0   1   1   6.8e-49   1.5e-47  157.7   0.0     1   297    33   367    33   370 0.82 -
GH13_4.hmm           -            400 KW1-S15_187_cg74_2   -            523   4.5e-34  113.1   0.0   1   1   2.3e-33   5.2e-32  106.3   0.0     2   187    33   215    32   319 0.82 -
GH13_39.hmm          -            316 KW1-S15_187_cg74_2   -            523   3.9e-33  110.4   0.0   1   1   5.5e-34   1.2e-32  108.8   0.0     1   311    33   366    33   371 0.87 -
GH13_2.hmm           -            310 KW1-S15_187_cg74_2   -            523   1.7e-30  101.8   0.0   1   1   8.3e-25   1.8e-23   78.7   0.0     2   174    33   211    32   217 0.82 -
GH13_1.hmm           -            306 KW1-S15_187_cg74_2   -            523   3.6e-26   87.2   0.0   1   1   9.3e-27   2.1e-25   84.7   0.0     2   304    33   370    32   372 0.71 -
GH13_14.hmm          -            289 KW1-S15_187_cg74_2   -            523   3.4e-22   74.3   0.0   1   1   4.9e-23   1.1e-21   72.7   0.0     1   289    42   361    42   361 0.83 -
GH13_37.hmm          -            320 KW1-S15_187_cg74_2   -            523   1.7e-21   71.7   0.0   1   1   5.5e-21   1.2e-19   65.6   0.0     8   320    32   363    27   363 0.76 -
GH13_10.hmm          -            313 KW1-S15_187_cg74_2   -            523   6.9e-21   70.2   0.0   1   1   5.9e-18   1.3e-16   56.1   0.0     5   197    33   262    31   280 0.91 -
GH13_18.hmm          -            343 KW1-S15_187_cg74_2   -            523   2.4e-20   68.1   0.0   1   1   3.1e-21   6.8e-20   66.6   0.0     2   214    51   286    50   296 0.79 -
GH13_3.hmm           -            210 KW1-S15_187_cg74_2   -            523   1.4e-19   65.7   1.1   1   1   1.7e-19   3.8e-18   61.0   1.1     3   150    40   211    38   216 0.76 -
GH13_26.hmm          -            296 KW1-S15_187_cg74_2   -            523   5.2e-15   51.0   0.0   1   1   1.4e-15     3e-14   48.5   0.0     2    82    42   118    41   135 0.86 -
GH154.hmm            -            348 KW1-S15_187_cg78_11  -            677  3.6e-137  452.3   0.0   1   1  8.2e-140  5.2e-137  451.8   0.0     1   348    19   364    19   364 0.99 -
CE10.hmm             -            341 KW1-S15_187_cg78_13  -            429   3.1e-59  196.6   0.1   1   1   6.4e-62   4.1e-59  196.2   0.1    32   328    83   406    60   416 0.78 -
AA6.hmm              -            195 KW1-S15_187_cg79_3   -            163   1.2e-29   98.5   1.6   1   1   3.6e-32   2.3e-29   97.5   1.6    16   194     1   155     1   156 0.92 -
AA4.hmm              -            522 KW1-S15_187_cg79_10  -            479   2.6e-25   84.3   0.0   1   1   2.8e-24     9e-22   72.6   0.0    17   244     4   221     1   230 0.88 -
AA7.hmm              -            458 KW1-S15_187_cg79_10  -            479   1.7e-20   69.4   7.4   1   1   5.3e-23   1.7e-20   69.4   7.4    12   187    36   218    33   261 0.90 -
GT4.hmm              -            160 KW1-S15_187_cg79_12  -            384   2.8e-28   93.9   0.0   1   1   1.4e-30   4.4e-28   93.3   0.0     4   150   188   336   185   341 0.93 -
GT5.hmm              -            472 KW1-S15_187_cg79_12  -            384   4.2e-23   77.0   0.0   1   1   1.8e-25   5.6e-23   76.6   0.0   237   469   156   369   137   371 0.85 -
GT2_Glycos_transf_2.hmm PF00535.25   170 KW1-S15_187_cg81_3   -            331     6e-17   57.3   0.0   1   1   1.5e-19   9.6e-17   56.6   0.0     1   140     9   145     9   183 0.85 Glycosyl transferase family 2
GT2_Glycos_transf_2.hmm PF00535.25   170 KW1-S15_187_cg81_7   -            322   2.7e-22   74.7   0.0   1   1   6.1e-25   3.9e-22   74.1   0.0     2   167     4   166     3   168 0.94 Glycosyl transferase family 2
GT2_Glycos_transf_2.hmm PF00535.25   170 KW1-S15_187_cg82_3   -            247   1.4e-24   82.1   0.1   1   1   2.9e-27   1.9e-24   81.7   0.1     1   132    16   147    16   184 0.86 Glycosyl transferase family 2
GH23.hmm             -            135 KW1-S15_187_cg85_4   -            220   1.7e-29   98.4   0.0   1   1   3.7e-32   2.4e-29   97.9   0.0     9   124    91   212    85   217 0.91 -
GT4.hmm              -            160 KW1-S15_187_cg87_3   -            389   1.3e-26   88.5   0.0   1   1   5.5e-29   3.5e-26   87.1   0.0     7   159   222   359   217   360 0.95 -
CE10.hmm             -            341 KW1-S15_187_cg88_4   -            311   3.8e-81  268.6   0.3   1   1   6.6e-84   4.2e-81  268.5   0.3    63   334    46   306     7   310 0.89 -
GT4.hmm              -            160 KW1-S15_187_cg89_13  -            380   6.4e-22   73.2   0.0   1   1   1.9e-24   1.2e-21   72.4   0.0     9   151   197   341   193   346 0.92 -
GT1.hmm              -            382 KW1-S15_187_cg93_4   -            410   1.9e-39  131.8  30.3   1   1   4.3e-42   2.8e-39  131.3  30.3     6   379    10   405     6   407 0.97 -
PL12.hmm             -            138 KW1-S15_187_cg94_1   -            504   2.2e-16   55.7   0.0   1   1   9.6e-19   3.1e-16   55.2   0.0     1   131   282   410   282   416 0.88 -
PL12_3.hmm           -            144 KW1-S15_187_cg94_1   -            504   1.2e-15   53.1   0.0   1   1   5.8e-18   1.8e-15   52.4   0.0    28   136   307   409   282   415 0.84 -
AA3.hmm              -            618 KW1-S15_187_cg106_14 -            513   1.1e-53  177.8   0.0   1   1   1.4e-55   1.5e-53  177.4   0.0    87   398    20   509    12   512 0.75 -
AA3_2.hmm            -            568 KW1-S15_187_cg106_14 -            513   7.7e-39  129.1   0.0   1   2   2.7e-25   2.8e-23   77.7   0.0     2   310    22   289    21   318 0.78 -
AA3_2.hmm            -            568 KW1-S15_187_cg106_14 -            513   7.7e-39  129.1   0.0   2   2   6.5e-16   6.9e-14   46.7   0.0   413   566   353   509   309   511 0.82 -
AA3_1.hmm            -            548 KW1-S15_187_cg106_14 -            513   5.2e-37  122.9   0.1   1   1     1e-26   1.1e-24   82.2   0.1    14   277    20   272    13   275 0.83 -
GT41.hmm             -            705 KW1-S15_187_cg118_26 -            237   2.2e-24   81.2   0.0   1   1   6.3e-15     4e-12   40.7   0.0    95   191    18   104     3   107 0.87 -
GT89.hmm             -            556 KW1-S15_187_cg120_3  -            514   1.6e-33  111.2  28.6   1   1   2.2e-35   1.4e-32  108.0  28.9     4   356    21   365    18   377 0.74 -
GT2_Glycos_transf_2.hmm PF00535.25   170 KW1-S15_187_cg125_24 -            847   1.7e-21   72.0   0.0   1   1   4.3e-24   2.8e-21   71.4   0.0     2   130   605   732   604   757 0.90 Glycosyl transferase family 2
GT4.hmm              -            160 KW1-S15_187_cg128_3  -            414   7.6e-19   63.2   0.0   1   1   2.1e-21   1.3e-18   62.5   0.0     9   159   226   381   221   382 0.93 -
GT4.hmm              -            160 KW1-S15_187_cg128_4  -            399   1.1e-28   95.3   0.0   1   1   2.5e-31   1.6e-28   94.7   0.0     8   160   206   354   200   354 0.96 -
CBM50.hmm            -             40 KW1-S15_187_cg131_8  -            729   2.4e-43  141.6   0.2   1   2   1.7e-16   5.5e-14   47.6   0.0     1    40   391   434   391   434 0.92 -
CBM50.hmm            -             40 KW1-S15_187_cg131_8  -            729   2.4e-43  141.6   0.2   2   2   7.7e-17   2.5e-14   48.7   0.0     1    39   461   503   461   504 0.92 -
GH23.hmm             -            135 KW1-S15_187_cg131_8  -            729   1.1e-18   63.4   0.0   1   1   6.1e-21   1.9e-18   62.5   0.0    14   105   162   267   152   296 0.79 -
GT2_Glycos_transf_2.hmm PF00535.25   170 KW1-S15_187_cg134_7  -            338   6.7e-33  109.2   0.0   1   1   5.1e-35   1.1e-32  108.5   0.0     1   150     8   151     8   169 0.83 Glycosyl transferase family 2
GT2_Glyco_tranf_2_2.hmm PF10111.8    276 KW1-S15_187_cg134_7  -            338   1.3e-16   56.2   0.0   1   1   4.9e-16     1e-13   46.6   0.0     1   104     8   106     8   121 0.89 Glycosyltransferase like family 2
GT2_Glyco_tranf_2_3.hmm PF13641.5    230 KW1-S15_187_cg134_7  -            338   1.4e-16   56.3   0.0   1   1   1.2e-18   2.6e-16   55.5   0.0     1   123     5   120     4   193 0.86 Glycosyltransferase like family 2
GT4.hmm              -            160 KW1-S15_187_cg134_8  -            404   3.9e-17   57.7   0.0   1   1   3.1e-19     2e-16   55.4   0.0    13   154   222   369   216   375 0.93 -
GT4.hmm              -            160 KW1-S15_187_cg134_9  -            426   1.5e-36  120.8   0.0   1   1   3.6e-39   2.3e-36  120.2   0.0    12   159   239   392   232   393 0.97 -
GT2_Glycos_transf_2.hmm PF00535.25   170 KW1-S15_187_cg134_10 -            260   9.9e-27   89.1   0.0   1   1   6.2e-29   1.3e-26   88.7   0.0     1   164     8   164     8   170 0.85 Glycosyl transferase family 2
GT2_Glyco_tranf_2_3.hmm PF13641.5    230 KW1-S15_187_cg134_10 -            260   2.4e-18   62.2   0.1   1   1   1.3e-19   2.7e-17   58.7   0.1     1   198     5   192     4   203 0.74 Glycosyltransferase like family 2
GT2_Glycos_transf_2.hmm PF00535.25   170 KW1-S15_187_cg134_11 -            327   3.6e-33  110.1   0.0   1   1   1.7e-35   5.4e-33  109.5   0.0     1   151     7   153     7   170 0.84 Glycosyl transferase family 2
GT2_Glyco_tranf_2_3.hmm PF13641.5    230 KW1-S15_187_cg134_11 -            327   5.2e-19   64.3   0.2   1   1   3.2e-21     1e-18   63.4   0.2     4   122     6   120     4   211 0.87 Glycosyltransferase like family 2
GT2_Glycos_transf_2.hmm PF00535.25   170 KW1-S15_187_cg134_12 -            347   7.4e-33  109.0   0.0   1   1   3.4e-35   1.1e-32  108.5   0.0     1   130     8   136     8   171 0.84 Glycosyl transferase family 2
GT2_Glyco_tranf_2_3.hmm PF13641.5    230 KW1-S15_187_cg134_12 -            347   7.8e-20   67.0   0.6   1   1   4.6e-22   1.5e-19   66.1   0.6     1   195     4   189     4   204 0.83 Glycosyltransferase like family 2
GT83.hmm             -            540 KW1-S15_187_cg135_15 -            558   3.8e-87  288.3  57.7   1   1   7.5e-90   4.8e-87  288.0  57.7     5   479     6   499     2   516 0.78 -
GT2_Glycos_transf_2.hmm PF00535.25   170 KW1-S15_187_cg135_17 -            243   7.1e-27   89.6   0.0   1   1   1.4e-29     9e-27   89.2   0.0     1   168     9   171     9   173 0.88 Glycosyl transferase family 2
GT2_Glycos_transf_2.hmm PF00535.25   170 KW1-S15_187_cg151_2  -            239   6.1e-23   76.8   0.0   1   1   1.2e-25     8e-23   76.4   0.0     3   166    10   165     8   168 0.90 Glycosyl transferase family 2
GT66.hmm             -            693 KW1-S15_187_cg151_9  -            769   7.9e-58  191.6  23.2   1   1   1.7e-60   1.1e-57  191.1  23.2     9   501    12   550     7   587 0.78 -
GT2_Glycos_transf_2.hmm PF00535.25   170 KW1-S15_187_cg151_13 -            391   1.4e-24   82.1   0.0   1   1   3.3e-27   2.1e-24   81.5   0.0     1   166    11   173    11   177 0.83 Glycosyl transferase family 2
GH5.hmm              -            275 KW1-S15_187_cg153_3  -            523   2.4e-29   98.0   5.2   1   1   1.1e-31   3.6e-29   97.4   5.2    14   232   106   382    96   402 0.75 -
GH5_7.hmm            -            289 KW1-S15_187_cg153_3  -            523   5.9e-18   60.3   0.0   1   1   7.6e-20   2.4e-17   58.3   0.0     5   258   121   348   118   381 0.80 -
GH1.hmm              -            429 KW1-S15_187_cg160_3  -            452  6.6e-164  541.0   0.0   1   1  1.2e-166  7.7e-164  540.8   0.0     4   428     5   448     2   449 0.95 -
GT2_Glycos_transf_2.hmm PF00535.25   170 KW1-S15_187_cg161_6  -            246   8.2e-15   50.3   0.0   1   1   1.8e-17   1.2e-14   49.8   0.0     1   126     4   138     4   173 0.91 Glycosyl transferase family 2
GT4.hmm              -            160 KW1-S15_187_cg161_10 -            398   1.4e-28   94.9   0.0   1   1   3.3e-31   2.1e-28   94.3   0.0    10   159   202   351   196   352 0.94 -
GT41.hmm             -            705 KW1-S15_187_cg168_2  -            276   5.2e-21   70.1   1.7   1   1   3.9e-16   2.5e-13   44.7   0.3   121   188   201   269   200   273 0.88 -
CE4.hmm              -            130 KW1-S15_187_cg174_2  -            282   2.6e-19   65.0   0.0   1   1   7.3e-22   4.7e-19   64.2   0.0    21   126    40   150    29   153 0.89 -
GT4.hmm              -            160 KW1-S15_187_cg174_3  -            412   6.5e-29   96.0   0.0   1   1   1.5e-31   9.4e-29   95.5   0.0     7   155   205   351   200   356 0.94 -
AA3.hmm              -            618 KW1-S15_187_cg175_1  -            478   2.4e-43  143.7   0.0   1   1   9.9e-46   3.2e-43  143.3   0.0   153   403    10   474     3   476 0.77 -
AA3_2.hmm            -            568 KW1-S15_187_cg175_1  -            478   1.8e-22   75.0   0.0   1   1   1.6e-16   5.3e-14   47.1   0.0   504   564   407   467   358   471 0.94 -
CE1.hmm              -            227 KW1-S15_187_cg186_3  -            370   1.2e-17   59.7   0.0   1   1     3e-20   1.9e-17   59.0   0.0     8   210   169   350   163   361 0.80 -
AA3.hmm              -            618 KW1-S15_187_cg190_1  -            224   3.8e-25   83.6   0.0   1   1   1.3e-27   4.3e-25   83.4   0.0   284   399    63   220    19   222 0.72 -
AA3_2.hmm            -            568 KW1-S15_187_cg190_1  -            224   2.5e-17   58.0   0.0   1   1   1.3e-19   4.2e-17   57.3   0.0   503   567   156   220   150   220 0.97 -
GT2_Glycos_transf_2.hmm PF00535.25   170 KW1-S15_187_cg193_6  -            267   1.1e-22   76.0   0.0   1   1   2.2e-25   1.4e-22   75.6   0.0     2   168     9   169     8   171 0.94 Glycosyl transferase family 2
GH15.hmm             -            361 KW1-S15_187_cg193_7  -            634   5.3e-76  251.4   0.0   1   1   9.9e-79   6.3e-76  251.1   0.0     4   360   246   603   243   604 0.88 -
CE11.hmm             -            271 KW1-S15_187_cg199_2  -            253   1.5e-82  272.2   0.0   1   1   2.6e-85   1.7e-82  272.0   0.0    55   270     2   221     1   222 0.97 -
GT66.hmm             -            693 KW1-S15_187_cg203_10 -            747     3e-42  140.1  29.7   1   1   6.5e-45   4.2e-42  139.6  29.7    37   535    50   579    23   596 0.80 -
GT83.hmm             -            540 KW1-S15_187_cg208_13 -            549   8.4e-26   85.8  51.7   1   1   3.3e-28   1.1e-25   85.5  51.7     6   371     6   378     1   403 0.74 -
GT39.hmm             -            223 KW1-S15_187_cg208_13 -            549   7.8e-15   50.3   8.0   1   1   2.4e-17   7.8e-15   50.3   8.0     8   190    23   202    11   228 0.82 -
GT2_Glycos_transf_2.hmm PF00535.25   170 KW1-S15_187_cg208_17 -            324   6.4e-26   86.5   0.0   1   1   1.6e-28     1e-25   85.8   0.0     1   132    14   144    14   183 0.84 Glycosyl transferase family 2
AA12.hmm             -            401 KW1-S15_187_cg214_5  -            500   5.5e-27   89.6   0.0   1   1   1.4e-16   8.9e-14   46.1   0.0    11   214    52   239    44   247 0.85 -
GT2_Glycos_transf_2.hmm PF00535.25   170 KW1-S15_187_cg215_2  -            328     4e-33  109.9   0.0   1   1   9.3e-36   5.9e-33  109.4   0.0     1   164    11   168    11   173 0.90 Glycosyl transferase family 2
GT66.hmm             -            693 KW1-S15_187_cg215_7  -            679   1.1e-46  154.7  23.8   1   1   2.4e-49   1.5e-46  154.3  23.8    57   533     6   525     2   532 0.78 -
CE9.hmm              -            373 KW1-S15_187_cg218_4  -            388  1.1e-105  348.5   0.0   1   1  1.9e-108  1.2e-105  348.4   0.0     8   373    11   378     4   378 0.93 -
CE10.hmm             -            341 KW1-S15_187_cg220_6  -            662   4.5e-21   71.1   0.3   1   1   1.1e-23   6.8e-21   70.5   0.3    92   321   410   626   369   640 0.84 -
GT94.hmm             -            283 KW1-S15_187_cg233_8  -            366   4.9e-32  106.2   0.0   1   1     2e-34   6.6e-32  105.8   0.0     3   265    49   331    47   356 0.82 -
GT5.hmm              -            472 KW1-S15_187_cg233_8  -            366   5.1e-19   63.5   0.0   1   1     2e-21   6.5e-19   63.2   0.0   270   471   161   355   126   356 0.88 -
GH20.hmm             -            337 KW1-S15_187_cg234_2  -            651   3.5e-42  140.2   0.0   1   1   8.5e-45   5.5e-42  139.6   0.0     8   336   130   432   124   433 0.81 -
GH38.hmm             -            269 KW1-S15_187_cg241_8  -            960   1.8e-63  209.9   0.0   1   1   4.5e-66   2.9e-63  209.2   0.0     3   261    10   269     8   275 0.90 -
GT66.hmm             -            693 KW1-S15_187_cg250_8  -            760   1.7e-33  111.2  24.2   1   1   3.8e-36   2.4e-33  110.6  24.2    26   493    45   552    26   565 0.79 -
GT4.hmm              -            160 KW1-S15_187_cg257_3  -            444   4.3e-35  116.1   0.0   1   1     2e-37   6.5e-35  115.5   0.0     6   156   238   386   236   390 0.96 -
GT5.hmm              -            472 KW1-S15_187_cg257_3  -            444   1.6e-22   75.1   0.0   1   1   1.3e-22   4.3e-20   67.0   0.0    16   471    19   414     6   415 0.64 -
GT4.hmm              -            160 KW1-S15_187_cg257_5  -            420   2.6e-31  103.8   0.0   1   1   1.3e-33   4.2e-31  103.1   0.0    11   159   232   381   225   382 0.92 -
GT5.hmm              -            472 KW1-S15_187_cg257_5  -            420   1.5e-15   52.0   0.0   1   1   8.1e-17   2.6e-14   48.0   0.0   289   471   227   406   174   407 0.76 -
GT41.hmm             -            705 KW1-S15_187_cg260_3  -            288   4.8e-20   66.9   0.2   1   1   4.7e-15     3e-12   41.1   0.1   127   191   137   202   115   204 0.92 -
GH23.hmm             -            135 KW1-S15_187_cg261_1  -            424   2.7e-23   78.3   0.4   1   1   8.8e-26   5.7e-23   77.2   0.4    12   125   259   412   247   416 0.93 -
GT81.hmm             -            293 KW1-S15_187_cg265_9  -            411   2.5e-62  205.7   0.0   1   1   1.4e-64   8.9e-62  203.9   0.0    13   265    27   323    20   344 0.86 -
GH23.hmm             -            135 KW1-S15_187_cg269_4  -            679   7.8e-28   93.0   2.8   1   1   1.2e-30   7.8e-28   93.0   0.0    14   122   544   672   534   677 0.92 -
GH109.hmm            -            126 KW1-S15_187_cg274_6  -            358   3.1e-17   58.4   0.1   1   1   8.8e-20   5.6e-17   57.6   0.1     1   120     5   119     5   123 0.91 -
GT4.hmm              -            160 KW1-S15_187_cg276_2  -            326     5e-34  112.6   0.0   1   1   2.3e-36   7.4e-34  112.0   0.0     7   159   136   294   131   295 0.93 -
GT5.hmm              -            472 KW1-S15_187_cg276_2  -            326   6.8e-18   59.8   0.0   1   1   3.3e-20     1e-17   59.2   0.0   274   471   122   319    95   320 0.81 -
GT83.hmm             -            540 KW1-S15_187_cg287_3  -            501   1.5e-26   88.3  73.1   1   1   8.8e-29   5.6e-26   86.4  73.1     4   353     3   358     1   382 0.79 -
GT2_Glycos_transf_2.hmm PF00535.25   170 KW1-S15_187_cg287_4  -            239   1.5e-33  111.3   0.0   1   1     3e-36   1.9e-33  111.0   0.0     2   169     6   170     5   171 0.91 Glycosyl transferase family 2
GT4.hmm              -            160 KW1-S15_187_cg287_5  -            349   1.1e-38  127.7   0.0   1   1   5.2e-41   1.7e-38  127.2   0.0     6   160   165   319   162   319 0.98 -
GT5.hmm              -            472 KW1-S15_187_cg287_5  -            349   3.6e-17   57.4   0.0   1   1   2.1e-19   6.7e-17   56.5   0.0   289   465   165   336   152   341 0.86 -
CE10.hmm             -            341 KW1-S15_187_cg292_1  -            588   5.8e-37  123.3   0.1   1   1   1.3e-39   8.4e-37  122.8   0.1    69   193   110   260    75   326 0.86 -
GT4.hmm              -            160 KW1-S15_187_cg292_5  -            378   4.6e-33  109.5   0.0   1   1   2.2e-35   7.1e-33  108.8   0.0     8   156   194   335   190   339 0.94 -
GT5.hmm              -            472 KW1-S15_187_cg292_5  -            378   3.8e-19   63.9   0.0   1   1   1.4e-17   4.6e-15   50.5   0.0   295   471   198   362   172   363 0.89 -
GH109.hmm            -            126 KW1-S15_187_cg309_3  -            339   4.2e-19   64.5   0.0   1   1   3.1e-21     2e-18   62.3   0.0     1   122     2   114     2   117 0.91 -
GT2_Glycos_transf_2.hmm PF00535.25   170 KW1-S15_187_cg310_6  -            342   8.1e-31  102.4   0.0   1   1   3.9e-33   1.2e-30  101.8   0.0     1   167     7   178     7   181 0.90 Glycosyl transferase family 2
GT2_Glyco_tranf_2_3.hmm PF13641.5    230 KW1-S15_187_cg310_6  -            342   6.2e-16   54.2   0.0   1   1   3.3e-18   1.1e-15   53.5   0.0     1   214     4   218     3   230 0.79 Glycosyltransferase like family 2
GH3.hmm              -            216 KW1-S15_187_cg314_3  -            775   9.8e-69  226.5   0.0   1   1   2.8e-71   1.8e-68  225.6   0.0     3   216   101   327    99   327 0.97 -
GH16.hmm             -            189 KW1-S15_187_cg316_3  -            357   9.8e-15   50.9   2.7   1   1   2.3e-17   1.5e-14   50.3   2.7     4   188    36   279    26   280 0.66 -
AA3.hmm              -            618 KW1-S15_187_cg327_36 -            513   3.4e-58  192.7   0.0   1   1   3.4e-60   4.4e-58  192.4   0.0    89   400    15   506     5   509 0.82 -
AA3_2.hmm            -            568 KW1-S15_187_cg327_36 -            513   2.1e-43  144.1   0.0   1   2     1e-26   1.3e-24   82.1   0.0     4   285    17   269    15   276 0.79 -
AA3_2.hmm            -            568 KW1-S15_187_cg327_36 -            513   2.1e-43  144.1   0.0   2   2   1.7e-19   2.2e-17   58.3   0.0   415   566   351   504   302   506 0.80 -
AA3_1.hmm            -            548 KW1-S15_187_cg327_36 -            513   3.8e-33  110.1   0.2   1   1   1.2e-27   1.5e-25   85.0   0.2    17   279    16   266     7   275 0.80 -
GH84.hmm             -            295 KW1-S15_187_cg332_2  -            480   1.2e-88  292.4   0.0   1   1   2.5e-91   1.6e-88  292.0   0.0     1   294    16   313    16   314 0.97 -
CE10.hmm             -            341 KW1-S15_187_cg334_5  -            379   8.4e-15   50.5   1.7   1   1   1.8e-17   1.2e-14   50.0   1.7    81   276    69   257    43   272 0.73 -
GT83.hmm             -            540 KW1-S15_187_cg355_1  -            563   6.7e-21   69.7  63.4   1   1   1.3e-21   8.1e-19   62.8  63.4    64   367    59   420     1   451 0.68 -
AA3_2.hmm            -            568 KW1-S15_187_cg366_5  -            559  3.5e-147  486.8   0.0   1   1  3.2e-149  4.2e-147  486.5   0.0     2   566     5   530     4   531 0.96 -
AA3.hmm              -            618 KW1-S15_187_cg366_5  -            559    7e-101  333.7   0.0   1   1  6.5e-103  8.4e-101  333.5   0.0    86   405     2   537     1   552 0.86 -
AA3_3.hmm            -            590 KW1-S15_187_cg366_5  -            559   2.3e-70  232.9   0.0   1   1     2e-59   2.5e-57  189.8   0.0     3   314     6   304     4   322 0.89 -
AA3_1.hmm            -            548 KW1-S15_187_cg366_5  -            559   9.3e-42  138.5   0.0   1   1   8.6e-43   1.1e-40  135.0   0.0    14   547     3   532     1   533 0.78 -
AA8.hmm              -            815 KW1-S15_187_cg366_5  -            559   2.5e-29   97.1   0.0   1   2   1.1e-16   1.4e-14   48.3   0.0   243   547     3   300     1   313 0.78 -
AA8.hmm              -            815 KW1-S15_187_cg366_5  -            559   2.5e-29   97.1   0.0   2   2   3.3e-15   4.2e-13   43.4   0.0   656   782   411   538   388   556 0.79 -
GT41.hmm             -            705 KW1-S15_187_cg378_3  -            824   6.9e-40  132.5  28.1   1   1   2.8e-15   1.8e-12   41.9   0.5    58   191   522   679   516   684 0.87 -
CE4.hmm              -            130 KW1-S15_187_cg384_5  -            265   2.1e-22   75.0   0.0   1   1   6.3e-25     4e-22   74.1   0.0     7   126     5   147     1   150 0.76 -
GT89.hmm             -            556 KW1-S15_187_cg388_5  -            571   6.5e-30   99.2  27.3   1   1     1e-32   6.5e-30   99.2  27.3    19   340    56   370    42   398 0.77 -
GT83.hmm             -            540 KW1-S15_187_cg404_2  -            510   4.2e-19   63.7  58.8   1   1   7.6e-22   4.9e-19   63.5  58.8     7   407     3   401     1   444 0.72 -
GT2_Glycos_transf_2.hmm PF00535.25   170 KW1-S15_187_cg410_2  -            242   2.5e-32  107.3   0.0   1   1   6.2e-35     4e-32  106.7   0.0     1   126    18   143    18   179 0.84 Glycosyl transferase family 2
AA3.hmm              -            618 KW1-S15_187_cg411_4  -            535   2.9e-53  176.5   0.0   1   1   2.7e-55   3.4e-53  176.2   0.0    86   400     2   528     1   531 0.79 -
AA3_2.hmm            -            568 KW1-S15_187_cg411_4  -            535   6.6e-29   96.3   0.0   1   2   3.1e-16     4e-14   47.5   0.0     3   315     6   313     4   324 0.79 -
AA3_2.hmm            -            568 KW1-S15_187_cg411_4  -            535   6.6e-29   96.3   0.0   2   2   7.3e-16   9.4e-14   46.3   0.0   495   567   454   527   425   528 0.86 -
AA3_4.hmm            -            549 KW1-S15_187_cg411_4  -            535   3.4e-18   60.9   0.0   1   1   8.6e-16   1.1e-13   46.0   0.0   416   549   400   529   394   529 0.84 -
GT89.hmm             -            556 KW1-S15_187_cg412_1  -            726   6.5e-31  102.5  22.2   1   1   3.1e-32     2e-29   97.7  22.2    12   502    26   511    18   520 0.69 -
GT2_Glycos_transf_2.hmm PF00535.25   170 KW1-S15_187_cg415_2  -            485   4.5e-15   51.2   0.0   1   1   1.2e-17   7.6e-15   50.4   0.0    13   167    32   185    20   187 0.93 Glycosyl transferase family 2
CE14.hmm             -            124 KW1-S15_187_cg415_12 -            232   4.3e-18   61.5   0.2   1   1   1.7e-20   1.1e-17   60.3   0.1     4   117     2   106     1   114 0.90 -
CE10.hmm             -            341 KW1-S15_187_cg417_4  -            510   1.5e-44  148.3   0.1   1   1   2.9e-47   1.9e-44  148.0   0.1    73   202    78   219    42   301 0.84 -
GT51.hmm             -            177 KW1-S15_187_cg419_11 -            234   4.1e-45  148.7   0.0   1   1   8.7e-48   5.5e-45  148.3   0.0    12   170    60   215    52   220 0.95 -
GT4.hmm              -            160 KW1-S15_187_cg435_8  -            368   2.5e-23   77.8   0.0   1   1   1.2e-25   7.9e-23   76.2   0.0     7   158   195   338   190   340 0.91 -
GH1.hmm              -            429 KW1-S15_187_cg452_3  -            447  3.1e-153  505.8   0.0   1   1  5.9e-156  3.8e-153  505.5   0.0     4   428     5   442     3   443 0.95 -
GT2_Glycos_transf_2.hmm PF00535.25   170 KW1-S15_187_cg460_16 -            336   1.6e-31  104.7   0.0   1   1   3.8e-34   2.4e-31  104.1   0.0     3   168    20   185    18   187 0.88 Glycosyl transferase family 2
GT2_Glycos_transf_2.hmm PF00535.25   170 KW1-S15_187_cg460_20 -            267   1.9e-26   88.2   0.0   1   1   7.2e-29   2.3e-26   87.9   0.0     1   131     9   141     9   178 0.88 Glycosyl transferase family 2
GT81.hmm                -            293 KW1-S15_187_cg460_20 -            267   4.1e-16   54.0   0.0   1   1     2e-18   6.3e-16   53.4   0.0    23   135     8   115     4   122 0.86 -
GT83.hmm             -            540 KW1-S15_187_cg460_21 -            534   4.3e-16   53.8  51.3   1   1   8.5e-18   5.4e-15   50.2  51.3    70   396    81   456     3   506 0.69 -
AA12.hmm             -            401 KW1-S15_187_cg461_3  -            506   1.8e-27   91.2   0.0   1   1   2.2e-17   1.4e-14   48.8   0.0    10   214    59   247    55   253 0.86 -
CE10.hmm             -            341 KW1-S15_187_cg468_10 -            325   4.1e-37  123.8   0.4   1   1   8.3e-40   5.3e-37  123.5   0.4    81   309    61   291    34   314 0.79 -
GT83.hmm             -            540 KW1-S15_187_cg479_1  -            449   5.8e-37  122.7  63.4   1   1   1.1e-39     7e-37  122.4  63.4    69   444     1   389     1   408 0.76 -
GT2_Glycos_transf_2.hmm PF00535.25   170 KW1-S15_187_cg479_2  -            240   3.7e-28   93.7   0.0   1   1   7.3e-31   4.6e-28   93.4   0.0     3   168     2   167     1   169 0.95 Glycosyl transferase family 2
CE4.hmm              -            130 KW1-S15_187_cg481_4  -            288   2.8e-21   71.4   0.0   1   1   1.5e-23   9.9e-21   69.6   0.0    23   128    38   147     6   149 0.88 -
GT89.hmm             -            556 KW1-S15_187_cg492_24 -            569   1.9e-39  130.7  38.2   1   1   1.7e-41   1.1e-38  128.2  38.2     5   474     9   494     7   509 0.73 -
GT51.hmm             -            177 KW1-S15_187_cg494_2  -            883     8e-67  219.4   0.0   1   1   2.2e-69   1.4e-66  218.6   0.0     2   176    60   234    59   235 0.99 -
GH23.hmm             -            135 KW1-S15_187_cg495_8  -            192     7e-26   86.7   0.1   1   1   1.3e-28   8.6e-26   86.4   0.1    11   121    71   187    62   191 0.91 -
#
# Program:         hmmscan
# Version:         3.3.1 (Jul 2020)
# Pipeline mode:   SCAN
# Query file:      /beegfs/home/lxd/2_sea_metagenomics/6.metabat2/bins_redup_refinem_drep/derep_70_10/derepbins_prodigal/KW1-S15_187.proteins.faa
# Target file:     /beegfs/home/lxd/4_salt_metagenomics/tools/CAZy/dbCAN-HMMdb-V8.txt
# Option settings: hmmscan --tblout KW1-S15_187.tbl --domtblout KW1-S15_187_dom.tbl --acc --noali --notextw -E 1e-14 --domE 1e-14 --cpu 30 /beegfs/home/lxd/4_salt_metagenomics/tools/CAZy/dbCAN-HMMdb-V8.txt /beegfs/home/lxd/2_sea_metagenomics/6.metabat2/bins_redup_refinem_drep/derep_70_10/derepbins_prodigal/KW1-S15_187.proteins.faa 
# Current dir:     /beegfs/home/lxd/2_sea_metagenomics/6.metabat2/bins_redup_refinem_drep/derep_70_10/derepbins_cazy
# Date:            Thu Mar  4 16:24:50 2021
# [ok]
