#                                                                            --- full sequence --- -------------- this domain -------------   hmm coord   ali coord   env coord
# target name        accession   tlen query name           accession   qlen   E-value  score  bias   #  of  c-Evalue  i-Evalue  score  bias  from    to  from    to  from    to  acc description of target
#------------------- ---------- ----- -------------------- ---------- ----- --------- ------ ----- --- --- --------- --------- ------ ----- ----- ----- ----- ----- ----- ----- ---- ---------------------
GT2_Glycos_transf_2.hmm PF00535.25   170 KW1-S11_120_cg5_6    -            352   8.7e-23   76.3   0.1   1   1   1.9e-25   1.2e-22   75.8   0.1     1   124     4   126     4   154 0.95 Glycosyl transferase family 2
GT41.hmm             -            705 KW1-S11_120_cg17_2   -            671   8.9e-22   72.6   6.2   1   1     4e-15   2.6e-12   41.3   0.1    59   231   155   317   125   578 0.85 -
PL31.hmm             -            187 KW1-S11_120_cg19_1   -            552   6.5e-18   60.1   0.0   1   1   5.9e-20   1.3e-17   59.1   0.0     2   112   159   270   158   279 0.84 -
PL6_1.hmm            -            347 KW1-S11_120_cg19_1   -            552   1.7e-15   52.3   0.0   1   1   6.8e-16   1.4e-13   45.9   0.0     1   105   151   255   151   258 0.87 -
GT41.hmm             -            705 KW1-S11_120_cg26_4   -            359   9.9e-49  161.7  11.9   1   3   2.9e-24   1.8e-21   71.6   1.0    57   191    14   138     2   139 0.94 -
GT41.hmm             -            705 KW1-S11_120_cg26_4   -            359   9.9e-49  161.7  11.9   2   3   1.3e-20   8.3e-18   59.5   1.0   117   191   131   206   131   207 0.93 -
GT41.hmm             -            705 KW1-S11_120_cg26_4   -            359   9.9e-49  161.7  11.9   3   3   2.1e-17   1.4e-14   48.9   0.2   118   191   200   274   200   310 0.94 -
GT41.hmm             -            705 KW1-S11_120_cg28_12  -            589   3.7e-52  173.0  12.3   1   3   2.5e-19   1.6e-16   55.3   0.4    86   191     6   101     1   103 0.87 -
GT41.hmm             -            705 KW1-S11_120_cg28_12  -            589   3.7e-52  173.0  12.3   2   3   5.5e-21   3.5e-18   60.7   0.8   124   191   102   169   100   171 0.95 -
GT41.hmm             -            705 KW1-S11_120_cg28_12  -            589   3.7e-52  173.0  12.3   3   3   1.6e-18   1.1e-15   52.6   0.0   123   190   169   236   168   239 0.95 -
GT4.hmm              -            160 KW1-S11_120_cg29_60  -            406   8.2e-29   95.6   0.0   1   1   9.4e-31     3e-28   93.8   0.0     5   159   190   354   186   355 0.92 -
GT5.hmm              -            472 KW1-S11_120_cg29_60  -            406   8.9e-18   59.4   0.2   1   1   2.4e-19   7.7e-17   56.3   0.0   270   471   175   379   156   380 0.87 -
GH65.hmm             -            372 KW1-S11_120_cg29_61  -            787  1.7e-137  453.6   0.2   1   1  3.4e-140  2.2e-137  453.2   0.2     1   371   307   697   307   698 0.98 -
GT20.hmm             -            475 KW1-S11_120_cg38_14  -            465  7.4e-161  531.1   0.0   1   1  1.3e-163  8.4e-161  530.9   0.0    13   473     2   453     1   455 0.97 -
GH15.hmm             -            361 KW1-S11_120_cg38_15  -            596   6.3e-77  254.4   0.1   1   1   1.2e-79   7.9e-77  254.1   0.1     2   360   220   584   219   585 0.87 -
GT2_Glycos_transf_2.hmm PF00535.25   170 KW1-S11_120_cg38_18  -            228   1.7e-19   65.5   0.0   1   1   3.6e-22   2.3e-19   65.1   0.0     1   129     5   123     5   156 0.86 Glycosyl transferase family 2
GT41.hmm             -            705 KW1-S11_120_cg39_3   -            623   3.2e-17   57.6   7.4   1   1     5e-16   3.2e-13   44.3   0.8    31   191   261   423   229   436 0.74 -
CE7.hmm              -            313 KW1-S11_120_cg42_2   -            698     1e-17   59.3   0.0   1   1   1.6e-16     1e-13   46.2   0.0    50   203   113   272    90   289 0.81 -
AA12.hmm             -            401 KW1-S11_120_cg48_16  -            378   2.5e-20   67.7   0.1   1   1   2.6e-15   1.6e-12   42.0   0.1   294   347   268   327   264   372 0.81 -
GT51.hmm             -            177 KW1-S11_120_cg56_18  -            809   2.6e-68  224.3   0.0   1   1   6.3e-71     4e-68  223.7   0.0     3   176    54   227    52   228 0.98 -
CBM50.hmm            -             40 KW1-S11_120_cg58_5   -            909   5.8e-36  118.0   0.2   1   1   8.4e-16   2.7e-13   45.4   0.0     1    39   480   522   480   523 0.91 -
GH23.hmm             -            135 KW1-S11_120_cg58_5   -            909     2e-19   65.8   0.1   1   1   1.4e-21   4.6e-19   64.6   0.1     7   105   172   290   166   323 0.80 -
CE3.hmm              -            194 KW1-S11_120_cg58_11  -            202   4.8e-18   61.1   0.0   1   1   6.4e-20   4.1e-17   58.0   0.0     3   189    24   192    23   197 0.86 -
AA12.hmm             -            401 KW1-S11_120_cg65_21  -            451   8.2e-21   69.3   0.0   1   1   3.7e-23   2.4e-20   67.8   0.0    15   399    63   443    56   445 0.81 -
GT4.hmm              -            160 KW1-S11_120_cg80_3   -            379   2.2e-27   91.0   0.0   1   1   5.4e-30   3.5e-27   90.4   0.0    11   159   198   347   192   348 0.95 -
GT2_Glycos_transf_2.hmm PF00535.25   170 KW1-S11_120_cg80_7   -            281   2.9e-37  123.4   0.0   1   1   1.2e-39   3.9e-37  123.0   0.0     1   169     4   168     4   169 0.97 Glycosyl transferase family 2
GT2_Glyco_tranf_2_3.hmm PF13641.5    230 KW1-S11_120_cg80_7   -            281   6.8e-16   54.1   0.0   1   1   2.9e-18   9.2e-16   53.7   0.0     4   188     3   180     1   212 0.76 Glycosyltransferase like family 2
GT4.hmm              -            160 KW1-S11_120_cg92_2   -            402     1e-28   95.3   0.0   1   1   5.1e-31   1.6e-28   94.7   0.0    11   152   201   340   193   348 0.96 -
GT5.hmm              -            472 KW1-S11_120_cg92_2   -            402   2.2e-19   64.7   0.0   1   1   9.9e-22   3.2e-19   64.2   0.0   223   471   149   373   146   374 0.88 -
GT4.hmm              -            160 KW1-S11_120_cg92_4   -            430   2.6e-33  110.3   0.0   1   1   1.3e-35   4.2e-33  109.6   0.0     6   157   237   388   232   391 0.93 -
GT5.hmm              -            472 KW1-S11_120_cg92_4   -            430   4.3e-19   63.7   0.0   1   1   1.8e-21   5.7e-19   63.3   0.0   273   438   222   382   158   405 0.82 -
GT26.hmm             -            171 KW1-S11_120_cg93_2   -            261   3.9e-63  207.4   0.1   1   1   8.2e-66   5.2e-63  207.0   0.1     3   171    64   235    62   235 0.99 -
GT4.hmm              -            160 KW1-S11_120_cg93_3   -            403   3.2e-30  100.2   0.0   1   1   1.9e-32   6.1e-30   99.3   0.0    13   159   218   355   210   356 0.96 -
GT5.hmm              -            472 KW1-S11_120_cg93_3   -            403   8.7e-17   56.2   0.0   1   1   4.2e-18   1.3e-15   52.2   0.0   296   471   218   380   165   381 0.88 -
GT2_Glycos_transf_2.hmm PF00535.25   170 KW1-S11_120_cg95_4   -            341   1.6e-18   62.4   0.0   1   1   7.5e-21   2.4e-18   61.8   0.0     2   164    15   174    14   178 0.91 Glycosyl transferase family 2
GT81.hmm                -            293 KW1-S11_120_cg95_4   -            341   8.6e-18   59.5   0.1   1   1   3.8e-20   1.2e-17   59.0   0.1    24   146    14   126    10   134 0.90 -
GT4.hmm              -            160 KW1-S11_120_cg100_3  -            372     5e-41  135.3   0.0   1   1   1.4e-43   8.8e-41  134.5   0.0     9   160   189   338   186   338 0.97 -
CE11.hmm             -            271 KW1-S11_120_cg101_3  -            305  3.3e-115  379.3   0.0   1   1  5.9e-118  3.8e-115  379.1   0.0     1   270     4   275     4   276 0.99 -
GT28.hmm             -            157 KW1-S11_120_cg101_10 -            353     1e-52  173.4   0.3   1   1   2.2e-55   1.4e-52  172.9   0.3     2   157   178   338   177   338 0.97 -
GT41.hmm             -            705 KW1-S11_120_cg107_32 -            253   4.1e-19   63.8   3.9   1   1   1.6e-16     1e-13   46.0   1.4    80   191    30   132    17   134 0.86 -
GH33.hmm             -            342 KW1-S11_120_cg111_3  -            326   2.2e-32  108.0   3.9   1   1   2.8e-28   8.9e-26   86.2   3.0    20   246    17   225     4   231 0.82 -
GH93.hmm             -            307 KW1-S11_120_cg111_3  -            326   2.2e-26   87.9   0.5   1   1   5.2e-16   1.7e-13   45.7   0.7   129   238    21   129    12   136 0.89 -
AA3_2.hmm            -            568 KW1-S11_120_cg117_2  -            515    1e-134  445.6   0.0   1   2   1.8e-88   2.3e-86  286.0   0.0     2   319     2   307     1   324 0.91 -
AA3_2.hmm            -            568 KW1-S11_120_cg117_2  -            515    1e-134  445.6   0.0   2   2   2.5e-49   3.2e-47  156.7   0.8   407   565   347   512   329   514 0.91 -
AA3.hmm              -            618 KW1-S11_120_cg117_2  -            515   1.7e-95  315.9   0.0   1   1   1.5e-97     2e-95  315.7   0.0    89   398     2   513     1   514 0.85 -
AA3_3.hmm            -            590 KW1-S11_120_cg117_2  -            515   1.8e-66  220.0   0.0   1   2   4.1e-48   5.3e-46  152.4   0.0     3   322     3   312     1   361 0.86 -
AA3_3.hmm            -            590 KW1-S11_120_cg117_2  -            515   1.8e-66  220.0   0.0   2   2   1.3e-21   1.6e-19   64.9   0.1   509   583   435   510   408   513 0.89 -
AA3_1.hmm            -            548 KW1-S11_120_cg117_2  -            515   2.3e-52  173.6   0.0   1   2     2e-21   2.6e-19   64.5   0.0   192   323   188   305   162   311 0.87 -
AA3_1.hmm            -            548 KW1-S11_120_cg117_2  -            515   2.3e-52  173.6   0.0   2   2   7.2e-22   9.3e-20   65.9   0.2   391   541   355   509   330   514 0.78 -
AA8.hmm              -            815 KW1-S11_120_cg117_2  -            515   2.2e-37  123.7   1.6   1   2   1.1e-18   1.4e-16   54.8   0.1   331   516    87   278    82   307 0.72 -
AA8.hmm              -            815 KW1-S11_120_cg117_2  -            515   2.2e-37  123.7   1.6   2   2   2.3e-16   2.9e-14   47.2   0.1   624   771   359   510   342   513 0.73 -
GH23.hmm             -            135 KW1-S11_120_cg129_19 -            793   5.4e-27   90.2   0.5   1   1   2.8e-29   1.8e-26   88.6   0.5    14   125   622   773   609   779 0.92 -
AA6.hmm              -            195 KW1-S11_120_cg135_15 -            204   1.5e-70  231.9   0.0   1   1   2.7e-73   1.7e-70  231.8   0.0     2   194     3   192     2   193 0.95 -
GH3.hmm              -            216 KW1-S11_120_cg135_44 -            353   1.9e-51  170.0   0.0   1   1   3.7e-54   2.4e-51  169.7   0.0     3   215    50   281    48   282 0.93 -
CE4.hmm              -            130 KW1-S11_120_cg141_6  -            227   3.3e-16   55.0   0.0   1   1   6.5e-19   4.2e-16   54.6   0.0    44   128    78   167    22   169 0.84 -
GT4.hmm              -            160 KW1-S11_120_cg144_5  -            333   1.5e-30  101.3   0.0   1   1   4.1e-33   2.6e-30  100.5   0.0    10   151   161   295   154   302 0.94 -
GH23.hmm             -            135 KW1-S11_120_cg148_1  -            469   2.3e-19   65.6   0.3   1   1   2.4e-21   1.5e-18   62.9   0.0    15   105   348   449   336   467 0.86 -
GT2_Glycos_transf_2.hmm PF00535.25   170 KW1-S11_120_cg153_43 -            293   1.6e-33  111.2   0.0   1   1   1.6e-35   2.6e-33  110.5   0.0     1   169     9   167     9   168 0.78 Glycosyl transferase family 2
GT2_Glyco_tranf_2_3.hmm PF13641.5    230 KW1-S11_120_cg153_43 -            293   2.3e-21   72.0   0.0   1   1   2.1e-23   3.4e-21   71.5   0.0     4   203     8   194     6   217 0.84 Glycosyltransferase like family 2
GT27.hmm                -            295 KW1-S11_120_cg153_43 -            293   1.7e-20   68.8   0.0   1   1   1.8e-20   2.9e-18   61.5   0.0     1   194     9   176     9   187 0.74 -
CE10.hmm             -            341 KW1-S11_120_cg159_10 -            308   2.4e-19   65.4   0.1   1   1   4.8e-22   3.1e-19   65.1   0.1   123   335    90   297    41   301 0.84 -
GH103.hmm            -            295 KW1-S11_120_cg160_38 -            330   1.3e-98  325.0   0.0   1   1  2.5e-101   1.6e-98  324.7   0.0     9   294    34   319    27   320 0.94 -
GT9.hmm              -            225 KW1-S11_120_cg160_54 -            353   7.4e-47  155.4   0.0   1   1   1.6e-49   1.1e-46  154.9   0.0     6   201    82   304    78   328 0.84 -
GT41.hmm             -            705 KW1-S11_120_cg166_2  -            743   1.4e-17   58.8   0.9   1   1   1.4e-18   9.3e-16   52.7   0.6    33   191   272   431   242   599 0.80 -
GH109.hmm            -            126 KW1-S11_120_cg170_16 -            318   1.8e-15   52.8   0.3   1   1   1.4e-17   8.8e-15   50.5   0.3     2   121     5   112     4   116 0.88 -
GT4.hmm              -            160 KW1-S11_120_cg170_18 -             93   6.4e-16   53.7   0.0   1   1   1.1e-18   6.8e-16   53.7   0.0    27   117     3    90     1    92 0.95 -
GT19.hmm             -            354 KW1-S11_120_cg170_23 -            394  2.1e-122  403.4   0.0   1   1  3.8e-125  2.4e-122  403.2   0.0     1   352    13   368    13   370 0.96 -
AA4.hmm              -            522 KW1-S11_120_cg170_32 -            489   1.8e-21   71.6   0.0   1   1   1.5e-16   4.7e-14   47.1   0.0    15   252     8   235     3   301 0.81 -
AA7.hmm              -            458 KW1-S11_120_cg170_32 -            489   9.4e-20   66.9   2.6   1   1   3.3e-21   1.1e-18   63.4   3.2    13   195    43   232    39   270 0.90 -
GT2_Glycos_transf_2.hmm PF00535.25   170 KW1-S11_120_cg170_37 -            376   3.3e-20   67.9   0.0   1   1   1.4e-22   4.6e-20   67.4   0.0     2   169    46   214    45   215 0.91 Glycosyl transferase family 2
GT2_Glyco_tranf_2_3.hmm PF13641.5    230 KW1-S11_120_cg170_37 -            376   1.4e-18   62.9   0.0   1   1   9.4e-21     3e-18   61.8   0.0     3   214    43   257    41   273 0.80 Glycosyltransferase like family 2
GT2_Glycos_transf_2.hmm PF00535.25   170 KW1-S11_120_cg171_3  -            315   3.3e-24   80.9   0.0   1   1   7.7e-27   4.9e-24   80.3   0.0     1   131     4   134     4   182 0.88 Glycosyl transferase family 2
GT30.hmm             -            177 KW1-S11_120_cg179_3  -            436   4.6e-72  236.5   0.2   1   1   1.4e-74   8.8e-72  235.6   0.1     2   176    46   224    45   225 0.97 -
GT9.hmm              -            225 KW1-S11_120_cg183_116 -            345   2.2e-53  176.8   0.5   1   1   4.3e-56   2.8e-53  176.4   0.5     1   221    78   325    78   329 0.87 -
#
# Program:         hmmscan
# Version:         3.3.1 (Jul 2020)
# Pipeline mode:   SCAN
# Query file:      /beegfs/home/lxd/2_sea_metagenomics/6.metabat2/bins_redup_refinem_drep/derep_70_10/derepbins_prodigal/KW1-S11_120.proteins.faa
# Target file:     /beegfs/home/lxd/4_salt_metagenomics/tools/CAZy/dbCAN-HMMdb-V8.txt
# Option settings: hmmscan --tblout KW1-S11_120.tbl --domtblout KW1-S11_120_dom.tbl --acc --noali --notextw -E 1e-14 --domE 1e-14 --cpu 30 /beegfs/home/lxd/4_salt_metagenomics/tools/CAZy/dbCAN-HMMdb-V8.txt /beegfs/home/lxd/2_sea_metagenomics/6.metabat2/bins_redup_refinem_drep/derep_70_10/derepbins_prodigal/KW1-S11_120.proteins.faa 
# Current dir:     /beegfs/home/lxd/2_sea_metagenomics/6.metabat2/bins_redup_refinem_drep/derep_70_10/derepbins_cazy
# Date:            Thu Mar  4 14:10:28 2021
# [ok]
