#                                                                            --- full sequence --- -------------- this domain -------------   hmm coord   ali coord   env coord
# target name        accession   tlen query name           accession   qlen   E-value  score  bias   #  of  c-Evalue  i-Evalue  score  bias  from    to  from    to  from    to  acc description of target
#------------------- ---------- ----- -------------------- ---------- ----- --------- ------ ----- --- --- --------- --------- ------ ----- ----- ----- ----- ----- ----- ----- ---- ---------------------
GT1.hmm              -            382 KW1-S05_43_cg17_3    -            123   3.1e-22   75.3   0.9   1   1   5.8e-25   3.7e-22   75.1   0.9   281   379    10   112     5   113 0.96 -
GT19.hmm             -            354 KW1-S05_43_cg20_3    -            376  1.3e-106  351.5   0.0   1   1  2.5e-109  1.6e-106  351.2   0.0     1   350     3   353     3   356 0.95 -
GT30.hmm             -            177 KW1-S05_43_cg20_4    -            413     2e-50  166.0   0.3   1   1   4.8e-53   3.1e-50  165.4   0.3     9   176    34   206    28   207 0.94 -
GH1.hmm              -            429 KW1-S05_43_cg29_14   -            342  1.5e-122  404.7   0.0   1   1  2.7e-125  1.7e-122  404.5   0.0     4   326     5   342     2   342 0.94 -
CE14.hmm             -            124 KW1-S05_43_cg31_6    -            253   8.2e-21   70.4   3.9   1   1   1.8e-23   1.2e-20   69.9   1.1     2   117    16   125    15   136 0.92 -
CE10.hmm             -            341 KW1-S05_43_cg48_6    -            508   4.8e-44  146.6   0.4   1   1   1.1e-46   6.8e-44  146.1   0.4    64   193    65   212     8   289 0.82 -
CE9.hmm              -            373 KW1-S05_43_cg56_4    -            388  3.8e-105  346.8   0.0   1   1  6.8e-108  4.4e-105  346.5   0.0     4   373     7   382     4   382 0.94 -
GT2_Glycos_transf_2.hmm PF00535.25   170 KW1-S05_43_cg60_1    -            264   7.8e-22   73.2   0.0   1   1   1.7e-24   1.1e-21   72.7   0.0     2   168    22   184    21   185 0.97 Glycosyl transferase family 2
GT41.hmm             -            705 KW1-S05_43_cg60_2    -            599   3.2e-40  133.6   2.9   1   2   2.1e-27   1.4e-24   81.9   0.1    61   191   391   511   363   513 0.93 -
GT41.hmm             -            705 KW1-S05_43_cg60_2    -            599   3.2e-40  133.6   2.9   2   2   3.8e-19   2.5e-16   54.6   0.5   121   191   508   579   507   591 0.95 -
GT41.hmm             -            705 KW1-S05_43_cg66_4    -            609   2.1e-28   94.5   3.8   1   1   1.1e-18   7.1e-16   53.1   3.2    63   189   398   514   388   516 0.94 -
GT83.hmm             -            540 KW1-S05_43_cg69_3    -            448   8.2e-16   52.9  52.4   1   1   5.1e-18   3.3e-15   50.9  52.4    18   362    21   434    11   446 0.77 -
GT4.hmm              -            160 KW1-S05_43_cg69_4    -             95   2.1e-16   55.3   0.0   1   1   4.2e-19   2.7e-16   55.0   0.0    96   159     1    64     1    65 0.97 -
GT4.hmm              -            160 KW1-S05_43_cg85_9    -            451   1.2e-21   72.3   0.0   1   1     4e-24   2.6e-21   71.3   0.0     8   158   276   448   272   450 0.77 -
CE4.hmm              -            130 KW1-S05_43_cg106_2   -            282   1.1e-19   66.2   0.0   1   1   2.6e-22   1.6e-19   65.6   0.0    25   126    36   142     5   145 0.88 -
GT4.hmm              -            160 KW1-S05_43_cg107_4   -            360   6.4e-32  105.8   0.0   1   1   3.8e-34   1.2e-31  104.8   0.0    11   159   187   330   179   331 0.96 -
GT5.hmm              -            472 KW1-S05_43_cg107_4   -            360   8.2e-18   59.5   0.2   1   1   4.5e-17   1.4e-14   48.8   0.0   282   471   177   355   128   356 0.79 -
GT4.hmm              -            160 KW1-S05_43_cg119_4   -            364   7.1e-34  112.1   0.0   1   1   2.9e-36   1.9e-33  110.7   0.0     9   148   191   329   187   335 0.95 -
GT51.hmm             -            177 KW1-S05_43_cg125_2   -            768   1.1e-61  202.7   0.0   1   1   2.4e-64   1.5e-61  202.2   0.0     6   174   146   321   141   324 0.95 -
CE11.hmm             -            271 KW1-S05_43_cg130_4   -            308  1.3e-110  364.3   0.0   1   1  2.3e-113  1.4e-110  364.1   0.0     2   270     7   276     6   277 0.99 -
GH37.hmm             -            491 KW1-S05_43_cg154_3   -            699  7.2e-131  432.7   0.4   1   1  1.4e-133  8.9e-131  432.4   0.4    10   489   113   677   108   679 0.90 -
GT2_Glycos_transf_2.hmm PF00535.25   170 KW1-S05_43_cg160_4   -            233   3.7e-16   54.7   0.0   1   1   9.8e-19   6.3e-16   53.9   0.0     1   128     9   124     9   148 0.86 Glycosyl transferase family 2
CE1.hmm              -            227 KW1-S05_43_cg191_3   -            304   1.2e-31  105.5   0.0   1   1   2.5e-34   1.6e-31  105.1   0.0    33   210     1   210     1   225 0.79 -
GT81.hmm             -            293 KW1-S05_43_cg195_6   -            404     3e-63  208.7   0.0   1   1   1.2e-65   7.5e-63  207.4   0.0    19   265    33   317    16   337 0.79 -
GH23.hmm             -            135 KW1-S05_43_cg205_6   -            215     4e-19   64.8   0.0   1   1   9.7e-22   6.2e-19   64.1   0.0    18   124    89   201    78   206 0.90 -
GT20.hmm             -            475 KW1-S05_43_cg208_4   -            744  1.6e-175  579.4   0.0   1   1  3.6e-178  2.3e-175  578.9   0.0     9   473    24   477    16   479 0.96 -
CE10.hmm             -            341 KW1-S05_43_cg224_1   -            309   5.4e-77  255.0   0.2   1   1   9.9e-80   6.4e-77  254.7   0.2    61   334    42   304     5   307 0.86 -
GH23.hmm             -            135 KW1-S05_43_cg234_5   -            154   8.3e-33  109.1   0.0   1   1   1.5e-35   9.7e-33  108.8   0.0    16   123     4   131     1   136 0.95 -
GH84.hmm             -            295 KW1-S05_43_cg260_6   -            275   9.6e-82  269.8   0.0   1   1   1.7e-84   1.1e-81  269.6   0.0     1   264     7   275     7   275 0.98 -
GH23.hmm             -            135 KW1-S05_43_cg273_2   -            651   2.5e-25   84.8   1.4   1   1   3.7e-27   2.4e-24   81.7   0.0    14   104   544   641   534   649 0.90 -
GT89.hmm             -            556 KW1-S05_43_cg276_2   -            567   4.7e-30   99.7  34.5   1   1     7e-32   4.5e-29   96.5  32.8     4   311    24   363    21   413 0.75 -
GH23.hmm             -            135 KW1-S05_43_cg279_6   -            185   2.4e-30  101.1   0.6   1   1   5.2e-33   3.3e-30  100.6   0.6     9   122    66   176    58   182 0.92 -
GT2_Glycos_transf_2.hmm PF00535.25   170 KW1-S05_43_cg282_6   -            327     7e-26   86.3   0.0   1   1   3.9e-28   1.3e-25   85.5   0.0     1   165     8   161     8   164 0.92 Glycosyl transferase family 2
GT2_Glyco_tranf_2_3.hmm PF13641.5    230 KW1-S05_43_cg282_6   -            327   1.5e-15   53.0   0.0   1   1   1.3e-17     4e-15   51.6   0.0     4   228     7   217     4   219 0.85 Glycosyltransferase like family 2
GH35.hmm             -            307 KW1-S05_43_cg286_1   -            563   1.6e-20   69.2   0.0   1   1   3.3e-23   2.1e-20   68.8   0.0     5   140    21   171    17   173 0.89 -
AA7.hmm              -            458 KW1-S05_43_cg291_4   -            462   1.5e-23   79.5   3.0   1   1   5.8e-26   1.9e-23   79.1   3.0    14   198    22   208    17   268 0.88 -
AA4.hmm              -            522 KW1-S05_43_cg291_4   -            462   2.1e-22   74.7   0.0   1   1   1.4e-21   4.5e-19   63.7   0.0    53   248    22   209    16   245 0.84 -
AA3.hmm              -            618 KW1-S05_43_cg302_4   -            507   2.6e-50  166.7   0.0   1   1   2.5e-52   3.2e-50  166.4   0.0    88   400    16   505     8   506 0.77 -
AA3_2.hmm            -            568 KW1-S05_43_cg302_4   -            507   8.5e-34  112.4   0.0   1   2   4.4e-19   5.6e-17   56.9   0.0     3   316    18   290    16   307 0.78 -
AA3_2.hmm            -            568 KW1-S05_43_cg302_4   -            507   8.5e-34  112.4   0.0   2   2   4.8e-17   6.1e-15   50.2   0.0   424   567   359   504   323   505 0.79 -
AA3_1.hmm            -            548 KW1-S05_43_cg302_4   -            507   1.9e-33  111.1   0.2   1   1   2.9e-22   3.7e-20   67.2   0.0    15   277    16   267    11   276 0.79 -
GT4.hmm              -            160 KW1-S05_43_cg308_1   -            349   6.6e-15   50.4   0.0   1   1   1.6e-17     1e-14   49.8   0.0    20   128   184   298   175   329 0.87 -
GT2_Glycos_transf_2.hmm PF00535.25   170 KW1-S05_43_cg308_2   -            929   1.3e-22   75.7   0.0   1   1   6.5e-25   2.1e-22   75.0   0.0     2   158   567   718   566   730 0.87 Glycosyl transferase family 2
GH78.hmm             -            504 KW1-S05_43_cg309_2   -            718   9.2e-15   49.5   0.3   1   1   1.1e-16   6.9e-14   46.6   0.3   198   359   356   564   304   699 0.68 -
GH130.hmm            -            296 KW1-S05_43_cg311_11  -            158   4.9e-38  125.9   0.0   1   1   8.7e-41   5.6e-38  125.8   0.0     3   142    17   158    15   158 0.95 -
GT9.hmm              -            225 KW1-S05_43_cg322_5   -            361   3.8e-45  149.8   0.2   1   1   8.8e-48   5.6e-45  149.3   0.2     2   223    78   329    74   331 0.88 -
GT9.hmm              -            225 KW1-S05_43_cg322_6   -            368   3.8e-52  172.7   0.7   1   1   7.9e-55   5.1e-52  172.3   0.7     3   213    98   336    96   354 0.84 -
CE1.hmm              -            227 KW1-S05_43_cg328_1   -            369   1.6e-23   78.9   0.0   1   1   3.6e-26   2.3e-23   78.4   0.0    52   219     9   184     4   192 0.81 -
GT4.hmm              -            160 KW1-S05_43_cg333_4   -            377   1.5e-23   78.5   0.0   1   1   3.7e-26   2.4e-23   77.9   0.0     8   159   195   346   189   347 0.92 -
GH20.hmm             -            337 KW1-S05_43_cg338_2   -            513   1.7e-35  118.2   0.0   1   1   3.3e-38   2.1e-35  117.9   0.0     9   243    33   257    25   363 0.77 -
CBM50.hmm            -             40 KW1-S05_43_cg341_27  -            634   4.3e-23   76.8   0.2   1   1   4.7e-15   1.5e-12   43.0   0.0     1    40   405   448   405   448 0.90 -
GH23.hmm             -            135 KW1-S05_43_cg341_27  -            634   4.8e-21   71.0   0.3   1   1   2.9e-23   9.4e-21   70.0   0.3     3   105   165   287   163   310 0.82 -
GT4.hmm              -            160 KW1-S05_43_cg355_2   -            418     2e-33  110.6   0.0   1   1   1.4e-35   4.4e-33  109.5   0.0     7   153   233   377   229   384 0.95 -
GT5.hmm              -            472 KW1-S05_43_cg355_2   -            418   2.5e-25   84.3   0.0   1   1   2.6e-26   8.2e-24   79.3   0.0   290   472   233   409   191   409 0.88 -
GT4.hmm              -            160 KW1-S05_43_cg355_4   -            415   2.1e-30  100.8   0.0   1   1   4.6e-33     3e-30  100.3   0.0     5   159   225   380   221   381 0.91 -
GT4.hmm              -            160 KW1-S05_43_cg357_7   -            295   1.2e-26   88.6   0.0   1   1   6.6e-29   2.1e-26   87.8   0.0     8   135   126   247   122   254 0.96 -
GT5.hmm              -            472 KW1-S05_43_cg357_7   -            295   9.3e-17   56.1   0.0   1   1   3.9e-19   1.3e-16   55.6   0.0   210   472    73   291    38   291 0.81 -
GH35.hmm             -            307 KW1-S05_43_cg377_11  -            762   1.8e-70  233.3   0.0   1   1   3.2e-72     2e-69  229.8   0.0     3   304    12   380    10   382 0.86 -
AA5.hmm              -           1281 KW1-S05_43_cg381_1   -            175     7e-39  128.4   0.3   1   1   2.5e-41   8.1e-39  128.2   0.3   552   707    22   172    13   175 0.93 -
AA5_2.hmm            -            588 KW1-S05_43_cg381_1   -            175   8.3e-20   66.1   0.0   1   1   2.9e-22   9.3e-20   66.0   0.0   111   263    24   173     4   175 0.85 -
GH3.hmm              -            216 KW1-S05_43_cg384_1   -            345   5.5e-72  237.1   0.0   1   1   1.1e-74   7.1e-72  236.7   0.0     3   216    93   319    91   319 0.97 -
CE7.hmm              -            313 KW1-S05_43_cg401_4   -            337   8.1e-16   53.0   0.0   1   1   1.6e-16   1.1e-13   46.1   0.0    46   290    72   304    56   312 0.80 -
GT28.hmm             -            157 KW1-S05_43_cg401_10  -            355   1.1e-53  176.5   0.8   1   1   1.7e-56   1.1e-53  176.5   0.8     2   157   183   342   182   342 0.97 -
GT41.hmm             -            705 KW1-S05_43_cg418_5   -            697   7.2e-49  162.2  19.6   1   3     3e-17   1.9e-14   48.4   1.1   102   190   399   477   360   478 0.83 -
GT41.hmm             -            705 KW1-S05_43_cg418_5   -            697   7.2e-49  162.2  19.6   2   3   1.2e-16     8e-14   46.3   2.4   118   190   472   545   470   546 0.89 -
GT41.hmm             -            705 KW1-S05_43_cg418_5   -            697   7.2e-49  162.2  19.6   3   3   5.4e-21   3.5e-18   60.8   2.5    80   191   581   682   580   691 0.96 -
GH23.hmm             -            135 KW1-S05_43_cg457_10  -            179   2.7e-15   52.4   0.0   1   1   5.9e-18   3.8e-15   51.9   0.0    16   120    70   161    59   171 0.89 -
GT51.hmm             -            177 KW1-S05_43_cg466_1   -            589   2.1e-69  227.9   0.0   1   1   5.3e-72   3.4e-69  227.2   0.0     2   177    56   231    55   231 0.99 -
GT2_Glycos_transf_2.hmm PF00535.25   170 KW1-S05_43_cg474_5   -            340   6.2e-30   99.5   0.0   1   1   3.5e-32   1.1e-29   98.7   0.0     1   129     7   133     7   171 0.87 Glycosyl transferase family 2
GT2_Glyco_tranf_2_3.hmm PF13641.5    230 KW1-S05_43_cg474_5   -            340   8.7e-17   57.0   0.5   1   1   4.6e-19   1.5e-16   56.3   0.5     4   226     6   224     4   246 0.81 Glycosyltransferase like family 2
CE10.hmm             -            341 KW1-S05_43_cg479_1   -            105   1.4e-23   79.3   0.0   1   1   2.4e-26   1.5e-23   79.2   0.0   231   335     5   101     1   103 0.87 -
CE1.hmm              -            227 KW1-S05_43_cg488_1   -            248   3.3e-16   55.0   0.0   1   1   7.1e-19   4.6e-16   54.5   0.0    13   208    34   223    31   239 0.70 -
GT9.hmm              -            225 KW1-S05_43_cg496_5   -            553   6.3e-47  155.6   0.3   1   1     2e-49   1.3e-46  154.7   0.3     3   213    83   327    81   339 0.86 -
GH19.hmm             -            231 KW1-S05_43_cg515_8   -            291   6.1e-31  103.3   0.1   1   1   1.3e-33   8.5e-31  102.8   0.1    55   156   120   248   101   281 0.90 -
GH15.hmm             -            361 KW1-S05_43_cg524_1   -            508   1.6e-80  266.2   0.6   1   1   3.2e-83     2e-80  265.9   0.6     2   360   128   493   127   494 0.90 -
GH23.hmm             -            135 KW1-S05_43_cg535_1   -            157   2.8e-23   78.2   0.0   1   1   8.6e-26   5.5e-23   77.3   0.0    14    83    89   156    80   157 0.92 -
GH23.hmm             -            135 KW1-S05_43_cg543_2   -            205   7.2e-29   96.3   0.1   1   1   2.2e-31   1.4e-28   95.4   0.1    15   122    86   199    74   202 0.90 -
#
# Program:         hmmscan
# Version:         3.3.1 (Jul 2020)
# Pipeline mode:   SCAN
# Query file:      /beegfs/home/lxd/2_sea_metagenomics/6.metabat2/bins_redup_refinem_drep/derep_70_10/derepbins_prodigal/KW1-S05_43.proteins.faa
# Target file:     /beegfs/home/lxd/4_salt_metagenomics/tools/CAZy/dbCAN-HMMdb-V8.txt
# Option settings: hmmscan --tblout KW1-S05_43.tbl --domtblout KW1-S05_43_dom.tbl --acc --noali --notextw -E 1e-14 --domE 1e-14 --cpu 30 /beegfs/home/lxd/4_salt_metagenomics/tools/CAZy/dbCAN-HMMdb-V8.txt /beegfs/home/lxd/2_sea_metagenomics/6.metabat2/bins_redup_refinem_drep/derep_70_10/derepbins_prodigal/KW1-S05_43.proteins.faa 
# Current dir:     /beegfs/home/lxd/2_sea_metagenomics/6.metabat2/bins_redup_refinem_drep/derep_70_10/derepbins_cazy
# Date:            Thu Mar  4 11:21:25 2021
# [ok]
