#                                                                            --- full sequence --- -------------- this domain -------------   hmm coord   ali coord   env coord
# target name        accession   tlen query name           accession   qlen   E-value  score  bias   #  of  c-Evalue  i-Evalue  score  bias  from    to  from    to  from    to  acc description of target
#------------------- ---------- ----- -------------------- ---------- ----- --------- ------ ----- --- --- --------- --------- ------ ----- ----- ----- ----- ----- ----- ----- ---- ---------------------
GT4.hmm              -            160 KW1-S08_251_cg2_3    -            418   4.3e-44  145.3   0.0   1   1     2e-46   6.6e-44  144.7   0.0     6   158   218   369   213   371 0.97 -
GT5.hmm              -            472 KW1-S08_251_cg2_3    -            418   2.6e-24   81.0   0.0   1   1   1.2e-26   3.9e-24   80.4   0.0   277   471   208   395   204   396 0.86 -
AA7.hmm              -            458 KW1-S08_251_cg5_3    -            464   8.3e-34  113.3   4.5   1   1   3.4e-36   2.2e-33  111.9   3.0     9   194    33   219    27   234 0.94 -
GT41.hmm             -            705 KW1-S08_251_cg12_2   -            449   9.9e-27   89.0  14.6   1   2   2.5e-17   1.6e-14   48.7   6.1    22   191   255   420   198   420 0.56 -
GT41.hmm             -            705 KW1-S08_251_cg12_2   -            449   9.9e-27   89.0  14.6   2   2   8.4e-19   5.4e-16   53.5   1.3    66   185   339   448   313   449 0.82 -
AA12.hmm             -            401 KW1-S08_251_cg17_3   -            413   3.4e-19   64.0   0.0   1   1   6.1e-19   3.9e-16   53.9   0.0    14   344    73   361    64   407 0.74 -
GT41.hmm             -            705 KW1-S08_251_cg31_1   -            552   3.9e-33  110.2   8.9   1   1   4.8e-19     3e-16   54.3   0.5    54   191    41   168    29   172 0.91 -
GT83.hmm             -            540 KW1-S08_251_cg47_2   -            576   1.9e-93  309.1  43.5   1   1   3.6e-96   2.3e-93  308.8  43.5     9   435    13   451     6   531 0.79 -
GT2_Glycos_transf_2.hmm PF00535.25   170 KW1-S08_251_cg47_4   -            271   3.4e-30  100.4   0.0   1   1   7.4e-33   4.7e-30   99.9   0.0     1   166    36   194    36   197 0.93 Glycosyl transferase family 2
GT83.hmm             -            540 KW1-S08_251_cg47_9   -            516   9.2e-30   98.9  48.4   1   1   1.8e-32   1.1e-29   98.6  48.4    19   366    27   366    12   427 0.80 -
GT41.hmm             -            705 KW1-S08_251_cg53_2   -            825   5.7e-15   50.1   0.0   1   1   3.2e-15   2.1e-12   41.7   0.0    71   197   575   691   551   812 0.81 -
GH2.hmm              -            752 KW1-S08_251_cg70_1   -            217   4.8e-21   70.2   0.0   1   1   9.3e-24     6e-21   69.9   0.0   684   751    14    82     3    83 0.92 -
GT30.hmm             -            177 KW1-S08_251_cg80_22  -            434   7.5e-62  203.2   0.0   1   1   1.8e-64   1.1e-61  202.6   0.0     3   176    34   213    33   214 0.96 -
GT83.hmm             -            540 KW1-S08_251_cg82_3   -            597     1e-40  135.0  38.6   1   1     2e-43   1.3e-40  134.7  38.6    43   371    50   394     5   492 0.82 -
GT4.hmm              -            160 KW1-S08_251_cg89_7   -            418   1.2e-34  114.6   0.0   1   1   3.4e-37   2.2e-34  113.8   0.0     6   154   206   352   203   358 0.97 -
GT41.hmm             -            705 KW1-S08_251_cg99_7   -            331   5.8e-25   83.2   5.0   1   1     1e-15   6.5e-13   43.3   0.0    87   191   138   266   129   268 0.72 -
GH31.hmm             -            427 KW1-S08_251_cg100_1  -            441   7.4e-57  188.5   4.3   1   1   1.4e-59   9.2e-57  188.2   4.3     1   277   179   440   179   441 0.92 -
GT2_Glycos_transf_2.hmm PF00535.25   170 KW1-S08_251_cg102_3  -            227   1.9e-39  130.5   0.0   1   1     7e-42   2.2e-39  130.3   0.0     1   168     4   164     4   166 0.97 Glycosyl transferase family 2
GT81.hmm                -            293 KW1-S08_251_cg102_3  -            227   2.8e-21   70.9   0.0   1   1   1.3e-23   4.3e-21   70.3   0.0    22   141     2   108     1   116 0.90 -
GH37.hmm             -            491 KW1-S08_251_cg111_3  -            564  5.2e-142  469.5   0.0   1   1    1e-144  6.6e-142  469.1   0.0   101   489   155   561    51   563 0.92 -
GT4.hmm              -            160 KW1-S08_251_cg126_2  -            371   5.4e-34  112.5   0.0   1   1   2.6e-36   8.4e-34  111.9   0.0     9   147   187   325   184   329 0.95 -
GT5.hmm              -            472 KW1-S08_251_cg126_2  -            371   1.9e-15   51.8   0.0   1   1   3.4e-17   1.1e-14   49.3   0.0   196   471   120   361    86   362 0.77 -
GT4.hmm              -            160 KW1-S08_251_cg127_15 -            407   1.8e-38  127.1   0.0   1   1   1.1e-40   3.6e-38  126.1   0.0     8   155   199   353   194   358 0.97 -
GT5.hmm              -            472 KW1-S08_251_cg127_15 -            407   1.2e-15   52.4   0.0   1   1   5.9e-18   1.9e-15   51.7   0.0   278   467   189   377   181   381 0.82 -
GT41.hmm             -            705 KW1-S08_251_cg138_3  -           1160   3.7e-15   50.8   1.5   1   1   3.9e-16   2.5e-13   44.7   1.6    55   191    48   174    35   216 0.82 -
GH23.hmm             -            135 KW1-S08_251_cg138_6  -            265   3.6e-27   90.8   0.1   1   1   1.3e-29     8e-27   89.7   0.0    12   123   153   263   141   264 0.91 -
GH23.hmm             -            135 KW1-S08_251_cg140_2  -            255     5e-29   96.8   0.0   1   1     1e-31   6.6e-29   96.4   0.0    16   121   148   252   138   254 0.95 -
GH65.hmm             -            372 KW1-S08_251_cg153_1  -            385   5.5e-26   86.6   0.1   1   1   1.2e-28   7.6e-26   86.1   0.1     1    68   317   385   317   385 0.96 -
GH3.hmm              -            216 KW1-S08_251_cg171_2  -            372   8.3e-43  141.7   0.0   1   1   1.7e-45   1.1e-42  141.3   0.0     5   215    64   290    60   291 0.92 -
GT2_Glycos_transf_2.hmm PF00535.25   170 KW1-S08_251_cg178_2  -            281     1e-14   50.0   0.0   1   1   2.4e-17   1.5e-14   49.4   0.0     1    95    13    96    13   170 0.90 Glycosyl transferase family 2
GT41.hmm             -            705 KW1-S08_251_cg179_14 -            214   3.7e-22   73.9   0.6   1   1   9.1e-18   5.9e-15   50.1   0.1    79   190    22   123    12   126 0.94 -
GH15.hmm             -            361 KW1-S08_251_cg180_6  -            607   1.5e-79  263.1   0.0   1   1   2.8e-82   1.8e-79  262.8   0.0     2   360   229   594   228   595 0.89 -
GT2_Glycos_transf_2.hmm PF00535.25   170 KW1-S08_251_cg181_8  -            405   4.2e-22   74.0   0.0   1   1     1e-24   6.7e-22   73.4   0.0     2   163    55   211    54   217 0.80 Glycosyl transferase family 2
GT83.hmm             -            540 KW1-S08_251_cg186_2  -            556   2.8e-20   67.6  47.0   1   1   6.2e-23     4e-20   67.1  47.0    84   363    99   402    88   455 0.75 -
GH23.hmm             -            135 KW1-S08_251_cg189_5  -            209   8.9e-25   83.1   0.0   1   1   1.9e-27   1.2e-24   82.6   0.0    13   122    92   207    80   208 0.90 -
GT41.hmm             -            705 KW1-S08_251_cg196_4  -            435   6.4e-20   66.5   2.3   1   1   5.5e-18   3.5e-15   50.8   2.4    72   215   269   392   258   429 0.83 -
GT19.hmm             -            354 KW1-S08_251_cg203_8  -            377  2.2e-111  367.2   0.0   1   1  4.3e-114  2.7e-111  366.9   0.0    19   337     2   346     1   359 0.91 -
GT1.hmm              -            382 KW1-S08_251_cg210_1  -            254   9.4e-46  152.5   1.7   1   1   1.6e-48     1e-45  152.3   1.7   168   381     5   249     1   250 0.92 -
GT2_Glycos_transf_2.hmm PF00535.25   170 KW1-S08_251_cg239_2  -            259   2.8e-23   77.9   0.0   1   1   7.9e-26   5.1e-23   77.0   0.0     2   132    23   147    22   178 0.90 Glycosyl transferase family 2
GT41.hmm             -            705 KW1-S08_251_cg240_2  -            715   7.3e-29   96.0   1.7   1   1   4.3e-15   2.8e-12   41.2   0.4    75   191   480   586   478   605 0.93 -
GT2_Glycos_transf_2.hmm PF00535.25   170 KW1-S08_251_cg245_2  -            261     2e-29   97.9   0.0   1   1   9.7e-32   3.1e-29   97.2   0.0     1   164     8   179     8   183 0.88 Glycosyl transferase family 2
GT81.hmm                -            293 KW1-S08_251_cg245_2  -            261   4.1e-15   50.7   0.0   1   1   1.7e-17   5.6e-15   50.3   0.0    20   135     4   120     1   165 0.84 -
GH39.hmm             -            431 KW1-S08_251_cg246_1  -            709   9.9e-20   66.1   0.1   1   1   2.4e-22   1.5e-19   65.5   0.1    64   225    85   237    79   263 0.84 -
GT2_Glycos_transf_2.hmm PF00535.25   170 KW1-S08_251_cg256_3  -            373   8.9e-20   66.5   0.0   1   1   8.4e-22   1.8e-19   65.5   0.0     5   126    11   133     8   216 0.87 Glycosyl transferase family 2
GT2_Glyco_tranf_2_3.hmm PF13641.5    230 KW1-S08_251_cg256_3  -            373   8.8e-16   53.8   0.0   1   1     6e-18   1.3e-15   53.2   0.0     2   202     5   221     3   239 0.84 Glycosyltransferase like family 2
CBM50.hmm            -             40 KW1-S08_251_cg294_2  -            696   1.5e-51  167.8   9.4   1   2   1.3e-16     4e-14   48.1   0.3     1    38   521   561   521   561 0.91 -
CBM50.hmm            -             40 KW1-S08_251_cg294_2  -            696   1.5e-51  167.8   9.4   2   2   1.8e-16   5.8e-14   47.6   0.1     1    39   591   633   591   634 0.88 -
GH23.hmm             -            135 KW1-S08_251_cg294_2  -            696   4.4e-27   90.5   3.0   1   1   1.5e-29   4.8e-27   90.4   1.2     5   122   218   352   214   362 0.92 -
GT41.hmm             -            705 KW1-S08_251_cg299_16 -           1010   2.1e-46  154.1  16.6   1   2   1.4e-21   8.8e-19   62.7   0.3    75   191   680   786   676   787 0.94 -
GT41.hmm             -            705 KW1-S08_251_cg299_16 -           1010   2.1e-46  154.1  16.6   2   2   3.7e-16   2.4e-13   44.8   0.4   119   191   849   922   848   939 0.90 -
GT41.hmm             -            705 KW1-S08_251_cg317_4  -            228     1e-26   89.0  10.2   1   1     4e-20   2.6e-17   57.9   1.3    80   191     5   106     3   112 0.92 -
PL12_3.hmm           -            144 KW1-S08_251_cg342_2  -            504     3e-17   58.3   0.7   1   1   1.6e-19   5.2e-17   57.5   0.7     1    64   442   503   442   504 0.97 -
PL12.hmm             -            138 KW1-S08_251_cg342_2  -            504   3.8e-16   54.9   0.1   1   1   1.8e-18   5.8e-16   54.3   0.1     1    59   442   503   442   504 0.97 -
AA7.hmm              -            458 KW1-S08_251_cg343_10 -            442   3.5e-17   58.5   4.1   1   1   4.4e-19   2.8e-16   55.5   2.3    28   191     5   175     3   189 0.89 -
GH23.hmm             -            135 KW1-S08_251_cg347_2  -            246   2.8e-34  113.8   0.1   1   1   6.5e-37   4.2e-34  113.3   0.1    10   121    76   187    67   195 0.93 -
CE10.hmm             -            341 KW1-S08_251_cg375_3  -            696   1.3e-21   72.9   0.2   1   1   3.1e-24     2e-21   72.3   0.2    66   314   429   664   395   678 0.76 -
CE4.hmm                 -            130 KW1-S08_251_cg377_5  -            494   1.2e-28   95.2   0.0   1   1   7.5e-31   2.4e-28   94.2   0.0     3   125   301   426   299   431 0.89 -
GT2_Glycos_transf_2.hmm PF00535.25   170 KW1-S08_251_cg377_5  -            494   1.5e-15   52.7   0.0   1   1   2.2e-17   7.2e-15   50.5   0.0     2   120    11   122    10   167 0.80 Glycosyl transferase family 2
GT9.hmm              -            225 KW1-S08_251_cg378_3  -            369   8.4e-54  178.1   0.1   1   1   1.7e-56   1.1e-53  177.8   0.1     3   206    89   322    87   345 0.83 -
GT9.hmm              -            225 KW1-S08_251_cg378_4  -            377     1e-56  187.6   0.1   1   1   2.1e-59   1.3e-56  187.3   0.1     3   214    80   320    78   340 0.88 -
GH2.hmm              -            752 KW1-S08_251_cg383_1  -            886  7.1e-238  787.1   0.1   1   1  1.4e-240  8.7e-238  786.8   0.1    25   734    47   886    31   886 0.90 -
GT51.hmm             -            177 KW1-S08_251_cg385_4  -            786   4.5e-60  197.4   0.0   1   1   1.1e-62   7.1e-60  196.8   0.0    11   176   165   335   158   336 0.96 -
GT41.hmm             -            705 KW1-S08_251_cg385_9  -            896   9.6e-19   62.6   0.0   1   1   6.4e-15   4.1e-12   40.7   0.0    61   190   655   808   639   810 0.88 -
AA5.hmm              -           1281 KW1-S08_251_cg390_1  -            186   1.1e-43  144.4   0.3   1   1   6.1e-46   1.3e-43  144.1   0.3   892  1026     1   132     1   137 0.97 -
AA5_2.hmm            -            588 KW1-S08_251_cg390_1  -            186   4.6e-23   76.9   0.0   1   1   2.5e-25   5.4e-23   76.6   0.0   451   588     1   130     1   130 0.93 -
AA5_1.hmm            -            563 KW1-S08_251_cg390_1  -            186   1.9e-20   67.8   0.0   1   1   1.1e-22   2.3e-20   67.5   0.0   393   549     2   138     1   150 0.88 -
GT20.hmm             -            475 KW1-S08_251_cg394_1  -             97   3.1e-22   73.9   0.0   1   1   5.3e-25   3.4e-22   73.8   0.0    13   114     2    96     1    97 0.91 -
GT83.hmm             -            540 KW1-S08_251_cg405_9  -            304   3.2e-86  285.3  38.7   1   1   1.2e-88   3.7e-86  285.0  38.7    11   278    23   297    15   304 0.92 -
GT39.hmm             -            223 KW1-S08_251_cg405_9  -            304   1.2e-16   56.3  10.7   1   1     5e-19   1.6e-16   55.8  10.7     9   184    32   212    23   249 0.79 -
GT41.hmm             -            705 KW1-S08_251_cg406_5  -            394   2.9e-19   64.3   0.0   1   1   3.8e-15   2.5e-12   41.4   0.0    69   191   200   312   195   340 0.91 -
GT2_Glycos_transf_2.hmm PF00535.25   170 KW1-S08_251_cg410_4  -            442   6.3e-25   83.2   0.0   1   1   2.8e-27   8.8e-25   82.8   0.0     1   169    72   249    72   250 0.92 Glycosyl transferase family 2
GT2_Glyco_tranf_2_3.hmm PF13641.5    230 KW1-S08_251_cg410_4  -            442   1.2e-22   76.2   0.0   1   1   9.8e-25   3.1e-22   74.8   0.0     1   207    68   282    68   299 0.87 Glycosyltransferase like family 2
GT9.hmm              -            225 KW1-S08_251_cg421_1  -            153   6.2e-36  119.7   0.2   1   1   1.2e-38   7.6e-36  119.4   0.2   101   217     2   121     1   128 0.91 -
GT4.hmm              -            160 KW1-S08_251_cg421_2  -            414   7.1e-33  108.8   0.0   1   1   1.8e-35   1.2e-32  108.1   0.0     7   154   235   380   230   386 0.95 -
CE14.hmm             -            124 KW1-S08_251_cg421_5  -             87   1.2e-22   76.3   0.1   1   1   2.2e-25   1.4e-22   76.0   0.1     1    81     4    75     4    86 0.93 -
GT2_Glycos_transf_2.hmm PF00535.25   170 KW1-S08_251_cg427_4  -            250   1.5e-22   75.5   0.0   1   1   2.9e-25   1.8e-22   75.2   0.0     1   132    15   147    15   178 0.89 Glycosyl transferase family 2
GT51.hmm             -            177 KW1-S08_251_cg427_5  -            775   6.3e-67  219.8   0.0   1   1   1.6e-69   1.1e-66  219.0   0.0     2   177   102   277   101   277 0.99 -
GT20.hmm             -            475 KW1-S08_251_cg428_3  -            672  5.4e-147  485.3   0.0   1   1  1.1e-149  6.8e-147  485.0   0.0   117   474     5   361     1   362 0.98 -
GT4.hmm              -            160 KW1-S08_251_cg431_7  -            372   3.3e-32  106.7   0.0   1   1   7.5e-35   4.8e-32  106.1   0.0     8   157   191   339   187   343 0.96 -
GT2_Glycos_transf_2.hmm PF00535.25   170 KW1-S08_251_cg431_8  -            307   5.8e-19   63.8   0.1   1   1   1.3e-21   8.2e-19   63.3   0.1     2   109    18   114    17   161 0.84 Glycosyl transferase family 2
GT41.hmm             -            705 KW1-S08_251_cg433_2  -            413   3.4e-32  107.1   4.8   1   1     2e-15   1.3e-12   42.4   0.1    62   196   277   399   264   402 0.92 -
#
# Program:         hmmscan
# Version:         3.3.1 (Jul 2020)
# Pipeline mode:   SCAN
# Query file:      /beegfs/home/lxd/2_sea_metagenomics/6.metabat2/bins_redup_refinem_drep/derep_70_10/derepbins_prodigal/KW1-S08_251.proteins.faa
# Target file:     /beegfs/home/lxd/4_salt_metagenomics/tools/CAZy/dbCAN-HMMdb-V8.txt
# Option settings: hmmscan --tblout KW1-S08_251.tbl --domtblout KW1-S08_251_dom.tbl --acc --noali --notextw -E 1e-14 --domE 1e-14 --cpu 30 /beegfs/home/lxd/4_salt_metagenomics/tools/CAZy/dbCAN-HMMdb-V8.txt /beegfs/home/lxd/2_sea_metagenomics/6.metabat2/bins_redup_refinem_drep/derep_70_10/derepbins_prodigal/KW1-S08_251.proteins.faa 
# Current dir:     /beegfs/home/lxd/2_sea_metagenomics/6.metabat2/bins_redup_refinem_drep/derep_70_10/derepbins_cazy
# Date:            Thu Mar  4 13:29:59 2021
# [ok]
