#                                                                            --- full sequence --- -------------- this domain -------------   hmm coord   ali coord   env coord
# target name        accession   tlen query name           accession   qlen   E-value  score  bias   #  of  c-Evalue  i-Evalue  score  bias  from    to  from    to  from    to  acc description of target
#------------------- ---------- ----- -------------------- ---------- ----- --------- ------ ----- --- --- --------- --------- ------ ----- ----- ----- ----- ----- ----- ----- ---- ---------------------
GT83.hmm             -            540 KW1-S21_196_cg4_21   -            554   3.8e-98  324.6  51.1   1   1  7.8e-101     5e-98  324.2  51.1    10   492    18   483    12   505 0.81 -
GT2_Glycos_transf_2.hmm PF00535.25   170 KW1-S21_196_cg4_22   -            266   3.6e-16   54.7   0.0   1   1   9.2e-19   5.9e-16   54.0   0.0    57   168     2   106     1   108 0.95 Glycosyl transferase family 2
CE11.hmm             -            271 KW1-S21_196_cg5_7    -             90   1.9e-24   81.7   0.0   1   1   3.4e-27   2.2e-24   81.5   0.0   205   270     1    65     1    66 0.97 -
AA7.hmm              -            458 KW1-S21_196_cg21_4   -            458   4.8e-16   54.7   0.1   1   1   1.1e-16   7.2e-14   47.5   0.0    47   194    49   195    22   215 0.86 -
GT9.hmm              -            225 KW1-S21_196_cg23_2   -            353     5e-62  205.0   0.1   1   1   9.9e-65   6.3e-62  204.7   0.1     7   221    74   326    68   330 0.88 -
GT30.hmm             -            177 KW1-S21_196_cg23_4   -            440     5e-61  200.5   0.0   1   1   2.3e-60   1.5e-57  189.2   0.0     6   176    41   216    38   217 0.94 -
CBM9.hmm             -            182 KW1-S21_196_cg24_7   -            979   9.2e-20   66.8   0.1   1   1   2.7e-22   1.7e-19   65.9   0.1     1   153   278   466   278   480 0.84 -
CBM9.hmm             -            182 KW1-S21_196_cg32_1   -            385   1.3e-20   69.6   0.3   1   1   2.9e-23   1.9e-20   69.1   0.3     1   147    56   213    56   226 0.87 -
CE3.hmm              -            194 KW1-S21_196_cg35_13  -            217   2.6e-16   55.4   0.0   1   1   2.3e-18   1.5e-15   52.9   0.0    31   192    61   203    30   205 0.81 -
CBM9.hmm             -            182 KW1-S21_196_cg36_5   -            735     9e-20   66.8   0.2   1   1   3.4e-22   2.2e-19   65.6   0.2     1   180    47   231    47   232 0.84 -
GT41.hmm             -            705 KW1-S21_196_cg40_1   -            407   7.2e-44  145.6   9.3   1   2   2.5e-16   1.6e-13   45.3   2.0    95   190    53   138    24   140 0.83 -
GT41.hmm             -            705 KW1-S21_196_cg40_1   -            407   7.2e-44  145.6   9.3   2   2   1.9e-20   1.2e-17   58.9   0.4    79   191   105   214   104   219 0.95 -
AA3.hmm              -            618 KW1-S21_196_cg42_2   -            503   9.3e-52  171.5   0.0   1   1   8.8e-54   1.1e-51  171.2   0.0    85   401     4   498     1   501 0.75 -
AA3_2.hmm            -            568 KW1-S21_196_cg42_2   -            503   6.5e-41  135.9   0.2   1   1   1.2e-28   1.6e-26   88.4   0.1     3   322     9   303     7   399 0.83 -
AA3_1.hmm            -            548 KW1-S21_196_cg42_2   -            503     1e-22   75.7   0.4   1   1   3.1e-16     4e-14   47.3   0.8    13   318     5   293     1   304 0.76 -
AA3.hmm              -            618 KW1-S21_196_cg48_4   -            529   2.5e-44  146.9   0.0   1   1   2.5e-46   3.3e-44  146.5   0.0    87   401     6   522     2   526 0.69 -
AA3_2.hmm            -            568 KW1-S21_196_cg48_4   -            529   1.7e-38  128.0   0.1   1   1   4.2e-30   5.3e-28   93.3   0.1     3   289     9   283     7   297 0.82 -
AA3_1.hmm            -            548 KW1-S21_196_cg48_4   -            529   1.2e-33  111.8   0.0   1   1   5.6e-29   7.1e-27   89.4   0.1    14   285     6   283     1   296 0.81 -
AA8.hmm              -            815 KW1-S21_196_cg48_4   -            529   3.4e-24   80.1   0.2   1   1   2.5e-20   3.2e-18   60.3   0.2   244   514     7   282     2   297 0.79 -
GH74.hmm             -            233 KW1-S21_196_cg48_21  -            642   2.2e-57  189.4   9.7   1   2     2e-15   1.3e-12   42.9   0.0    43   114    51   125    48   138 0.88 -
GH74.hmm             -            233 KW1-S21_196_cg48_21  -            642   2.2e-57  189.4   9.7   2   2   2.6e-15   1.7e-12   42.5   0.1    44   108   234   295   220   300 0.89 -
CBM9.hmm             -            182 KW1-S21_196_cg52_4   -            720   9.5e-23   76.5   0.6   1   1   2.6e-25   1.6e-22   75.8   0.6     1   164    45   214    45   231 0.86 -
GH3.hmm              -            216 KW1-S21_196_cg53_4   -            581   8.5e-74  243.0   0.0   1   1   1.9e-76   1.2e-73  242.5   0.0     5   215   105   330   101   331 0.95 -
CBM9.hmm             -            182 KW1-S21_196_cg54_1   -            135   2.8e-16   55.5   2.5   1   1   4.8e-19   3.1e-16   55.3   2.5     2   127     2   135     1   135 0.89 -
CBM9.hmm             -            182 KW1-S21_196_cg54_2   -            821   3.2e-22   74.8   2.9   1   1   1.2e-24   7.9e-22   73.5   2.9     2   148   137   295   136   317 0.89 -
CBM9.hmm             -            182 KW1-S21_196_cg55_8   -            683   1.9e-16   56.0   1.4   1   1   6.9e-19   4.4e-16   54.8   1.4     1   148     9   166     9   194 0.84 -
GT41.hmm             -            705 KW1-S21_196_cg62_7   -            327   1.3e-15   52.2   2.4   1   1   5.4e-15   3.4e-12   40.9   0.2   101   190   134   232    89   233 0.75 -
AA3.hmm              -            618 KW1-S21_196_cg63_1   -            760   5.2e-39  129.4   0.0   1   1   5.7e-41   7.3e-39  128.9   0.0    82   399   229   746   217   754 0.71 -
AA3_2.hmm            -            568 KW1-S21_196_cg63_1   -            760   5.6e-34  113.0   0.2   1   1   1.1e-30   1.4e-28   95.2   0.0     3   317   237   543   235   576 0.80 -
CBM9.hmm             -            182 KW1-S21_196_cg75_3   -            741     3e-21   71.6   0.1   1   1   8.1e-24   5.2e-21   70.9   0.1     1   149    65   224    65   244 0.85 -
GT2_Glycos_transf_2.hmm PF00535.25   170 KW1-S21_196_cg76_9   -            277   1.4e-32  108.1   0.0   1   1   8.9e-35   1.9e-32  107.7   0.0     1   139     3   129     3   162 0.82 Glycosyl transferase family 2
GT2_Glyco_tranf_2_3.hmm PF13641.5    230 KW1-S21_196_cg76_9   -            277     7e-22   73.7   0.0   1   1   4.5e-24   9.5e-22   73.3   0.0     4   197     2   184     1   209 0.89 Glycosyltransferase like family 2
GT2_Glyco_tranf_2_2.hmm PF10111.8    276 KW1-S21_196_cg76_9   -            277   8.3e-18   60.1   0.0   1   1     2e-19   4.4e-17   57.7   0.0    18   206    21   188     3   198 0.87 Glycosyltransferase like family 2
AA3.hmm              -            618 KW1-S21_196_cg79_5   -            516   2.6e-60  199.7   0.0   1   1   1.8e-62   2.9e-60  199.6   0.0    86   400     3   513     1   515 0.74 -
AA3_2.hmm            -            568 KW1-S21_196_cg79_5   -            516   2.2e-27   91.3   0.1   1   1   1.8e-19     3e-17   57.8   0.1     2   280     6   282     5   326 0.72 -
GH63.hmm             -            570 KW1-S21_196_cg79_9   -            469   1.2e-49  164.6   0.3   1   1   2.4e-52   1.5e-49  164.2   0.3   329   562    18   453    11   459 0.93 -
GT2_Glycos_transf_2.hmm PF00535.25   170 KW1-S21_196_cg80_14  -            776   1.7e-24   81.8   0.0   1   1   1.8e-26   3.8e-24   80.7   0.0     1   133    54   189    54   225 0.82 Glycosyl transferase family 2
GT27.hmm                -            295 KW1-S21_196_cg80_14  -            776   5.5e-21   70.4   0.0   1   1   3.7e-23   7.8e-21   69.9   0.0    29   235    82   278    54   303 0.83 -
GT2_Glyco_tranf_2_3.hmm PF13641.5    230 KW1-S21_196_cg80_14  -            776   2.1e-20   68.9   0.0   1   1   3.6e-22   7.8e-20   67.0   0.0     4   225    53   289    51   293 0.75 Glycosyltransferase like family 2
GT4.hmm              -            160 KW1-S21_196_cg88_2   -            368   6.8e-29   95.9   0.0   1   1   5.7e-31   3.6e-28   93.5   0.0    18   152   203   335   195   341 0.96 -
AA12.hmm             -            401 KW1-S21_196_cg91_9   -            420     4e-24   80.2   0.0   1   1   4.9e-15   3.1e-12   41.0   0.0    11   208    71   255    62   267 0.78 -
CBM9.hmm             -            182 KW1-S21_196_cg91_12  -            732   1.9e-20   69.0   0.2   1   1   5.7e-23   3.6e-20   68.1   0.2     2   153    57   218    56   234 0.85 -
AA1.hmm              -            943 KW1-S21_196_cg93_4   -            331     8e-34  112.3   8.2   1   1   2.9e-31   6.1e-29   96.1   2.1   437   557    67   206    55   226 0.81 -
AA1_2.hmm            -            337 KW1-S21_196_cg93_4   -            331   1.7e-17   58.8   3.2   1   1   4.1e-15   8.8e-13   43.2   0.3     6   108   105   201   102   217 0.88 -
AA1_3.hmm            -            312 KW1-S21_196_cg93_4   -            331   3.2e-16   54.7   2.9   1   1   2.3e-18     5e-16   54.0   0.3    12   137    80   201    68   218 0.82 -
CE14.hmm             -            124 KW1-S21_196_cg94_2   -            246   3.6e-24   81.2   0.0   1   1     1e-26   6.5e-24   80.4   0.0     2   124     7   111     6   111 0.97 -
CE14.hmm             -            124 KW1-S21_196_cg102_3  -            292   1.3e-37  124.6   0.5   1   1   3.2e-40     2e-37  124.0   0.5     1   124    19   138    19   138 0.96 -
CBM50.hmm            -             40 KW1-S21_196_cg103_10 -            500   9.5e-24   78.9   0.2   1   1   5.5e-15   1.8e-12   42.8   0.0     1    40   456   499   456   499 0.93 -
GH23.hmm             -            135 KW1-S21_196_cg103_10 -            500   2.4e-18   62.2   0.1   1   1   1.3e-20   4.2e-18   61.5   0.1     2   105   163   285   162   309 0.83 -
CE11.hmm             -            271 KW1-S21_196_cg104_8  -            291  1.4e-105  347.8   0.0   1   1  2.4e-108  1.5e-105  347.6   0.0     1   269     2   268     2   270 0.99 -
CE1.hmm              -            227 KW1-S21_196_cg111_3  -            320   8.8e-46  151.7   0.0   1   1   1.6e-48     1e-45  151.5   0.0     1   225    53   317    53   319 0.87 -
GT2_Glycos_transf_2.hmm PF00535.25   170 KW1-S21_196_cg120_9  -            230   7.8e-18   60.2   0.0   1   1   1.5e-20   9.9e-18   59.8   0.0     1   117     9   113     9   148 0.87 Glycosyl transferase family 2
CBM9.hmm             -            182 KW1-S21_196_cg125_2  -            719   6.8e-16   54.2   0.0   1   1   1.8e-18   1.1e-15   53.5   0.0     2   147    41   196    40   217 0.84 -
CBM9.hmm             -            182 KW1-S21_196_cg127_8  -            744   6.3e-20   67.4   0.3   1   1   2.2e-22   1.4e-19   66.2   0.3     1   151    62   223    62   250 0.84 -
GT4.hmm              -            160 KW1-S21_196_cg128_5  -            418   2.3e-42  139.7   0.0   1   1   2.4e-44   7.6e-42  138.0   0.0     6   159   204   355   199   356 0.97 -
GT5.hmm              -            472 KW1-S21_196_cg128_5  -            418   6.1e-24   79.7   0.2   1   1   7.6e-26   2.4e-23   77.8   0.0   274   464   191   369   162   379 0.83 -
GT81.hmm             -            293 KW1-S21_196_cg134_2  -            425     2e-66  219.1   0.0   1   1   4.3e-69   2.8e-66  218.7   0.0    20   259    13   251     2   269 0.94 -
CE10.hmm             -            341 KW1-S21_196_cg136_3  -            651   4.7e-32  107.2   0.1   1   1   2.3e-34   7.5e-32  106.5   0.1    93   316   379   602   301   613 0.82 -
CE1.hmm              -            227 KW1-S21_196_cg136_3  -            651   7.6e-17   57.1   0.0   1   1   5.1e-19   1.6e-16   56.0   0.0    20   209   382   596   369   611 0.77 -
GH23.hmm             -            135 KW1-S21_196_cg145_2  -            241   2.1e-15   52.7   0.1   1   1   4.9e-18   3.1e-15   52.2   0.1    17   126   121   232   109   238 0.86 -
GT81.hmm             -            293 KW1-S21_196_cg147_4  -            405   2.7e-67  222.0   0.0   1   1   9.2e-70   5.9e-67  220.9   0.0    12   279    18   317     9   328 0.85 -
GH23.hmm             -            135 KW1-S21_196_cg147_7  -            225   3.1e-31  104.0   0.1   1   1   6.4e-34   4.1e-31  103.6   0.1     2   123    67   188    66   195 0.90 -
GT2_Glycos_transf_2.hmm PF00535.25   170 KW1-S21_196_cg148_3  -            333   3.1e-25   84.2   0.0   1   1   2.3e-27     5e-25   83.6   0.0     1   169     5   178     5   179 0.89 Glycosyl transferase family 2
GT2_Glyco_tranf_2_3.hmm PF13641.5    230 KW1-S21_196_cg148_3  -            333   4.5e-22   74.3   0.0   1   1   3.5e-24   7.5e-22   73.6   0.0     4   215     4   219     2   234 0.85 Glycosyltransferase like family 2
GT27.hmm                -            295 KW1-S21_196_cg148_3  -            333   7.2e-16   53.6   0.0   1   1   1.4e-17     3e-15   51.6   0.0     2   236     6   228     5   239 0.78 -
GT2_Glycos_transf_2.hmm PF00535.25   170 KW1-S21_196_cg148_9  -            358   2.8e-31  103.9   0.1   1   1   3.1e-33     1e-30  102.1   0.0     1   170     6   179     6   179 0.94 Glycosyl transferase family 2
GT2_Glyco_tranf_2_3.hmm PF13641.5    230 KW1-S21_196_cg148_9  -            358   1.5e-20   69.3   0.0   1   1     2e-22   6.3e-20   67.3   0.0     4   227     5   237     3   240 0.80 Glycosyltransferase like family 2
GT81.hmm             -            293 KW1-S21_196_cg149_6  -            158   1.4e-38  127.7   0.0   1   1   2.4e-41   1.6e-38  127.6   0.0    20   172     6   154     1   157 0.94 -
GH109.hmm            -            126 KW1-S21_196_cg150_2  -            338   1.6e-19   65.8   0.1   1   1   8.5e-22   5.4e-19   64.1   0.1     1   122     2   114     2   118 0.92 -
GT2_Glycos_transf_2.hmm PF00535.25   170 KW1-S21_196_cg150_5  -            345   1.4e-31  104.9   0.0   1   1   3.1e-34     2e-31  104.4   0.0     2   168    15   177    14   179 0.91 Glycosyl transferase family 2
GT83.hmm             -            540 KW1-S21_196_cg150_10 -            569   7.7e-21   69.5  38.5   1   1   4.5e-23   2.9e-20   67.6  38.5     3   352    15   382    13   413 0.75 -
GT9.hmm              -            225 KW1-S21_196_cg151_3  -            351   1.1e-49  164.7   0.0   1   1   2.2e-52   1.4e-49  164.3   0.0     2   216    83   325    82   337 0.89 -
GT28.hmm             -            157 KW1-S21_196_cg154_10 -            359   3.9e-53  174.7   0.0   1   1   1.1e-55   7.1e-53  173.8   0.0     2   156   184   342   183   343 0.97 -
GT41.hmm             -            705 KW1-S21_196_cg154_25 -            339   1.7e-19   65.1   7.2   1   1   2.8e-16   1.8e-13   45.2   2.2    60   191   126   246    39   253 0.74 -
GT4.hmm              -            160 KW1-S21_196_cg161_1  -            395   2.1e-17   58.6   0.0   1   1   5.4e-20   3.4e-17   57.9   0.0     5   160   199   359   195   359 0.92 -
GT4.hmm              -            160 KW1-S21_196_cg161_2  -            383     4e-26   86.9   0.0   1   1   1.3e-28   8.5e-26   85.8   0.0     6   159   182   341   178   342 0.93 -
GT9.hmm              -            225 KW1-S21_196_cg176_2  -            410   2.4e-37  124.3   0.0   1   1   4.8e-40   3.1e-37  123.9   0.0     3   213   113   376   111   390 0.83 -
GT41.hmm             -            705 KW1-S21_196_cg177_4  -            608   1.4e-27   91.8  32.6   1   1   8.3e-16   5.3e-13   43.6   7.1    26   191    30   185    14   188 0.74 -
CBM9.hmm             -            182 KW1-S21_196_cg183_1  -            408   3.3e-21   71.5   0.6   1   1   7.6e-24   4.9e-21   71.0   0.6     2   149    47   203    46   231 0.87 -
AA12.hmm             -            401 KW1-S21_196_cg184_3  -            383   2.6e-20   67.7   0.0   1   1   1.6e-20   9.9e-18   59.1   0.0    13   343    45   331    37   339 0.83 -
GT19.hmm             -            354 KW1-S21_196_cg196_3  -            390    2e-103  341.0   0.0   1   1  3.6e-106  2.3e-103  340.8   0.0     1   350     8   367     8   371 0.94 -
CBM9.hmm             -            182 KW1-S21_196_cg203_2  -            743   4.4e-21   71.1   0.5   1   1   7.9e-23   5.1e-20   67.6   0.2     1   148    67   225    67   238 0.88 -
GT4.hmm              -            160 KW1-S21_196_cg205_2  -            360   2.8e-33  110.1   0.0   1   1   6.9e-36   4.4e-33  109.5   0.0     5   157   179   328   175   331 0.95 -
GT2_Glycos_transf_2.hmm PF00535.25   170 KW1-S21_196_cg205_3  -            285   1.5e-16   56.0   0.0   1   1   2.9e-19   1.9e-16   55.6   0.0     4   106    22   125    19   177 0.84 Glycosyl transferase family 2
GT2_Glycos_transf_2.hmm PF00535.25   170 KW1-S21_196_cg212_5  -            256   4.1e-28   93.6   0.0   1   1     9e-31   5.8e-28   93.1   0.0     1   166     4   168     4   171 0.97 Glycosyl transferase family 2
CE1.hmm              -            227 KW1-S21_196_cg219_1  -            266   5.5e-15   51.0   0.0   1   1   1.1e-17   7.1e-15   50.6   0.0    12   208    32   242    25   262 0.73 -
CBM9.hmm             -            182 KW1-S21_196_cg224_3  -            747   2.1e-25   85.2   0.1   1   1   1.7e-27   5.4e-25   83.9   0.1    23   165   566   727   541   744 0.77 -
CE14.hmm             -            124 KW1-S21_196_cg224_3  -            747   1.1e-22   76.4   0.0   1   1   6.4e-25     2e-22   75.5   0.0     1   117    35   152    35   160 0.93 -
GT41.hmm             -            705 KW1-S21_196_cg230_1  -            626   7.2e-34  112.6   9.6   1   1   3.5e-18   2.3e-15   51.4   0.4   118   191   461   535   457   535 0.95 -
GT2_Glycos_transf_2.hmm PF00535.25   170 KW1-S21_196_cg230_2  -            248     1e-28   95.5   0.0   1   1   4.1e-31   1.3e-28   95.2   0.0     1   129    18   145    18   182 0.86 Glycosyl transferase family 2
GT81.hmm                -            293 KW1-S21_196_cg230_2  -            248   4.4e-16   53.9   0.0   1   1   1.7e-18   5.3e-16   53.6   0.0    11   204     5   191     1   223 0.82 -
CE10.hmm             -            341 KW1-S21_196_cg232_1  -            432   5.8e-39  129.9   0.5   1   1   1.6e-41     1e-38  129.1   0.3    80   334   169   410   139   417 0.84 -
AA7.hmm              -            458 KW1-S21_196_cg234_1  -            123     1e-30  103.1   1.0   1   1   1.8e-33   1.2e-30  102.9   1.0     2    84    40   122    39   123 0.98 -
AA7.hmm              -            458 KW1-S21_196_cg234_4  -            467  5.2e-103  341.4   0.4   1   1  3.9e-104  2.5e-101  335.8   0.4     3   458    41   461    39   461 0.93 -
GT2_Glycos_transf_2.hmm PF00535.25   170 KW1-S21_196_cg235_2  -            253   6.1e-24   80.0   0.0   1   1   1.3e-26   8.5e-24   79.6   0.0     2   168     8   177     7   178 0.98 Glycosyl transferase family 2
GT41.hmm             -            705 KW1-S21_196_cg256_1  -            479   1.7e-39  131.2  23.1   1   1   4.3e-18   2.7e-15   51.2   0.5    72   191   277   386   275   386 0.92 -
CBM9.hmm             -            182 KW1-S21_196_cg258_1  -            904   6.3e-20   67.3   0.0   1   1     2e-22   1.3e-19   66.3   0.0     2   149   222   380   221   409 0.84 -
GT83.hmm             -            540 KW1-S21_196_cg266_2  -            534   1.4e-98  326.1  59.7   1   1  5.1e-101   1.6e-98  325.8  59.7     7   500     4   495     1   524 0.78 -
GT39.hmm             -            223 KW1-S21_196_cg266_2  -            534   1.2e-15   53.0  11.1   1   1   3.7e-18   1.2e-15   53.0  11.1     7   213    16   219    11   224 0.86 -
GH33.hmm             -            342 KW1-S21_196_cg270_3  -            444   4.3e-18   61.0   2.1   1   1   1.4e-17   9.1e-15   50.0   0.1    25   193   184   341   166   349 0.81 -
CE10.hmm             -            341 KW1-S21_196_cg279_6  -            663   9.7e-20   66.7   0.0   1   1   2.4e-22   1.6e-19   66.0   0.0    93   312   429   641   349   655 0.84 -
CE14.hmm             -            124 KW1-S21_196_cg298_1  -            857   4.2e-19   64.8   0.5   1   1   3.1e-21     2e-18   62.7   0.0     1   121    56   175    56   180 0.88 -
GT4.hmm              -            160 KW1-S21_196_cg298_2  -            337   3.7e-44  145.5   0.0   1   1   1.6e-46   5.2e-44  145.0   0.0     6   157   154   302   149   305 0.97 -
GT5.hmm              -            472 KW1-S21_196_cg298_2  -            337   3.2e-20   67.5   0.0   1   1   1.2e-22     4e-20   67.2   0.0   202   471    29   329     6   330 0.80 -
GT81.hmm             -            293 KW1-S21_196_cg302_18 -            421   2.3e-66  219.0   0.0   1   1   4.8e-69   3.1e-66  218.5   0.0    21   264    16   255     6   292 0.93 -
GT83.hmm             -            540 KW1-S21_196_cg304_3  -            577   1.6e-15   51.9  30.9   1   1   4.3e-15   2.8e-12   41.2  27.8    65   359    97   397    90   425 0.76 -
AA3.hmm              -            618 KW1-S21_196_cg305_2  -            502     7e-45  148.8   0.0   1   1   3.7e-47   7.9e-45  148.6   0.0    87   401     3   498     1   501 0.78 -
AA3_2.hmm            -            568 KW1-S21_196_cg305_2  -            502   9.3e-33  109.0   0.0   1   1   1.6e-26   3.5e-24   80.7   0.0     2   316     5   293     4   305 0.78 -
AA3.hmm              -            618 KW1-S21_196_cg307_8  -            502   6.6e-47  155.4   0.0   1   1   4.6e-49   7.4e-47  155.3   0.0    87   401     3   498     1   501 0.76 -
AA3_2.hmm            -            568 KW1-S21_196_cg307_8  -            502   4.8e-37  123.1   0.0   1   1   3.9e-28   6.3e-26   86.4   0.0     2   313     5   289     4   304 0.80 -
AA3_1.hmm            -            548 KW1-S21_196_cg307_8  -            502   1.9e-25   84.7   1.0   1   1   6.5e-15     1e-12   42.7   0.2    13   282     2   265     1   267 0.71 -
GT4.hmm              -            160 KW1-S21_196_cg308_6  -            365   2.2e-40  133.2   0.0   1   1     1e-42   3.3e-40  132.7   0.0    11   159   184   330   178   331 0.98 -
GT5.hmm              -            472 KW1-S21_196_cg308_6  -            365   2.1e-19   64.7   0.0   1   1   1.5e-21   4.7e-19   63.6   0.0   291   471   181   355   170   356 0.90 -
GT2_Glycos_transf_2.hmm PF00535.25   170 KW1-S21_196_cg308_7  -            262     1e-17   59.7   0.0   1   1   2.7e-20   1.8e-17   59.0   0.0     1   142     5   137     5   153 0.81 Glycosyl transferase family 2
GT2_Glycos_transf_2.hmm PF00535.25   170 KW1-S21_196_cg308_8  -            352   2.7e-16   55.1   0.0   1   1   6.5e-19   4.2e-16   54.5   0.0     1   169     6   188     6   189 0.88 Glycosyl transferase family 2
AA12.hmm             -            401 KW1-S21_196_cg312_10 -            383   3.2e-20   67.3   0.0   1   1   1.8e-19   1.2e-16   55.6   0.0    13   343    45   331    35   339 0.82 -
CE10.hmm             -            341 KW1-S21_196_cg312_14 -            332   1.2e-38  128.8   0.0   1   1   2.4e-41   1.6e-38  128.5   0.0    69   308    39   270    19   295 0.75 -
GT2_Glyco_tranf_2_3.hmm PF13641.5    230 KW1-S21_196_cg323_5  -            336   2.7e-15   52.2   0.0   1   1   6.1e-18   3.9e-15   51.6   0.0     4   208     9   225     7   255 0.81 Glycosyltransferase like family 2
GT2_Glycos_transf_2.hmm PF00535.25   170 KW1-S21_196_cg323_6  -            287   3.5e-23   77.6   0.0   1   1   6.7e-26   4.3e-23   77.3   0.0     1   131     4   130     4   195 0.79 Glycosyl transferase family 2
GT4.hmm              -            160 KW1-S21_196_cg323_8  -            374   6.7e-16   53.7   0.0   1   1   1.8e-18   1.1e-15   52.9   0.0     9   157   198   341   193   344 0.91 -
AA3.hmm              -            618 KW1-S21_196_cg330_5  -            506   1.1e-48  161.3   0.0   1   1     8e-51   1.3e-48  161.1   0.0    88   397     4   498     1   504 0.77 -
AA3_2.hmm            -            568 KW1-S21_196_cg330_5  -            506   5.1e-38  126.3   0.0   1   1   1.5e-29   2.4e-27   91.1   0.0     2   312     5   291     4   303 0.79 -
AA3_1.hmm            -            548 KW1-S21_196_cg330_5  -            506   5.1e-29   96.5   0.0   1   1   2.6e-20   4.2e-18   60.5   0.0    13   282     2   268     1   270 0.84 -
AA7.hmm              -            458 KW1-S21_196_cg333_3  -            968   7.8e-16   54.0   0.0   1   1   1.5e-16   9.5e-14   47.1   0.0    12   148    40   179    36   189 0.87 -
GT2_Glyco_tranf_2_3.hmm PF13641.5    230 KW1-S21_196_cg340_1  -            201   1.4e-24   82.5   0.0   1   1   5.4e-27   1.7e-24   82.2   0.0     1   122    46   165    46   187 0.93 Glycosyltransferase like family 2
GT2_Glycos_transf_2.hmm PF00535.25   170 KW1-S21_196_cg340_1  -            201   3.3e-24   80.9   0.0   1   1   1.3e-26   4.1e-24   80.6   0.0     1   106    49   157    49   181 0.92 Glycosyl transferase family 2
CBM9.hmm             -            182 KW1-S21_196_cg349_2  -            742   1.6e-22   75.8   0.0   1   1   5.5e-25   3.5e-22   74.7   0.0     1   153    66   229    66   239 0.88 -
GT4.hmm              -            160 KW1-S21_196_cg360_7  -            425   1.4e-16   55.8   0.0   1   1   4.8e-19   3.1e-16   54.8   0.0    12   152   224   381   218   386 0.81 -
GT51.hmm             -            177 KW1-S21_196_cg366_7  -            755     2e-59  195.3   0.0   1   1   5.4e-62   3.4e-59  194.6   0.0     1   177    66   241    66   241 0.98 -
AA7.hmm              -            458 KW1-S21_196_cg390_14 -            587   3.2e-15   52.0   0.0   1   1   5.9e-16   3.8e-13   45.2   0.0    10   202   127   331   121   415 0.88 -
GT41.hmm             -            705 KW1-S21_196_cg396_10 -            693   3.9e-77  255.6  63.6   1   3   3.8e-16   2.4e-13   44.7   0.1    80   191   192   309   178   316 0.88 -
GT41.hmm             -            705 KW1-S21_196_cg396_10 -            693   3.9e-77  255.6  63.6   2   3   1.2e-15   7.9e-13   43.0   2.6    80   191   444   561   437   567 0.90 -
GT41.hmm             -            705 KW1-S21_196_cg396_10 -            693   3.9e-77  255.6  63.6   3   3   5.3e-18   3.4e-15   50.9   1.0    84   191   490   603   487   610 0.89 -
CBM9.hmm             -            182 KW1-S21_196_cg403_2  -            728   7.1e-21   70.4   3.2   1   1     3e-23   1.9e-20   69.0   3.2     1   148    50   207    50   218 0.87 -
AA3.hmm              -            618 KW1-S21_196_cg410_10 -            507   4.5e-39  129.6   0.0   1   1   4.1e-41   5.3e-39  129.3   0.0    87   378     3   479     1   500 0.76 -
AA3_2.hmm            -            568 KW1-S21_196_cg410_10 -            507   2.2e-31  104.4   0.2   1   1   7.1e-26   9.1e-24   79.3   0.3     1   322     4   301     4   335 0.79 -
AA3_1.hmm            -            548 KW1-S21_196_cg410_10 -            507   2.4e-22   74.4   5.9   1   1   2.6e-21   3.3e-19   64.1   5.9    15   524     4   478     1   501 0.70 -
CBM50.hmm            -             40 KW1-S21_196_cg412_2  -            544   1.1e-23   78.6   0.2   1   1   3.1e-16     1e-13   46.8   0.1     1    39   482   524   482   524 0.87 -
GH23.hmm             -            135 KW1-S21_196_cg412_2  -            544   1.2e-23   79.4   0.1   1   1     6e-26   1.9e-23   78.7   0.1    10   120   195   322   186   334 0.89 -
GT41.hmm             -            705 KW1-S21_196_cg414_2  -            257   8.7e-18   59.4   0.3   1   1   1.9e-20   1.2e-17   59.0   0.3    65   255    51   248    29   252 0.78 -
GT2_Glycos_transf_2.hmm PF00535.25   170 KW1-S21_196_cg419_2  -            346   3.8e-27   90.5   0.0   1   1   2.4e-29     5e-27   90.1   0.0     1    98    19   119    19   189 0.91 Glycosyl transferase family 2
GT2_Glyco_tranf_2_3.hmm PF13641.5    230 KW1-S21_196_cg419_2  -            346   1.7e-18   62.6   0.0   1   1   2.1e-20   4.4e-18   61.3   0.0     4   203    18   216    16   240 0.86 Glycosyltransferase like family 2
GT27.hmm                -            295 KW1-S21_196_cg419_2  -            346   2.1e-16   55.4   0.0   1   1   2.5e-15   5.4e-13   44.2   0.0     1   101    19   119    19   134 0.82 -
GT83.hmm             -            540 KW1-S21_196_cg419_3  -            526   2.5e-23   77.7  50.6   1   1   7.5e-26   4.8e-23   76.7  50.6    19   361    23   365     3   428 0.69 -
CBM9.hmm             -            182 KW1-S21_196_cg430_1  -            751   1.4e-20   69.4   0.5   1   1   4.2e-22   2.7e-19   65.3   0.2     1   148    75   233    75   253 0.86 -
GT9.hmm              -            225 KW1-S21_196_cg431_3  -            346   1.4e-54  180.7   0.0   1   1   2.8e-57   1.8e-54  180.3   0.0     3   217    79   323    77   329 0.86 -
GT9.hmm              -            225 KW1-S21_196_cg431_7  -             99   6.2e-26   87.0   0.1   1   1   1.1e-28   7.1e-26   86.8   0.1   150   221     2    72     1    76 0.94 -
#
# Program:         hmmscan
# Version:         3.3.1 (Jul 2020)
# Pipeline mode:   SCAN
# Query file:      /beegfs/home/lxd/2_sea_metagenomics/6.metabat2/bins_redup_refinem_drep/derep_70_10/derepbins_prodigal/KW1-S21_196.proteins.faa
# Target file:     /beegfs/home/lxd/4_salt_metagenomics/tools/CAZy/dbCAN-HMMdb-V8.txt
# Option settings: hmmscan --tblout KW1-S21_196.tbl --domtblout KW1-S21_196_dom.tbl --acc --noali --notextw -E 1e-14 --domE 1e-14 --cpu 30 /beegfs/home/lxd/4_salt_metagenomics/tools/CAZy/dbCAN-HMMdb-V8.txt /beegfs/home/lxd/2_sea_metagenomics/6.metabat2/bins_redup_refinem_drep/derep_70_10/derepbins_prodigal/KW1-S21_196.proteins.faa 
# Current dir:     /beegfs/home/lxd/2_sea_metagenomics/6.metabat2/bins_redup_refinem_drep/derep_70_10/derepbins_cazy
# Date:            Thu Mar  4 18:52:40 2021
# [ok]
