#                                                                            --- full sequence --- -------------- this domain -------------   hmm coord   ali coord   env coord
# target name        accession   tlen query name           accession   qlen   E-value  score  bias   #  of  c-Evalue  i-Evalue  score  bias  from    to  from    to  from    to  acc description of target
#------------------- ---------- ----- -------------------- ---------- ----- --------- ------ ----- --- --- --------- --------- ------ ----- ----- ----- ----- ----- ----- ----- ---- ---------------------
GT2_Glycos_transf_2.hmm PF00535.25   170 KW1-S15_14_cg3_1     -            164   1.7e-20   68.8   0.1   1   1   3.7e-23   2.3e-20   68.4   0.1     4    95    55   149    54   163 0.90 Glycosyl transferase family 2
GT9.hmm              -            225 KW1-S15_14_cg24_1    -            282     1e-41  138.6   0.1   1   1   2.1e-44   1.3e-41  138.2   0.1     3   170    86   282    84   282 0.88 -
GT41.hmm             -            705 KW1-S15_14_cg27_2    -            477   1.1e-42  141.7  10.9   1   2   1.7e-18   1.1e-15   52.5   0.9    73   191    58   201    41   269 0.86 -
GT41.hmm             -            705 KW1-S15_14_cg27_2    -            477   1.1e-42  141.7  10.9   2   2   1.4e-16   8.9e-14   46.2   0.1    85   191   359   455   353   465 0.89 -
CE4.hmm              -            130 KW1-S15_14_cg31_2    -           1097   2.3e-30  100.8   0.0   1   1   1.1e-32   6.9e-30   99.2   0.0     8   125   791   930   785   934 0.89 -
GH74.hmm             -            233 KW1-S15_14_cg34_1    -            461   1.1e-35  118.4  10.5   1   1   1.4e-16     9e-14   46.7   0.2    36   128   284   390   272   398 0.81 -
GT28.hmm             -            157 KW1-S15_14_cg39_2    -            383   6.4e-44  144.8   0.3   1   1   1.4e-46   8.7e-44  144.3   0.3     1   156   196   365   196   366 0.92 -
GH133.hmm            -            372 KW1-S15_14_cg55_3    -            690  3.4e-119  393.3   0.0   1   1  2.3e-121  4.9e-119  392.8   0.0    10   372   299   654   293   654 0.96 -
GH13_25.hmm          -            434 KW1-S15_14_cg55_3    -            690   6.1e-36  119.2   0.0   1   2   2.2e-21   4.7e-19   63.5   0.0     7    91   304   384   299   398 0.88 -
GH13_25.hmm          -            434 KW1-S15_14_cg55_3    -            690   6.1e-36  119.2   0.0   2   2   2.8e-18     6e-16   53.3   0.0   190   431   436   650   414   653 0.82 -
GH78.hmm             -            504 KW1-S15_14_cg55_3    -            690   3.5e-15   50.9   0.0   1   1   2.5e-17   5.3e-15   50.3   0.0   149   320   312   502   310   523 0.84 -
GT4.hmm              -            160 KW1-S15_14_cg56_8    -            341   4.6e-38  125.7   0.0   1   1   1.4e-40     9e-38  124.8   0.0     8   157   160   306   155   310 0.96 -
GT2_Glycos_transf_2.hmm PF00535.25   170 KW1-S15_14_cg79_2    -            322   1.9e-33  111.0   0.0   1   1   1.5e-35   4.9e-33  109.6   0.0     1   166    18   179    18   183 0.78 Glycosyl transferase family 2
GT2_Glyco_tranf_2_3.hmm PF13641.5    230 KW1-S15_14_cg79_2    -            322     8e-18   60.4   0.1   1   1   7.7e-20   2.5e-17   58.8   0.1     4   124    17   131    14   296 0.78 Glycosyltransferase like family 2
GT4.hmm              -            160 KW1-S15_14_cg81_9    -            403   9.2e-36  118.2   0.0   1   1   3.9e-38   1.3e-35  117.8   0.0     6   157   217   366   212   369 0.93 -
GT5.hmm              -            472 KW1-S15_14_cg81_9    -            403     5e-17   56.9   0.0   1   1   2.1e-19   6.8e-17   56.5   0.0   198   471   155   393   125   394 0.84 -
CE10.hmm             -            341 KW1-S15_14_cg90_2    -            681   2.2e-26   88.6   0.1   1   1   1.2e-28   3.7e-26   87.8   0.1    45   318   362   635   318   641 0.71 -
CE1.hmm              -            227 KW1-S15_14_cg90_2    -            681   5.5e-17   57.5   0.0   1   1     5e-19   1.6e-16   56.0   0.0    19   209   412   627   402   636 0.78 -
GT41.hmm             -            705 KW1-S15_14_cg96_3    -            496   5.1e-31  103.2  15.3   1   1   4.3e-15   2.8e-12   41.2   0.4    75   191    81   187    66   196 0.91 -
GH74.hmm             -            233 KW1-S15_14_cg108_1   -            270   2.1e-28   94.6   6.0   1   1   1.1e-16   6.8e-14   47.1   0.0    39   116   163   251   143   270 0.80 -
CE10.hmm             -            341 KW1-S15_14_cg121_7   -            696     2e-23   78.8   0.1   1   1   1.4e-25   4.5e-23   77.7   0.1    87   325   449   677   412   681 0.80 -
CE7.hmm              -            313 KW1-S15_14_cg121_7   -            696   2.8e-15   51.3   0.0   1   1   6.6e-17   2.1e-14   48.4   0.0    53   311   427   674   412   676 0.80 -
GT2_Glycos_transf_2.hmm PF00535.25   170 KW1-S15_14_cg133_5   -            387   1.8e-32  107.8   0.0   1   1   4.1e-35   2.6e-32  107.3   0.0     1   166    56   223    56   226 0.95 Glycosyl transferase family 2
GH10.hmm             -            303 KW1-S15_14_cg135_4   -            477   1.3e-17   59.2   0.0   1   1     3e-20   1.9e-17   58.7   0.0     9   266   171   441   165   449 0.85 -
GT4.hmm              -            160 KW1-S15_14_cg157_5   -            361   1.5e-21   72.0   0.0   1   1   3.8e-24   2.4e-21   71.4   0.0    23   157   195   329   180   333 0.94 -
GT41.hmm             -            705 KW1-S15_14_cg163_2   -            370   3.4e-21   70.7   0.2   1   1   2.4e-17   1.6e-14   48.7   0.5    23   191    81   239    66   241 0.87 -
GT4.hmm              -            160 KW1-S15_14_cg174_2   -            419   7.4e-31  102.3   0.0   1   1   4.6e-33   1.5e-30  101.3   0.0     8   151   218   363   213   371 0.91 -
GT5.hmm              -            472 KW1-S15_14_cg174_2   -            419   2.7e-16   54.5   0.0   1   1     3e-18   9.5e-16   52.7   0.0   240   437   185   362   166   395 0.83 -
CE4.hmm              -            130 KW1-S15_14_cg174_4   -            345   4.3e-25   83.7   0.0   1   1   1.9e-27   1.2e-24   82.3   0.0     8   124    88   285    82   290 0.83 -
GT2_Glycos_transf_2.hmm PF00535.25   170 KW1-S15_14_cg183_1   -            148   1.8e-19   65.5   0.0   1   1   3.3e-22   2.1e-19   65.2   0.0     2   102    47   148    46   148 0.98 Glycosyl transferase family 2
GT2_Glycos_transf_2.hmm PF00535.25   170 KW1-S15_14_cg187_3   -            419   1.2e-22   75.8   0.0   1   1   8.3e-25   1.8e-22   75.3   0.0     3   166    54   222    52   226 0.85 Glycosyl transferase family 2
GT2_Glyco_tranf_2_3.hmm PF13641.5    230 KW1-S15_14_cg187_3   -            419   9.5e-21   70.0   0.0   1   1   6.4e-23   1.4e-20   69.5   0.0     1   205    49   256    49   277 0.89 Glycosyltransferase like family 2
GT21.hmm                -            233 KW1-S15_14_cg187_3   -            419   1.4e-16   56.0   0.0   1   1   9.4e-19     2e-16   55.5   0.0     1   208    49   257    49   278 0.84 -
GT2_Glycos_transf_2.hmm PF00535.25   170 KW1-S15_14_cg193_3   -            288   3.4e-19   64.6   0.0   1   1   7.6e-22   4.9e-19   64.1   0.0     1   140     4   134     4   158 0.83 Glycosyl transferase family 2
CE14.hmm             -            124 KW1-S15_14_cg194_4   -            251     1e-20   70.0   0.0   1   1   3.9e-23   2.5e-20   68.8   0.0     4   121    11   112     8   115 0.92 -
GT35.hmm             -            674 KW1-S15_14_cg197_1   -            434   4.3e-77  255.4   0.0   1   1   6.2e-77     4e-74  245.5   0.0   358   557     3   217     1   245 0.93 -
GT4.hmm              -            160 KW1-S15_14_cg201_3   -            393   1.2e-24   82.1   0.0   1   1     3e-27   1.9e-24   81.4   0.0     8   158   206   354   200   356 0.90 -
GT9.hmm              -            225 KW1-S15_14_cg201_7   -            361   1.9e-54  180.3   0.0   1   1   4.1e-57   2.6e-54  179.8   0.0     4   222    82   331    80   334 0.88 -
GT2_Glycos_transf_2.hmm PF00535.25   170 KW1-S15_14_cg234_3   -            855   1.3e-18   62.7   0.0   1   1   4.1e-20   8.7e-18   60.0   0.0     2   111     8   123     7   197 0.85 Glycosyl transferase family 2
GT4.hmm                 -            160 KW1-S15_14_cg234_3   -            855   1.9e-18   61.9   0.0   1   1   1.9e-20   4.1e-18   60.9   0.0    12   135   668   790   659   812 0.84 -
GT2_Glyco_tranf_2_3.hmm PF13641.5    230 KW1-S15_14_cg234_3   -            855   1.1e-16   56.7   0.0   1   1   1.9e-18   4.1e-16   54.9   0.0     1   206     4   202     3   207 0.82 Glycosyltransferase like family 2
GT2_Glycos_transf_2.hmm PF00535.25   170 KW1-S15_14_cg252_2   -            486   1.2e-25   85.5   0.0   1   1   8.3e-28   2.6e-25   84.5   0.0     1   127   250   376   250   407 0.92 Glycosyl transferase family 2
GT81.hmm                -            293 KW1-S15_14_cg252_2   -            486   2.6e-17   57.9   0.0   1   1   1.2e-19     4e-17   57.3   0.0    19   144   245   361   230   368 0.88 -
GH38.hmm             -            269 KW1-S15_14_cg255_4   -            513     3e-49  163.2   0.0   1   1     7e-52   4.5e-49  162.7   0.0     3   265    40   307    38   310 0.89 -
GH109.hmm            -            126 KW1-S15_14_cg258_4   -            341   2.1e-17   59.0   0.0   1   1   9.4e-20   6.1e-17   57.5   0.0     3   125     7   120     5   121 0.90 -
GT2_Glycos_transf_2.hmm PF00535.25   170 KW1-S15_14_cg279_3   -            317   1.3e-29   98.5   0.0   1   1   8.5e-32   1.8e-29   98.0   0.0     1   120     7   122     7   165 0.89 Glycosyl transferase family 2
GT2_Glyco_tranf_2_2.hmm PF10111.8    276 KW1-S15_14_cg279_3   -            317   2.6e-18   61.7   0.0   1   1   1.6e-20   3.4e-18   61.4   0.0     1   206     7   192     7   237 0.81 Glycosyltransferase like family 2
GT2_Glyco_tranf_2_3.hmm PF13641.5    230 KW1-S15_14_cg279_3   -            317   1.1e-17   60.0   0.0   1   1   1.1e-19   2.4e-17   58.9   0.0     1   194     4   185     4   187 0.85 Glycosyltransferase like family 2
GT2_Glycos_transf_2.hmm PF00535.25   170 KW1-S15_14_cg305_2   -            502   9.7e-31  102.1   0.0   1   1   4.9e-33   1.6e-30  101.5   0.0     1   167   126   297   126   300 0.89 Glycosyl transferase family 2
GT2_Glyco_tranf_2_3.hmm PF13641.5    230 KW1-S15_14_cg305_2   -            502   1.9e-29   98.5   0.3   1   1   8.3e-32   2.6e-29   98.0   0.3     1   228   123   359   123   361 0.87 Glycosyltransferase like family 2
GT2_Glycos_transf_2.hmm PF00535.25   170 KW1-S15_14_cg305_9   -            314   9.7e-24   79.4   0.0   1   1   2.4e-26   1.5e-23   78.7   0.0     3   166     6   165     4   169 0.94 Glycosyl transferase family 2
GH97.hmm             -            631 KW1-S15_14_cg307_2   -            160   3.4e-56  185.9   0.0   1   1   5.8e-59   3.7e-56  185.7   0.0   490   630     1   146     1   147 0.98 -
CE4.hmm              -            130 KW1-S15_14_cg309_6   -            310   3.2e-23   77.7   0.0   1   1   1.6e-25     1e-22   76.0   0.0    20   127    64   175    32   177 0.84 -
GT35.hmm             -            674 KW1-S15_14_cg318_1   -            776  1.6e-141  468.3   0.0   1   2   9.5e-20   6.1e-17   56.6   0.2    21    68    47    95    40   103 0.94 -
GT35.hmm             -            674 KW1-S15_14_cg318_1   -            776  1.6e-141  468.3   0.0   2   2    1e-124  6.4e-122  403.5   0.0   209   551   193   553   183   566 0.97 -
GT4.hmm              -            160 KW1-S15_14_cg319_2   -            389   4.5e-15   51.0   0.0   1   1   1.4e-17   8.8e-15   50.0   0.0    62   123   251   311   220   359 0.81 -
GT41.hmm             -            705 KW1-S15_14_cg325_4   -            451   5.6e-17   56.8  17.2   1   1     8e-15   5.1e-12   40.4   4.5    68   191   139   252   135   357 0.87 -
GT2_Glycos_transf_2.hmm PF00535.25   170 KW1-S15_14_cg331_3   -            313   5.7e-23   76.9   0.0   1   1   1.8e-25   1.2e-22   75.8   0.0     1   168    56   211    56   213 0.90 Glycosyl transferase family 2
GT2_Glycos_transf_2.hmm PF00535.25   170 KW1-S15_14_cg342_2   -            235   1.4e-29   98.4   0.0   1   1     3e-32   1.9e-29   97.9   0.0     1   121     8   128     8   154 0.94 Glycosyl transferase family 2
CBM44.hmm            -             64 KW1-S15_14_cg350_1   -            585   3.6e-32  105.7   6.7   1   2   4.2e-15   2.7e-12   42.0   0.3     7    63   156   211   154   212 0.93 -
CBM44.hmm            -             64 KW1-S15_14_cg350_1   -            585   3.6e-32  105.7   6.7   2   2   7.4e-18   4.8e-15   50.8   1.1     7    60   245   297   240   303 0.92 -
GT2_Glycos_transf_2.hmm PF00535.25   170 KW1-S15_14_cg351_2   -            285   7.8e-26   86.2   0.0   1   1   1.7e-28   1.1e-25   85.7   0.0     2   133     5   145     4   186 0.84 Glycosyl transferase family 2
GT9.hmm              -            225 KW1-S15_14_cg355_2   -            353   2.2e-34  114.6   0.2   1   1   4.6e-37   2.9e-34  114.2   0.2     5   202    88   300    83   331 0.79 -
GT89.hmm             -            556 KW1-S15_14_cg364_5   -            293   3.5e-22   73.7  13.2   1   1   6.4e-25   4.1e-22   73.5  13.2    24   199   122   291    99   293 0.84 -
CE1.hmm              -            227 KW1-S15_14_cg366_1   -            430   2.6e-16   55.4   0.0   1   1     6e-19   3.9e-16   54.8   0.0    11   218   198   413   192   418 0.76 -
GT2_Glycos_transf_2.hmm PF00535.25   170 KW1-S15_14_cg374_2   -            254   3.6e-33  110.1   0.1   1   1   1.4e-35   4.5e-33  109.7   0.1     2   168     5   165     4   167 0.89 Glycosyl transferase family 2
GT2_Glyco_tranf_2_3.hmm PF13641.5    230 KW1-S15_14_cg374_2   -            254     2e-15   52.6   0.0   1   1   8.1e-18   2.6e-15   52.2   0.0     4   211     3   200     1   221 0.83 Glycosyltransferase like family 2
GT4.hmm              -            160 KW1-S15_14_cg382_4   -            115   1.3e-15   52.8   0.0   1   1   2.4e-18   1.5e-15   52.5   0.0    72   151     2    78     1    84 0.85 -
CE10.hmm             -            341 KW1-S15_14_cg387_2   -            720   2.6e-24   81.7   0.3   1   1   1.4e-26   4.6e-24   80.9   0.3    81   309   421   656   350   679 0.74 -
CE1.hmm              -            227 KW1-S15_14_cg387_2   -            720   1.7e-19   65.8   0.1   1   1   1.1e-21   3.5e-19   64.7   0.1    17   209   442   657   434   671 0.76 -
GT2_Glycos_transf_2.hmm PF00535.25   170 KW1-S15_14_cg388_2   -            248   1.8e-23   78.5   0.0   1   1   8.3e-26   2.7e-23   77.9   0.0     2   124    10   122     9   169 0.89 Glycosyl transferase family 2
GT81.hmm                -            293 KW1-S15_14_cg388_2   -            248     4e-19   63.9   0.3   1   1   1.9e-21     6e-19   63.3   0.3    21   146     6   112     2   128 0.90 -
CE1.hmm              -            227 KW1-S15_14_cg396_2   -            327   1.4e-19   66.0   0.0   1   1   2.8e-22   1.8e-19   65.7   0.0    13   141    59   200    49   290 0.73 -
GT41.hmm             -            705 KW1-S15_14_cg397_1   -            397   6.2e-26   86.4   4.2   1   1   1.3e-18   8.5e-16   52.9   0.2    57   191   103   227    91   228 0.92 -
GT41.hmm             -            705 KW1-S15_14_cg400_2   -            898   2.3e-52  173.7  23.0   1   3   5.1e-19   3.3e-16   54.2   0.0    83   191   482   580   464   580 0.88 -
GT41.hmm             -            705 KW1-S15_14_cg400_2   -            898   2.3e-52  173.7  23.0   2   3   1.1e-18   6.9e-16   53.2   1.1   117   191   573   648   572   651 0.92 -
GT41.hmm             -            705 KW1-S15_14_cg400_2   -            898   2.3e-52  173.7  23.0   3   3   2.3e-15   1.5e-12   42.2   0.0   123   191   648   716   646   721 0.91 -
GH74.hmm             -            233 KW1-S15_14_cg405_5   -            780   8.4e-51  167.9  18.1   1   1   1.8e-15   1.1e-12   43.1   0.0    48   124   208   286   194   293 0.88 -
AA3.hmm              -            618 KW1-S15_14_cg411_3   -            490   1.5e-38  127.8   0.0   1   1   9.1e-41   1.9e-38  127.5   0.0    90   399     3   487     1   488 0.70 -
AA1.hmm              -            943 KW1-S15_14_cg412_2   -            555   7.5e-77  254.7   7.4   1   2   8.1e-60   1.3e-57  191.0   1.0   443   680    40   318    26   331 0.88 -
AA1.hmm              -            943 KW1-S15_14_cg412_2   -            555   7.5e-77  254.7   7.4   2   2   1.9e-22   3.1e-20   67.3   0.7   463   550   455   545   445   552 0.86 -
AA1_2.hmm            -            337 KW1-S15_14_cg412_2   -            555   3.4e-53  176.1   1.1   1   1   5.3e-50   8.5e-48  158.3   0.0     2   226    47   309    46   322 0.91 -
AA1_3.hmm            -            312 KW1-S15_14_cg412_2   -            555     5e-53  175.6   1.9   1   1   2.6e-49   4.2e-47  156.1   0.1    14   261    29   307    21   322 0.87 -
AA1_1.hmm            -            303 KW1-S15_14_cg412_2   -            555   3.9e-35  116.7   0.7   1   1     2e-25   3.3e-23   77.5   0.1     4   162    43   188    40   199 0.84 -
CE1.hmm              -            227 KW1-S15_14_cg417_2   -            381   8.3e-22   73.3   0.0   1   1   2.1e-24   1.4e-21   72.6   0.0     9   210   178   363   172   375 0.75 -
CE7.hmm              -            313 KW1-S15_14_cg418_4   -            264   9.5e-17   56.1   0.0   1   1   2.2e-19   1.4e-16   55.5   0.0    47   207    24   176    14   188 0.88 -
GT41.hmm             -            705 KW1-S15_14_cg425_1   -            203     1e-21   72.4   0.0   1   1   3.4e-15   2.2e-12   41.6   0.0    93   191    17   105     7   107 0.86 -
GT4.hmm              -            160 KW1-S15_14_cg437_1   -            190   3.7e-19   64.2   0.0   1   1   7.4e-22   4.8e-19   63.9   0.0     9   157     2   147     1   150 0.96 -
GT41.hmm             -            705 KW1-S15_14_cg440_2   -            917   3.1e-23   77.4  10.3   1   1   2.8e-15   1.8e-12   41.9   0.9    64   197   480   621   429   622 0.73 -
GT41.hmm             -            705 KW1-S15_14_cg449_9   -            427   1.8e-21   71.6   4.1   1   1   5.3e-15   3.4e-12   40.9   0.0    63   191   257   375   238   379 0.87 -
GT41.hmm             -            705 KW1-S15_14_cg449_10  -            570   1.7e-48  160.9  15.6   1   3     1e-16   6.7e-14   46.6   0.3    50   191    81   212    24   214 0.86 -
GT41.hmm             -            705 KW1-S15_14_cg449_10  -            570   1.7e-48  160.9  15.6   2   3   8.9e-16   5.7e-13   43.5   0.5    81   191   180   280   179   282 0.97 -
GT41.hmm             -            705 KW1-S15_14_cg449_10  -            570   1.7e-48  160.9  15.6   3   3   6.9e-18   4.4e-15   50.5   0.1   103   191   395   480   349   482 0.71 -
GT41.hmm             -            705 KW1-S15_14_cg454_4   -            497   9.6e-37  122.1   6.9   1   1   6.3e-19     4e-16   53.9   0.1    63   191    71   224    55   290 0.84 -
GT2_Glycos_transf_2.hmm PF00535.25   170 KW1-S15_14_cg468_1   -            212   1.2e-28   95.3   0.0   1   1   2.3e-31   1.4e-28   95.1   0.0     1   132    13   147    13   178 0.90 Glycosyl transferase family 2
GT4.hmm              -            160 KW1-S15_14_cg488_1   -            784   3.5e-17   57.8   0.0   1   1   1.2e-19   7.5e-17   56.8   0.0     7   155   197   357   191   362 0.90 -
GH130.hmm            -            296 KW1-S15_14_cg488_2   -            327   1.8e-96  317.8   0.0   1   1   3.3e-99   2.1e-96  317.6   0.0     2   296    15   315    14   315 0.96 -
GH113.hmm            -            306 KW1-S15_14_cg495_2   -            345   5.9e-82  270.4   3.3   1   1   1.1e-84     7e-82  270.1   3.3    18   306    16   307     2   307 0.96 -
AA5.hmm              -           1281 KW1-S15_14_cg501_3   -            594   5.4e-71  234.8  13.3   1   1   1.7e-72   3.7e-70  232.0  13.3   624  1035   169   577   105   585 0.88 -
AA5_2.hmm            -            588 KW1-S15_14_cg501_3   -            594   4.2e-44  146.3   0.9   1   1   2.3e-36   4.9e-34  113.1   0.0   391   588   369   566   364   566 0.90 -
AA5_1.hmm            -            563 KW1-S15_14_cg501_3   -            594   3.6e-29   96.6   0.9   1   1   3.1e-19   6.6e-17   56.1   0.0   370   551   412   576   402   585 0.81 -
CE4.hmm              -            130 KW1-S15_14_cg504_2   -            295   2.4e-24   81.3   0.0   1   1     9e-27   5.8e-24   80.0   0.0    21   127    37   147     3   149 0.87 -
CE4.hmm              -            130 KW1-S15_14_cg504_5   -            334   4.4e-25   83.7   0.0   1   1   3.5e-26   2.3e-23   78.1   0.0    23   127    83   192    56   194 0.91 -
CE11.hmm             -            271 KW1-S15_14_cg523_1   -            149   6.3e-45  148.8   0.0   1   1   1.1e-47     7e-45  148.7   0.0     1   138    12   149    12   149 0.99 -
CE10.hmm             -            341 KW1-S15_14_cg530_2   -            254   2.4e-29   98.3   0.0   1   1   4.8e-32   3.1e-29   97.9   0.0    75   329    13   248     2   251 0.79 -
PL12.hmm             -            138 KW1-S15_14_cg554_2   -            756   1.3e-31  105.1   0.9   1   1   1.1e-33   2.3e-31  104.2   0.9     1   137   451   590   451   591 0.97 -
PL12_3.hmm           -            144 KW1-S15_14_cg554_2   -            756   1.5e-28   94.9   0.4   1   1   1.2e-30   2.5e-28   94.2   0.4    25   143   472   589   451   590 0.91 -
PL12_1.hmm           -            135 KW1-S15_14_cg554_2   -            756   4.8e-17   57.9   0.3   1   1   3.7e-19     8e-17   57.1   0.3     2   135   452   590   451   590 0.95 -
GT83.hmm             -            540 KW1-S15_14_cg562_1   -            541   4.3e-97  321.1  53.4   1   1  8.3e-100   5.3e-97  320.8  53.4    15   477     4   471     1   483 0.84 -
CE1.hmm              -            227 KW1-S15_14_cg566_1   -            574   1.8e-17   59.1   0.0   1   1   4.3e-20   2.8e-17   58.5   0.0     9   217   238   534   233   543 0.80 -
GT4.hmm              -            160 KW1-S15_14_cg579_1   -            384   2.1e-25   84.6   0.0   1   1   5.5e-28   3.5e-25   83.8   0.0     7   159   197   350   193   351 0.94 -
GT83.hmm             -            540 KW1-S15_14_cg587_4   -            484   4.3e-19   63.7  48.2   1   1   8.4e-18   5.4e-15   50.2  26.7    40   219    44   219     3   240 0.85 -
GT4.hmm              -            160 KW1-S15_14_cg593_5   -            400     1e-30  101.8   0.0   1   1   6.3e-32     4e-29   96.6   0.0     9   156   217   365   213   368 0.95 -
GT4.hmm              -            160 KW1-S15_14_cg597_1   -            390   4.6e-29   96.5   0.0   1   1   2.2e-31   7.1e-29   95.8   0.0    13   149   195   335   185   340 0.94 -
GT5.hmm              -            472 KW1-S15_14_cg597_1   -            390     3e-15   51.1   0.0   1   1   2.7e-15   8.6e-13   43.0   0.0   298   471   197   367   178   368 0.84 -
GT4.hmm              -            160 KW1-S15_14_cg597_2   -            422   1.7e-38  127.1   0.0   1   1   8.8e-41   2.8e-38  126.4   0.0    12   158   231   375   229   377 0.98 -
GT5.hmm              -            472 KW1-S15_14_cg597_2   -            422   1.1e-18   62.5   0.0   1   1   4.7e-21   1.5e-18   61.9   0.0   295   466   231   396   227   400 0.85 -
GH102.hmm            -            157 KW1-S15_14_cg627_3   -            409   4.6e-40  132.5   0.0   1   1   4.6e-42     3e-39  129.8   0.0     2   157   153   291   152   291 0.92 -
GT21.hmm                -            233 KW1-S15_14_cg638_2   -            458   7.6e-30   99.4   0.0   1   1   4.9e-32     1e-29   98.9   0.0     1   224    80   299    80   305 0.93 -
GT2_Glyco_tranf_2_3.hmm PF13641.5    230 KW1-S15_14_cg638_2   -            458   1.3e-16   56.5   0.1   1   1   9.5e-19     2e-16   55.8   0.1     1   226    80   303    79   306 0.79 Glycosyltransferase like family 2
GT2_Glycos_transf_2.hmm PF00535.25   170 KW1-S15_14_cg638_2   -            458   1.4e-16   56.1   0.0   1   1   1.1e-18   2.3e-16   55.4   0.0     2   167    84   249    83   251 0.84 Glycosyl transferase family 2
CE11.hmm             -            271 KW1-S15_14_cg642_4   -            438   1.6e-82  272.1   0.0   1   1   3.1e-85     2e-82  271.8   0.0     1   270     4   276     4   277 0.97 -
GT81.hmm             -            293 KW1-S15_14_cg643_1   -            116   5.4e-17   56.9   0.1   1   1     1e-19   6.4e-17   56.6   0.1    18   119    21   107     4   113 0.88 -
GT2_Glycos_transf_2.hmm PF00535.25   170 KW1-S15_14_cg645_4   -            271   4.8e-33  109.6   0.0   1   1   2.2e-35   7.1e-33  109.1   0.0     1   166    18   179    18   182 0.95 Glycosyl transferase family 2
GT81.hmm                -            293 KW1-S15_14_cg645_4   -            271   3.2e-15   51.1   0.0   1   1   1.4e-17   4.5e-15   50.6   0.0    18   140    12   124     3   134 0.86 -
AA5.hmm              -           1281 KW1-S15_14_cg648_1   -            413   2.8e-26   86.7   9.3   1   1   1.9e-19   6.1e-17   55.7   3.7   824   906   105   186    96   203 0.89 -
CE10.hmm             -            341 KW1-S15_14_cg649_3   -            336   4.9e-34  113.7   1.9   1   1   9.1e-37   5.8e-34  113.5   1.9    74   309    81   310    61   335 0.81 -
#
# Program:         hmmscan
# Version:         3.3.1 (Jul 2020)
# Pipeline mode:   SCAN
# Query file:      /beegfs/home/lxd/2_sea_metagenomics/6.metabat2/bins_redup_refinem_drep/derep_70_10/derepbins_prodigal/KW1-S15_14.proteins.faa
# Target file:     /beegfs/home/lxd/4_salt_metagenomics/tools/CAZy/dbCAN-HMMdb-V8.txt
# Option settings: hmmscan --tblout KW1-S15_14.tbl --domtblout KW1-S15_14_dom.tbl --acc --noali --notextw -E 1e-14 --domE 1e-14 --cpu 30 /beegfs/home/lxd/4_salt_metagenomics/tools/CAZy/dbCAN-HMMdb-V8.txt /beegfs/home/lxd/2_sea_metagenomics/6.metabat2/bins_redup_refinem_drep/derep_70_10/derepbins_prodigal/KW1-S15_14.proteins.faa 
# Current dir:     /beegfs/home/lxd/2_sea_metagenomics/6.metabat2/bins_redup_refinem_drep/derep_70_10/derepbins_cazy
# Date:            Thu Mar  4 16:10:20 2021
# [ok]
