#                                                                            --- full sequence --- -------------- this domain -------------   hmm coord   ali coord   env coord
# target name        accession   tlen query name           accession   qlen   E-value  score  bias   #  of  c-Evalue  i-Evalue  score  bias  from    to  from    to  from    to  acc description of target
#------------------- ---------- ----- -------------------- ---------- ----- --------- ------ ----- --- --- --------- --------- ------ ----- ----- ----- ----- ----- ----- ----- ---- ---------------------
AA4.hmm              -            522 KW1-S11_146_cg16_3   -            460   8.4e-28   92.5   0.0   1   1   2.9e-26   9.3e-24   79.2   0.0    15   249     9   231     2   247 0.79 -
AA7.hmm              -            458 KW1-S11_146_cg16_3   -            460   5.5e-21   71.0   3.7   1   1   6.6e-21   2.1e-18   62.5   4.6    13   216    43   254    38   301 0.87 -
GT4.hmm              -            160 KW1-S11_146_cg16_5   -            501   3.8e-27   90.2   0.0   1   1   1.4e-29   9.1e-27   89.0   0.0    10   159   274   443   268   444 0.83 -
GT2_Glycos_transf_2.hmm PF00535.25   170 KW1-S11_146_cg17_3   -            249     3e-16   55.0   0.0   1   1   1.1e-18   3.7e-16   54.7   0.0     2   132     9   137     8   174 0.90 Glycosyl transferase family 2
GT81.hmm                -            293 KW1-S11_146_cg17_3   -            249   3.1e-15   51.1   0.0   1   1   1.3e-17     4e-15   50.7   0.0    20   140     4   113     1   139 0.87 -
GT4.hmm              -            160 KW1-S11_146_cg18_3   -            351   3.3e-28   93.7   0.0   1   1   7.8e-31     5e-28   93.1   0.0     5   145   167   303   164   312 0.89 -
GH78.hmm             -            504 KW1-S11_146_cg18_4   -            722   3.8e-16   54.1   0.0   1   1   8.3e-19   5.3e-16   53.6   0.0   207   358   373   553   316   601 0.82 -
AA4.hmm              -            522 KW1-S11_146_cg24_9   -            498   9.2e-28   92.4   0.0   1   1   1.8e-23   5.6e-21   70.0   0.0     5   249     7   241     3   288 0.86 -
AA7.hmm              -            458 KW1-S11_146_cg24_9   -            498     4e-23   78.1   0.2   1   1   3.6e-24   1.2e-21   73.2   0.5    12   194    51   240    48   255 0.88 -
GT41.hmm             -            705 KW1-S11_146_cg27_6   -            193     1e-15   52.6   0.1   1   1   1.8e-18   1.1e-15   52.5   0.1    86   191    38   133    24   179 0.88 -
AA7.hmm              -            458 KW1-S11_146_cg28_5   -            977   7.3e-16   54.1   0.0   1   1   2.7e-17   8.5e-15   50.6   0.0    13   145    50   185    45   198 0.92 -
GT51.hmm             -            177 KW1-S11_146_cg34_10  -            852   3.3e-67  220.7   0.0   1   1   8.4e-70   5.4e-67  220.0   0.0     2   177    73   248    72   248 0.99 -
GH15.hmm             -            361 KW1-S11_146_cg35_1   -            392   1.5e-83  276.2   0.4   1   1   2.7e-86   1.7e-83  276.1   0.4     2   360     6   380     5   381 0.90 -
GH23.hmm             -            135 KW1-S11_146_cg37_4   -            211   1.1e-32  108.6   0.8   1   1     3e-35   1.9e-32  107.9   0.6    16   122    99   204    83   209 0.93 -
PL22.hmm             -            265 KW1-S11_146_cg39_35  -            439   1.3e-23   78.8   0.0   1   1   8.9e-16   5.7e-13   43.9   0.0   134   238   286   390   285   394 0.86 -
GT41.hmm             -            705 KW1-S11_146_cg42_6   -            217     8e-18   59.6   0.3   1   1     3e-20   1.9e-17   58.3   0.3    47   191    49   183    22   213 0.84 -
GT41.hmm             -            705 KW1-S11_146_cg46_6   -            562   1.1e-55  184.8  17.3   1   4   6.4e-20   4.1e-17   57.2   0.9   115   191    39   124     3   125 0.84 -
GT41.hmm             -            705 KW1-S11_146_cg46_6   -            562   1.1e-55  184.8  17.3   2   4   6.3e-17     4e-14   47.3   0.1   117   190   117   191   115   192 0.96 -
GT41.hmm             -            705 KW1-S11_146_cg46_6   -            562   1.1e-55  184.8  17.3   3   4   8.6e-20   5.5e-17   56.8   1.1   117   191   185   260   184   261 0.96 -
GT41.hmm             -            705 KW1-S11_146_cg46_6   -            562   1.1e-55  184.8  17.3   4   4   3.1e-17     2e-14   48.3   0.8   118   213   254   340   254   390 0.85 -
GT4.hmm              -            160 KW1-S11_146_cg47_1   -            337   3.7e-24   80.5   0.0   1   1   9.8e-27   6.3e-24   79.8   0.0     8   142   199   331   193   337 0.90 -
GT9.hmm              -            225 KW1-S11_146_cg47_2   -            339   3.4e-52  172.9   0.0   1   1   6.6e-55   4.2e-52  172.6   0.0     1   222    71   319    71   322 0.85 -
GT41.hmm             -            705 KW1-S11_146_cg53_90  -            598   9.6e-33  108.9  21.4   1   1   2.5e-18   1.6e-15   52.0   2.0    31   191   396   548   379   579 0.86 -
GH39.hmm             -            431 KW1-S11_146_cg64_23  -            928   9.2e-24   79.4   2.6   1   1   2.3e-26   1.5e-23   78.7   2.6    66   267   481   657   462   719 0.83 -
GT51.hmm             -            177 KW1-S11_146_cg64_40  -            265     1e-51  170.2   0.0   1   1     2e-54   1.3e-51  169.9   0.0    14   174    84   244    74   247 0.96 -
CE10.hmm             -            341 KW1-S11_146_cg64_47  -            642   3.3e-27   91.3   0.1   1   1   7.5e-30   4.8e-27   90.7   0.1    51   324   364   616   303   626 0.73 -
GH103.hmm            -            295 KW1-S11_146_cg76_3   -            333   3.9e-94  310.3   0.0   1   1   6.9e-97   4.4e-94  310.1   0.0     8   294    37   323    30   324 0.94 -
CBM50.hmm            -             40 KW1-S11_146_cg78_6   -            582   1.8e-30  100.3   2.8   1   2   4.9e-17   1.6e-14   49.4   0.2     1    40   449   491   449   491 0.90 -
CBM50.hmm            -             40 KW1-S11_146_cg78_6   -            582   1.8e-30  100.3   2.8   2   2   6.9e-16   2.2e-13   45.7   0.1     1    39   523   565   523   565 0.89 -
GH23.hmm             -            135 KW1-S11_146_cg78_6   -            582   1.9e-25   85.2   0.3   1   1   1.5e-27   4.8e-25   83.9   0.3     6   127   221   360   216   366 0.91 -
GH65.hmm             -            372 KW1-S11_146_cg80_5   -            786    6e-146  481.4   4.6   1   1  1.2e-148  7.9e-146  481.0   4.6     2   370   336   710   335   712 0.98 -
CE11.hmm             -            271 KW1-S11_146_cg80_10  -            318  4.8e-111  365.7   0.0   1   1  8.7e-114  5.6e-111  365.4   0.0     1   270     3   274     3   275 0.98 -
AA3_2.hmm            -            568 KW1-S11_146_cg89_6   -            536  3.7e-176  582.4   0.0   1   1  3.6e-178  4.6e-176  582.1   0.0     2   568     5   531     4   531 0.96 -
AA3.hmm              -            618 KW1-S11_146_cg89_6   -            536  1.5e-111  369.0   0.0   1   1  1.3e-113  1.6e-111  368.8   0.0    86   400     2   531     1   535 0.89 -
AA3_3.hmm            -            590 KW1-S11_146_cg89_6   -            536     2e-83  276.0   0.0   1   2   1.7e-63   2.2e-61  203.2   0.0     2   357     5   349     4   362 0.87 -
AA3_3.hmm            -            590 KW1-S11_146_cg89_6   -            536     2e-83  276.0   0.0   2   2   3.5e-19   4.5e-17   56.9   0.0   507   589   452   532   442   533 0.90 -
AA3_1.hmm            -            548 KW1-S11_146_cg89_6   -            536   2.9e-57  189.7   0.0   1   1   1.2e-58   1.5e-56  187.4   0.0    15   546     4   530     1   531 0.77 -
AA8.hmm              -            815 KW1-S11_146_cg89_6   -            536   5.6e-46  152.1   0.0   1   1   1.3e-46   1.6e-44  147.3   0.0   243   775     3   530     1   534 0.76 -
GT2_Glyco_tranf_2_3.hmm PF13641.5    230 KW1-S11_146_cg101_66 -            379     5e-22   74.2   0.1   1   1   2.5e-24   8.2e-22   73.5   0.1     3   203    44   244    43   272 0.82 Glycosyltransferase like family 2
GT2_Glycos_transf_2.hmm PF00535.25   170 KW1-S11_146_cg101_66 -            379   8.1e-18   60.1   0.0   1   1   3.4e-20   1.1e-17   59.7   0.0     1   170    46   216    46   216 0.95 Glycosyl transferase family 2
CE3.hmm              -            194 KW1-S11_146_cg106_6  -            214   4.8e-17   57.8   0.0   1   1   6.3e-19     4e-16   54.8   0.0     3   183    24   186    23   196 0.90 -
CE11.hmm             -            271 KW1-S11_146_cg112_26 -            310  2.3e-117  386.4   0.0   1   1  4.2e-120  2.7e-117  386.2   0.0     1   270     9   280     9   281 0.99 -
GT2_Glycos_transf_2.hmm PF00535.25   170 KW1-S11_146_cg113_10 -            287   9.6e-29   95.6   0.0   1   1   2.1e-31   1.4e-28   95.2   0.0     1   166     6   157     6   162 0.88 Glycosyl transferase family 2
GT4.hmm              -            160 KW1-S11_146_cg113_12 -            384   2.2e-15   52.0   0.0   1   1   6.9e-18   4.4e-15   51.0   0.0    12   154   203   348   195   353 0.92 -
GT2_Glycos_transf_2.hmm PF00535.25   170 KW1-S11_146_cg120_4  -            272   2.6e-17   58.5   0.0   1   1   6.5e-20   4.1e-17   57.8   0.0     1   166     9   180     9   183 0.81 Glycosyl transferase family 2
GT9.hmm              -            225 KW1-S11_146_cg120_27 -            357     3e-44  146.9   0.1   1   1   6.8e-47   4.3e-44  146.4   0.1     3   205    76   308    74   336 0.84 -
GT30.hmm             -            177 KW1-S11_146_cg120_29 -            422   3.3e-61  201.1   0.0   1   1   7.8e-64     5e-61  200.5   0.0     3   175    42   217    40   219 0.98 -
CE11.hmm             -            271 KW1-S11_146_cg127_2  -            304  3.5e-114  375.9   0.0   1   1  6.3e-117    4e-114  375.8   0.0     1   270     4   275     4   276 0.99 -
GT28.hmm             -            157 KW1-S11_146_cg127_8  -            354   6.6e-53  174.0   0.1   1   1   1.5e-55   9.6e-53  173.4   0.1     2   156   179   338   178   339 0.95 -
GH23.hmm             -            135 KW1-S11_146_cg129_3  -            223   4.2e-23   77.7   0.0   1   1   1.5e-25   9.5e-23   76.5   0.0     6   123    84   204    78   214 0.88 -
AA4.hmm              -            522 KW1-S11_146_cg133_2  -            466   6.3e-22   73.1   0.0   1   1   5.2e-19   3.3e-16   54.3   0.0    19   239    10   220     2   242 0.81 -
GH102.hmm            -            157 KW1-S11_146_cg137_1  -            385   6.9e-57  187.1   0.0   1   1   2.2e-59   1.4e-56  186.1   0.0     1   156   125   280   125   281 0.99 -
GT19.hmm             -            354 KW1-S11_146_cg145_25 -            391  4.2e-126  415.6   0.0   1   1  7.6e-129  4.9e-126  415.4   0.0     1   353    10   368    10   369 0.98 -
GH15.hmm             -            361 KW1-S11_146_cg160_6  -            140   1.5e-16   55.8   0.1   1   1   2.4e-19   1.6e-16   55.8   0.1   283   360    50   128    18   129 0.89 -
GH23.hmm             -            135 KW1-S11_146_cg161_17 -            671   5.2e-26   87.1   1.2   1   1   2.2e-28   1.4e-25   85.7   1.2     9   122   492   626   485   633 0.88 -
GT83.hmm             -            540 KW1-S11_146_cg161_19 -            597   9.3e-59  194.6  69.0   1   1   1.8e-61   1.2e-58  194.3  69.0     6   474    63   529    59   567 0.75 -
GH3.hmm              -            216 KW1-S11_146_cg173_6  -            334   1.1e-54  180.5   0.1   1   1   2.3e-57   1.5e-54  180.2   0.1    10   215    52   275    43   276 0.93 -
GT20.hmm             -            475 KW1-S11_146_cg181_2  -            518  3.5e-175  578.3   0.0   1   1  6.9e-178  4.4e-175  578.0   0.0     8   472     8   492     2   495 0.93 -
GT2_Glycos_transf_2.hmm PF00535.25   170 KW1-S11_146_cg189_5  -            287     1e-31  105.3   0.0   1   1   1.1e-33   1.7e-31  104.6   0.0     1   169     4   162     4   163 0.76 Glycosyl transferase family 2
GT2_Glyco_tranf_2_3.hmm PF13641.5    230 KW1-S11_146_cg189_5  -            287   5.6e-23   77.3   0.0   1   1   5.3e-25   8.4e-23   76.7   0.0     4   211     3   197     2   215 0.86 Glycosyltransferase like family 2
GT27.hmm                -            295 KW1-S11_146_cg189_5  -            287   2.7e-18   61.6   0.0   1   1     5e-19   8.1e-17   56.7   0.0     1   113     4   108     4   183 0.75 -
GT2_Glyco_tranf_2_2.hmm PF10111.8    276 KW1-S11_146_cg189_5  -            287   2.8e-18   61.6   0.0   1   1   9.1e-20   1.5e-17   59.3   0.0    15   223    16   206     4   227 0.80 Glycosyltransferase like family 2
CE12.hmm             -            210 KW1-S11_146_cg192_5  -            203   3.1e-16   55.2   0.0   1   1   6.6e-18   4.2e-15   51.5   0.0     1   210     2   196     2   196 0.82 -
GT4.hmm              -            160 KW1-S11_146_cg193_2  -            436     7e-33  108.9   0.0   1   1   1.7e-35   1.1e-32  108.3   0.0    10   159   248   402   243   403 0.96 -
GT4.hmm              -            160 KW1-S11_146_cg193_3  -            376   4.7e-27   89.9   0.0   1   1   2.3e-29   7.3e-27   89.3   0.0    39   158   221   341   187   343 0.88 -
GT5.hmm              -            472 KW1-S11_146_cg193_3  -            376   5.5e-17   56.8   0.0   1   1   2.2e-19   7.2e-17   56.4   0.0   277   457   179   353   161   368 0.75 -
GT1.hmm              -            382 KW1-S11_146_cg193_5  -            389   8.5e-16   54.2   7.6   1   1   1.7e-18   1.1e-15   53.8   7.6    40   370    18   368     9   377 0.85 -
GH130.hmm            -            296 KW1-S11_146_cg196_5  -            487   9.8e-56  184.1   0.0   1   1   7.4e-57   4.7e-54  178.5   0.0    65   293   259   482   215   485 0.86 -
AA6.hmm              -            195 KW1-S11_146_cg201_19 -            201     5e-69  227.0   0.0   1   1   8.6e-72   5.5e-69  226.8   0.0     2   194     4   193     3   194 0.96 -
GH23.hmm             -            135 KW1-S11_146_cg201_25 -            202   5.5e-22   74.0   0.0   1   1   1.3e-24   8.3e-22   73.5   0.0     8   118    93   191    88   199 0.88 -
CBM50.hmm            -             40 KW1-S11_146_cg206_8  -            734   3.3e-42  137.9   2.3   1   2   2.6e-16   8.5e-14   47.0   0.0     1    40   393   436   393   436 0.91 -
CBM50.hmm            -             40 KW1-S11_146_cg206_8  -            734   3.3e-42  137.9   2.3   2   2   2.7e-15   8.8e-13   43.8   0.0     1    39   465   507   465   507 0.92 -
GH23.hmm             -            135 KW1-S11_146_cg206_8  -            734   9.9e-19   63.5   0.4   1   1   7.8e-21   2.5e-18   62.2   0.4     4   105   154   275   151   303 0.83 -
GT41.hmm             -            705 KW1-S11_146_cg206_12 -            282   2.2e-22   74.6   8.3   1   1   8.7e-19   5.6e-16   53.5   1.2    76   190   134   238    49   239 0.72 -
CE10.hmm             -            341 KW1-S11_146_cg213_33 -            294   7.2e-42  139.5   0.2   1   1   1.6e-44     1e-41  139.0   0.2    59   333    32   284    25   287 0.86 -
#
# Program:         hmmscan
# Version:         3.3.1 (Jul 2020)
# Pipeline mode:   SCAN
# Query file:      /beegfs/home/lxd/2_sea_metagenomics/6.metabat2/bins_redup_refinem_drep/derep_70_10/derepbins_prodigal/KW1-S11_146.proteins.faa
# Target file:     /beegfs/home/lxd/4_salt_metagenomics/tools/CAZy/dbCAN-HMMdb-V8.txt
# Option settings: hmmscan --tblout KW1-S11_146.tbl --domtblout KW1-S11_146_dom.tbl --acc --noali --notextw -E 1e-14 --domE 1e-14 --cpu 30 /beegfs/home/lxd/4_salt_metagenomics/tools/CAZy/dbCAN-HMMdb-V8.txt /beegfs/home/lxd/2_sea_metagenomics/6.metabat2/bins_redup_refinem_drep/derep_70_10/derepbins_prodigal/KW1-S11_146.proteins.faa 
# Current dir:     /beegfs/home/lxd/2_sea_metagenomics/6.metabat2/bins_redup_refinem_drep/derep_70_10/derepbins_cazy
# Date:            Thu Mar  4 14:24:51 2021
# [ok]
