#                                                                            --- full sequence --- -------------- this domain -------------   hmm coord   ali coord   env coord
# target name        accession   tlen query name           accession   qlen   E-value  score  bias   #  of  c-Evalue  i-Evalue  score  bias  from    to  from    to  from    to  acc description of target
#------------------- ---------- ----- -------------------- ---------- ----- --------- ------ ----- --- --- --------- --------- ------ ----- ----- ----- ----- ----- ----- ----- ---- ---------------------
GT4.hmm              -            160 KW1-S21_160_cg2_4    -            373   9.8e-34  111.6   0.0   1   1   4.5e-36   1.4e-33  111.1   0.0    11   158   189   339   181   341 0.89 -
GT5.hmm              -            472 KW1-S21_160_cg2_4    -            373   5.1e-19   63.5   0.0   1   1   2.3e-21   7.5e-19   63.0   0.0   286   466   180   360   130   363 0.78 -
CE4.hmm              -            130 KW1-S21_160_cg3_7    -            413   1.7e-15   52.7   0.0   1   1   5.6e-18   3.6e-15   51.6   0.0     8   112    13   136     9   162 0.82 -
GT9.hmm              -            225 KW1-S21_160_cg16_1   -            341     4e-48  159.6   0.1   1   1   7.8e-51     5e-48  159.2   0.1     5   217    39   291    35   299 0.86 -
GT4.hmm              -            160 KW1-S21_160_cg16_5   -            387   4.3e-28   93.3   0.0   1   1   9.9e-31   6.3e-28   92.8   0.0     7   159   199   350   194   351 0.96 -
GT4.hmm              -            160 KW1-S21_160_cg16_6   -            502   6.1e-43  141.6   0.0   1   1   2.9e-45   9.2e-43  141.0   0.0     8   154   216   357   212   363 0.97 -
GT5.hmm              -            472 KW1-S21_160_cg16_6   -            502   1.2e-29   98.6   0.0   1   1   5.6e-32   1.8e-29   98.0   0.0   272   471   189   387   161   388 0.80 -
GH23.hmm             -            135 KW1-S21_160_cg28_4   -            219   2.9e-26   87.9   0.1   1   1     6e-29   3.9e-26   87.5   0.1     7   105    93   202    88   218 0.83 -
AA3.hmm              -            618 KW1-S21_160_cg30_3   -            505   4.1e-45  149.5   0.0   1   1   3.4e-47   5.4e-45  149.1   0.0    89   398    15   499    10   501 0.78 -
AA3_2.hmm            -            568 KW1-S21_160_cg30_3   -            505   5.6e-21   70.1   0.1   1   1   4.2e-16   6.8e-14   46.7   0.1   505   565   438   498   431   500 0.95 -
AA3_1.hmm            -            548 KW1-S21_160_cg30_3   -            505   1.2e-20   68.8   0.0   1   1   8.7e-15   1.4e-12   42.2   0.0   476   541   432   495   389   499 0.90 -
GT51.hmm             -            177 KW1-S21_160_cg34_1   -            839   4.9e-70  229.9   0.0   1   1   1.1e-72   7.4e-70  229.3   0.0     3   177     8   182     6   182 0.98 -
GT41.hmm             -            705 KW1-S21_160_cg34_2   -            418   5.3e-38  126.3   3.2   1   1   1.9e-17   1.2e-14   49.0   0.0    82   191   222   321   185   322 0.79 -
CE11.hmm             -            271 KW1-S21_160_cg39_4   -            298  2.3e-101  333.9   0.0   1   1  4.1e-104  2.6e-101  333.7   0.0     2   270     5   271     4   272 0.99 -
GH94.hmm             -           1036 KW1-S21_160_cg46_1   -           1377         0 1210.1   0.0   1   2   2.9e-43   9.4e-41  134.8   0.0   281   443   292   461   264   483 0.87 -
GH94.hmm             -           1036 KW1-S21_160_cg46_1   -           1377         0 1210.1   0.0   2   2         0         0 1073.3   0.0     1   840   487  1377   487  1377 0.99 -
GT84.hmm             -            215 KW1-S21_160_cg46_1   -           1377     6e-95  311.9   0.0   1   1     3e-97   9.5e-95  311.2   0.0     1   215    33   247    33   247 0.99 -
GT2_Glycos_transf_2.hmm PF00535.25   170 KW1-S21_160_cg52_3   -            250   2.2e-27   91.2   0.0   1   1   1.3e-29   2.8e-27   90.9   0.0     1   169     7   175     7   176 0.94 Glycosyl transferase family 2
GT81.hmm                -            293 KW1-S21_160_cg52_3   -            250   1.8e-19   65.0   0.0   1   1   1.6e-21   3.5e-19   64.1   0.0    22   126     5   104     3   197 0.80 -
GT2_Glyco_tranf_2_3.hmm PF13641.5    230 KW1-S21_160_cg52_3   -            250   1.5e-16   56.3   0.1   1   1   8.9e-19   1.9e-16   55.9   0.1     1   207     4   207     4   222 0.85 Glycosyltransferase like family 2
GT89.hmm             -            556 KW1-S21_160_cg57_5   -            537   8.8e-38  125.2  25.4   1   1   1.5e-38   9.6e-36  118.5  23.6     9   344    34   378    26   399 0.71 -
GT41.hmm             -            705 KW1-S21_160_cg75_4   -            376     2e-26   88.0   0.7   1   1   7.1e-17   4.6e-14   47.1   0.0    90   191   165   255   158   260 0.92 -
GT59.hmm             -            404 KW1-S21_160_cg98_3   -            424   7.3e-15   50.4  11.8   1   1   7.2e-15   4.6e-12   41.2   0.9    72   172    83   176    52   182 0.76 -
GT2_Glycos_transf_2.hmm PF00535.25   170 KW1-S21_160_cg112_2  -            325   8.9e-29   95.8   0.0   1   1   1.8e-31   1.1e-28   95.4   0.0     1   166    23   183    23   187 0.88 Glycosyl transferase family 2
GT2_Glycos_transf_2.hmm PF00535.25   170 KW1-S21_160_cg112_3  -            347   4.7e-22   73.9   0.0   1   1   4.5e-24   9.7e-22   72.9   0.0     1   129    15   142    15   183 0.84 Glycosyl transferase family 2
GT2_Glyco_tranf_2_3.hmm PF13641.5    230 KW1-S21_160_cg112_3  -            347   1.1e-20   69.8   0.0   1   1   8.1e-23   1.7e-20   69.1   0.0     1   223    12   230    12   240 0.85 Glycosyltransferase like family 2
GT41.hmm             -            705 KW1-S21_160_cg117_1  -            593   1.8e-20   68.3   3.5   1   1   4.7e-18     3e-15   51.0   0.1    92   190   468   556   456   562 0.85 -
GT4.hmm              -            160 KW1-S21_160_cg125_1  -            292     1e-19   66.0   0.0   1   1   2.9e-22   1.9e-19   65.2   0.0    11   116   180   291   172   292 0.94 -
GH74.hmm             -            233 KW1-S21_160_cg128_5  -           1086   4.6e-54  178.6  19.6   1   1   1.9e-16   6.2e-14   47.2   0.0    47   115   231   302   225   312 0.84 -
GH33.hmm             -            342 KW1-S21_160_cg128_5  -           1086   3.2e-17   58.1  10.8   1   1   1.4e-16   4.4e-14   47.8   1.3    55   300   124   387   119   396 0.72 -
GT51.hmm             -            177 KW1-S21_160_cg133_2  -            782   9.4e-59  193.2   0.0   1   1   2.2e-61   1.4e-58  192.6   0.0     9   177   168   340   161   340 0.97 -
CE4.hmm              -            130 KW1-S21_160_cg135_9  -            235   8.3e-26   86.0   0.0   1   1   1.9e-28   1.2e-25   85.5   0.0     7   126    47   178    42   182 0.92 -
GT51.hmm             -            177 KW1-S21_160_cg155_1  -            171   2.1e-33  110.6   0.0   1   1   4.3e-36   2.7e-33  110.2   0.0     3    96    78   171    76   171 0.97 -
GT83.hmm             -            540 KW1-S21_160_cg156_6  -            521   2.5e-29   97.5  60.7   1   1     5e-32   3.2e-29   97.1  60.7     7   366    23   368    17   423 0.76 -
GT41.hmm             -            705 KW1-S21_160_cg158_2  -            522   4.7e-24   80.1   6.0   1   1   2.4e-16   1.5e-13   45.4   2.2   107   190   358   432   327   436 0.80 -
GT2_Glycos_transf_2.hmm PF00535.25   170 KW1-S21_160_cg159_3  -            228   6.1e-15   50.7   0.0   1   1   1.3e-17   8.3e-15   50.3   0.0     1   119     4   110     4   146 0.86 Glycosyl transferase family 2
GT4.hmm              -            160 KW1-S21_160_cg159_5  -            382   1.2e-41  137.4   0.0   1   1   5.3e-44   1.7e-41  136.9   0.0     7   159   197   347   192   348 0.98 -
GT5.hmm              -            472 KW1-S21_160_cg159_5  -            382   1.9e-19   64.9   0.0   1   1   4.1e-21   1.3e-18   62.1   0.0   243   471   174   372   142   373 0.83 -
GT41.hmm             -            705 KW1-S21_160_cg166_4  -            230   3.8e-21   70.5   5.4   1   1   1.5e-15   9.3e-13   42.8   0.4    78   190    35   137    22   140 0.82 -
GT41.hmm             -            705 KW1-S21_160_cg170_5  -            275     8e-19   62.9   0.1   1   1   1.3e-21   8.5e-19   62.8   0.1    61   191    40   160    21   252 0.89 -
CE10.hmm             -            341 KW1-S21_160_cg174_4  -            928   5.8e-17   57.6   0.1   1   1   1.5e-19   9.7e-17   56.8   0.1    39   331   405   700   371   706 0.76 -
GT89.hmm             -            556 KW1-S21_160_cg176_2  -            525   2.1e-42  140.4  24.8   1   1   4.6e-45   2.9e-42  140.0  24.8     3   352     8   372     6   405 0.77 -
GT41.hmm             -            705 KW1-S21_160_cg188_3  -            324   9.8e-25   82.4   5.7   1   1   2.1e-17   1.3e-14   48.9   1.1    61   217   170   302   156   311 0.88 -
GH74.hmm             -            233 KW1-S21_160_cg192_3  -           1092   1.7e-57  189.8  18.2   1   1   6.2e-16     4e-13   44.6   0.0    28   113   170   265   152   269 0.85 -
GT2_Glycos_transf_2.hmm PF00535.25   170 KW1-S21_160_cg202_2  -            774   5.8e-34  112.6   0.2   1   1   6.4e-36     1e-33  111.8   0.2     1   168   106   272   106   273 0.97 Glycosyl transferase family 2
GT2_Glyco_tranf_2_3.hmm PF13641.5    230 KW1-S21_160_cg202_2  -            774   2.4e-25   85.1   0.4   1   1   2.8e-27   4.4e-25   84.2   0.4     1   230   103   327   103   327 0.89 Glycosyltransferase like family 2
GT2_Glyco_trans_2_3.hmm PF13632.5    197 KW1-S21_160_cg202_2  -            774   4.4e-22   74.2   5.6   1   1   2.8e-24   4.4e-22   74.2   5.6     2   190   184   372   183   408 0.71 Glycosyl transferase family group 2
GT2_Cellulose_synt.hmm  PF03552.11   722 KW1-S21_160_cg202_2  -            774     3e-18   60.9   6.5   1   1     9e-19   1.4e-16   55.4   0.8   420   553   279   408   271   421 0.89 Cellulose synthase
GH23.hmm             -            135 KW1-S21_160_cg207_2  -            236   2.6e-30  101.0   0.0   1   1   6.6e-33   4.2e-30  100.3   0.0    17   123    89   194    76   205 0.95 -
GT2_Glycos_transf_2.hmm PF00535.25   170 KW1-S21_160_cg211_2  -            313   1.1e-18   63.0   0.0   1   1   9.3e-21     3e-18   61.5   0.0     1   123    10   127    10   155 0.94 Glycosyl transferase family 2
GT2_Glycos_transf_2.hmm PF00535.25   170 KW1-S21_160_cg211_3  -            336   8.6e-24   79.5   0.0   1   1   7.3e-26   2.3e-23   78.1   0.0     2   169     7   186     6   187 0.90 Glycosyl transferase family 2
GT2_Glyco_tranf_2_3.hmm PF13641.5    230 KW1-S21_160_cg211_3  -            336   6.5e-21   70.5   0.0   1   1   2.9e-23   9.2e-21   70.1   0.0     3   212     4   228     2   260 0.82 Glycosyltransferase like family 2
GT41.hmm             -            705 KW1-S21_160_cg218_2  -           1152   9.6e-20   65.9   0.8   1   1   2.7e-18   1.7e-15   51.8   0.2    71   191   102   212    99   244 0.93 -
GT9.hmm              -            225 KW1-S21_160_cg219_4  -            339   1.6e-53  177.3   0.3   1   1   3.1e-56     2e-53  176.9   0.3     5   220    76   316    72   321 0.88 -
GT9.hmm              -            225 KW1-S21_160_cg221_3  -            359   1.1e-48  161.4   5.7   1   1   2.3e-51   1.5e-48  161.0   5.7     4   205    92   320    89   343 0.82 -
GT4.hmm              -            160 KW1-S21_160_cg221_4  -            669   7.5e-29   95.8   0.0   1   1   1.8e-31   1.2e-28   95.1   0.0     6   158   188   337   183   339 0.96 -
GT4.hmm              -            160 KW1-S21_160_cg232_1  -            407     1e-28   95.4   0.0   1   1   3.2e-31     2e-28   94.4   0.0    12   153   228   374   223   381 0.96 -
GT2_Glycos_transf_2.hmm PF00535.25   170 KW1-S21_160_cg232_2  -            314   3.4e-30  100.4   0.1   1   1   2.6e-32   8.2e-30   99.1   0.0     1   131    11   137    11   170 0.85 Glycosyl transferase family 2
GT2_Glyco_tranf_2_3.hmm PF13641.5    230 KW1-S21_160_cg232_2  -            314   3.4e-26   87.8   0.3   1   1   3.4e-28   1.1e-25   86.2   0.2     1   223     8   219     8   227 0.86 Glycosyltransferase like family 2
GT2_Glycos_transf_2.hmm PF00535.25   170 KW1-S21_160_cg232_5  -            257   2.2e-32  107.5   0.0   1   1   4.5e-35   2.9e-32  107.1   0.0     2   168     5   172     4   174 0.97 Glycosyl transferase family 2
GT41.hmm             -            705 KW1-S21_160_cg236_1  -            690     5e-43  142.9  26.9   1   2     1e-15   6.7e-13   43.3   2.8   100   190   445   536   423   538 0.76 -
GT41.hmm             -            705 KW1-S21_160_cg236_1  -            690     5e-43  142.9  26.9   2   2   3.6e-17   2.3e-14   48.1   0.8   119   191   532   605   529   607 0.93 -
GT2_Glycos_transf_2.hmm PF00535.25   170 KW1-S21_160_cg247_8  -            473   5.7e-40  132.2   0.1   1   1   2.2e-40   4.8e-38  125.9   0.0     1   130     4   129     4   164 0.87 Glycosyl transferase family 2
GT81.hmm                -            293 KW1-S21_160_cg247_8  -            473   8.1e-21   69.4   0.0   1   1   5.6e-23   1.2e-20   68.9   0.0    22   215     2   183     1   187 0.81 -
GT2_Glyco_tranf_2_3.hmm PF13641.5    230 KW1-S21_160_cg247_8  -            473   3.3e-15   51.9   0.0   1   1   5.1e-17   1.1e-14   50.2   0.0     4   132     3   123     2   175 0.84 Glycosyltransferase like family 2
GT9.hmm              -            225 KW1-S21_160_cg247_16 -            364   1.2e-51  171.1   0.9   1   1   2.5e-54   1.6e-51  170.7   0.9     9   220    91   339    84   344 0.86 -
GT2_Glyco_tranf_2_3.hmm PF13641.5    230 KW1-S21_160_cg261_3  -            467   1.2e-31  105.7   0.5   1   1   1.1e-33   1.8e-31  105.1   0.5     4   228    29   255    27   263 0.88 Glycosyltransferase like family 2
GT2_Glyco_trans_2_3.hmm PF13632.5    197 KW1-S21_160_cg261_3  -            467   2.5e-25   84.8   2.9   1   1   1.6e-27   2.5e-25   84.8   2.9     2   174   117   303   116   364 0.77 Glycosyl transferase family group 2
GT2_Glycos_transf_2.hmm PF00535.25   170 KW1-S21_160_cg261_3  -            467   1.9e-21   71.9   0.0   1   1     2e-23   3.1e-21   71.2   0.0     3   132    32   166    30   202 0.85 Glycosyl transferase family 2
GT21.hmm                -            233 KW1-S21_160_cg261_3  -            467   5.9e-15   50.7   0.0   1   1     5e-17     8e-15   50.2   0.0     1   231    27   256    27   257 0.93 -
GT4.hmm              -            160 KW1-S21_160_cg268_1  -            362     5e-33  109.3   0.0   1   1   2.2e-35   1.4e-32  107.9   0.0     5   154   174   321   170   327 0.96 -
GT83.hmm             -            540 KW1-S21_160_cg269_2  -            627   3.8e-21   70.5  44.2   1   1   5.9e-24   3.8e-21   70.5  44.2    86   363   136   474   135   509 0.76 -
GT2_Glycos_transf_2.hmm PF00535.25   170 KW1-S21_160_cg269_3  -            231     6e-37  122.3   0.0   1   1   3.8e-39     8e-37  121.9   0.0     1   168     4   169     4   171 0.97 Glycosyl transferase family 2
GT81.hmm                -            293 KW1-S21_160_cg269_3  -            231   2.4e-16   54.8   0.0   1   1   1.3e-18   2.8e-16   54.5   0.0    22   145     2   118     1   147 0.86 -
GT2_Glyco_tranf_2_3.hmm PF13641.5    230 KW1-S21_160_cg269_3  -            231   1.8e-15   52.7   0.0   1   1   9.8e-18   2.1e-15   52.5   0.0     4   138     3   136     2   229 0.83 Glycosyltransferase like family 2
GT4.hmm              -            160 KW1-S21_160_cg277_4  -            431   1.6e-19   65.4   0.0   1   1     4e-22   2.5e-19   64.8   0.0     6   157   240   391   237   394 0.90 -
GT2_Glycos_transf_2.hmm PF00535.25   170 KW1-S21_160_cg277_5  -            240   1.7e-27   91.6   0.0   1   1   7.1e-30   2.3e-27   91.2   0.0     1   166     5   172     5   175 0.97 Glycosyl transferase family 2
GT2_Glyco_tranf_2_3.hmm PF13641.5    230 KW1-S21_160_cg277_5  -            240   5.7e-17   57.6   0.1   1   1     2e-18   6.4e-16   54.2   0.1     4   213     4   221     2   227 0.83 Glycosyltransferase like family 2
GH23.hmm             -            135 KW1-S21_160_cg281_1  -            273   2.8e-20   68.5   0.1   1   1   7.4e-23   4.7e-20   67.8   0.1    11   130    55   163    47   182 0.92 -
GH3.hmm              -            216 KW1-S21_160_cg283_4  -            368   2.8e-43  143.3   0.0   1   1   5.7e-46   3.7e-43  142.9   0.0     7   216    62   285    56   285 0.92 -
CE4.hmm              -            130 KW1-S21_160_cg285_5  -            278   1.2e-30  101.6   0.0   1   1   3.1e-33     2e-30  101.0   0.0     3   127    75   228    73   231 0.91 -
GT2_Glycos_transf_2.hmm PF00535.25   170 KW1-S21_160_cg292_2  -            412   1.9e-27   91.4   0.0   1   1   1.3e-29   2.9e-27   90.8   0.0     1   166    51   220    51   223 0.81 Glycosyl transferase family 2
GT21.hmm                -            233 KW1-S21_160_cg292_2  -            412   2.5e-21   71.5   0.0   1   1   1.7e-23   3.7e-21   71.0   0.0    14   206    61   253    48   257 0.90 -
GT2_Glyco_tranf_2_3.hmm PF13641.5    230 KW1-S21_160_cg292_2  -            412   7.5e-20   67.1   0.0   1   1   5.5e-22   1.2e-19   66.4   0.0     1   206    48   255    47   259 0.84 Glycosyltransferase like family 2
CBM50.hmm            -             40 KW1-S21_160_cg298_2  -            507   2.6e-27   90.3   0.1   1   1   3.6e-16   1.1e-13   46.6   0.0     1    39   398   440   398   441 0.89 -
GH23.hmm             -            135 KW1-S21_160_cg298_2  -            507     7e-19   64.0   1.5   1   1   4.8e-21   1.5e-18   62.9   1.5     7   119   164   278   158   297 0.81 -
GH23.hmm             -            135 KW1-S21_160_cg304_4  -            214   1.3e-35  118.2   0.4   1   1   2.8e-38   1.8e-35  117.7   0.4    16   122   107   212    94   213 0.93 -
GT30.hmm             -            177 KW1-S21_160_cg311_5  -            432   4.2e-49  161.7   0.0   1   1   1.1e-51   7.3e-49  160.9   0.0     3   176    34   214    32   215 0.94 -
CE1.hmm              -            227 KW1-S21_160_cg319_1  -            461   1.1e-24   82.7   0.1   1   1   3.1e-27     2e-24   81.9   0.1     3   220   239   453   237   457 0.80 -
CBM50.hmm            -             40 KW1-S21_160_cg334_9  -            644   2.2e-41  135.3   1.1   1   2   3.5e-15   1.1e-12   43.4   0.0     1    39   526   568   526   568 0.90 -
CBM50.hmm            -             40 KW1-S21_160_cg334_9  -            644   2.2e-41  135.3   1.1   2   2     4e-16   1.3e-13   46.5   0.0     1    39   599   641   599   641 0.92 -
GH23.hmm             -            135 KW1-S21_160_cg334_9  -            644   9.8e-27   89.4   1.3   1   1   1.2e-28   3.9e-26   87.5   0.7    11   121   235   362   225   374 0.91 -
GT2_Glycos_transf_2.hmm PF00535.25   170 KW1-S21_160_cg340_4  -            225   2.1e-22   75.0   0.0   1   1   5.2e-25   3.3e-22   74.4   0.0     3   131     2   124     1   159 0.86 Glycosyl transferase family 2
GH94.hmm             -           1036 KW1-S21_160_cg350_1  -            234     1e-99  330.0   0.0   1   1  1.8e-102   1.2e-99  329.8   0.0   810  1036     1   229     1   229 0.99 -
CE14.hmm             -            124 KW1-S21_160_cg361_2  -            222   3.5e-21   71.5   0.6   1   1   9.2e-24   5.9e-21   70.8   0.6     1   117     4   108     4   114 0.95 -
CE10.hmm             -            341 KW1-S21_160_cg362_6  -            693   7.4e-20   67.1   0.4   1   1   1.7e-22   1.1e-19   66.6   0.4    78   316   447   676   379   687 0.83 -
GT83.hmm             -            540 KW1-S21_160_cg364_4  -            444   1.2e-15   52.3  32.1   1   1   2.5e-18   1.6e-15   51.9  32.1   158   380     4   237     1   263 0.68 -
CE10.hmm             -            341 KW1-S21_160_cg377_4  -            729   8.5e-18   60.3   0.6   1   1   2.1e-20   1.3e-17   59.7   0.6    81   315   480   702   463   715 0.82 -
GT2_Glycos_transf_2.hmm PF00535.25   170 KW1-S21_160_cg380_1  -            206     2e-37  123.9   0.0   1   1   1.4e-39   2.2e-37  123.8   0.0     1   113    14   121    14   172 0.89 Glycosyl transferase family 2
GT2_Glyco_tranf_2_3.hmm PF13641.5    230 KW1-S21_160_cg380_1  -            206   2.8e-26   88.1   0.0   1   1   2.2e-28   3.4e-26   87.8   0.0     1   194    10   193    10   201 0.90 Glycosyltransferase like family 2
GT27.hmm                -            295 KW1-S21_160_cg380_1  -            206   3.2e-20   67.9   0.0   1   1   5.4e-20   8.7e-18   59.9   0.0     1   108    14   113    14   123 0.90 -
GT2_Glyco_tranf_2_2.hmm PF10111.8    276 KW1-S21_160_cg380_1  -            206   3.4e-19   64.6   0.0   1   1   6.4e-16     1e-13   46.7   0.0     1   103    14   109    14   134 0.85 Glycosyltransferase like family 2
GH74.hmm             -            233 KW1-S21_160_cg381_1  -            942   2.8e-50  166.1   5.8   1   2   4.6e-16     3e-13   45.0   0.5    40   122    17   102     2   122 0.78 -
GH74.hmm             -            233 KW1-S21_160_cg381_1  -            942   2.8e-50  166.1   5.8   2   2   4.9e-16   3.2e-13   44.9   0.1    44   115   130   203   113   223 0.82 -
#
# Program:         hmmscan
# Version:         3.3.1 (Jul 2020)
# Pipeline mode:   SCAN
# Query file:      /beegfs/home/lxd/2_sea_metagenomics/6.metabat2/bins_redup_refinem_drep/derep_70_10/derepbins_prodigal/KW1-S21_160.proteins.faa
# Target file:     /beegfs/home/lxd/4_salt_metagenomics/tools/CAZy/dbCAN-HMMdb-V8.txt
# Option settings: hmmscan --tblout KW1-S21_160.tbl --domtblout KW1-S21_160_dom.tbl --acc --noali --notextw -E 1e-14 --domE 1e-14 --cpu 30 /beegfs/home/lxd/4_salt_metagenomics/tools/CAZy/dbCAN-HMMdb-V8.txt /beegfs/home/lxd/2_sea_metagenomics/6.metabat2/bins_redup_refinem_drep/derep_70_10/derepbins_prodigal/KW1-S21_160.proteins.faa 
# Current dir:     /beegfs/home/lxd/2_sea_metagenomics/6.metabat2/bins_redup_refinem_drep/derep_70_10/derepbins_cazy
# Date:            Thu Mar  4 18:28:33 2021
# [ok]
