#                                                                            --- full sequence --- -------------- this domain -------------   hmm coord   ali coord   env coord
# target name        accession   tlen query name           accession   qlen   E-value  score  bias   #  of  c-Evalue  i-Evalue  score  bias  from    to  from    to  from    to  acc description of target
#------------------- ---------- ----- -------------------- ---------- ----- --------- ------ ----- --- --- --------- --------- ------ ----- ----- ----- ----- ----- ----- ----- ---- ---------------------
GT2_Glycos_transf_2.hmm PF00535.25   170 KW1-S11_179_cg1_4    -            267   7.5e-18   60.2   0.0   1   1   3.2e-20     1e-17   59.7   0.0     2   114    30   136    29   179 0.84 Glycosyl transferase family 2
GT81.hmm                -            293 KW1-S11_179_cg1_4    -            267   1.9e-15   51.8   0.1   1   1   1.1e-17   3.6e-15   50.9   0.1    23   147    28   137    10   239 0.89 -
CE4.hmm              -            130 KW1-S11_179_cg14_1   -            275   2.8e-28   94.0   0.0   1   1   7.1e-31   4.6e-28   93.3   0.0     5   114    82   204    78   216 0.87 -
GT4.hmm              -            160 KW1-S11_179_cg16_6   -            343   3.2e-22   74.2   0.3   1   1   1.8e-23   1.1e-20   69.2   0.0     7   155   176   310   171   315 0.92 -
AA1.hmm              -            943 KW1-S11_179_cg22_3   -            499     1e-50  168.2  14.5   1   2   6.4e-41   1.4e-38  128.0   3.4   437   673    74   313    43   338 0.80 -
AA1.hmm              -            943 KW1-S11_179_cg22_3   -            499     1e-50  168.2  14.5   2   2   6.9e-16   1.5e-13   45.2   4.2   452   547   387   496   325   497 0.68 -
AA1_2.hmm            -            337 KW1-S11_179_cg22_3   -            499   8.4e-17   56.5   2.3   1   1   8.5e-19   1.8e-16   55.3   0.2     6   232    91   315    86   340 0.75 -
AA1_1.hmm            -            303 KW1-S11_179_cg22_3   -            499   2.6e-15   51.6   0.1   1   1   2.1e-16   4.5e-14   47.5   0.1     8   234    87   303    82   314 0.72 -
GT2_Glycos_transf_2.hmm PF00535.25   170 KW1-S11_179_cg26_6   -            314   1.7e-30  101.4   0.0   1   1   3.5e-33   2.2e-30  101.0   0.0     2   131     6   134     5   189 0.91 Glycosyl transferase family 2
CE10.hmm             -            341 KW1-S11_179_cg28_4   -            201   5.7e-15   51.0   0.0   1   1   1.1e-17   6.8e-15   50.8   0.0   165   329    48   193    24   199 0.75 -
GT78.hmm             -            134 KW1-S11_179_cg34_12  -            382   6.3e-43  141.1   0.1   1   1   1.3e-44   4.3e-42  138.4   0.0     2   134     3   121     2   121 0.97 -
GT81.hmm             -            293 KW1-S11_179_cg34_12  -            382   3.3e-18   60.9   0.0   1   1   1.2e-20     4e-18   60.6   0.0    82   252    62   237     4   265 0.75 -
GT28.hmm             -            157 KW1-S11_179_cg38_10  -            360   7.1e-36  118.6   0.0   1   1   1.7e-38   1.1e-35  118.0   0.0     3   157   191   346   189   346 0.93 -
GH13_23.hmm          -            344 KW1-S11_179_cg40_3   -            108     2e-32  108.4   0.1   1   1   4.3e-34   2.3e-32  108.2   0.1     1    92    12   104    12   107 0.95 -
GH13_31.hmm          -            349 KW1-S11_179_cg40_3   -            108   1.8e-29   98.5   0.0   1   1   3.7e-31     2e-29   98.3   0.0     1    92    12   104    12   107 0.96 -
GH13_40.hmm          -            359 KW1-S11_179_cg40_3   -            108   2.6e-28   94.3   0.0   1   1   5.3e-30   2.8e-28   94.2   0.0     1    92    12   104    12   107 0.96 -
GH13_16.hmm          -            353 KW1-S11_179_cg40_3   -            108   7.8e-28   92.8   0.0   1   1   1.6e-29   8.4e-28   92.7   0.0     1    92    12   104    12   107 0.96 -
GH13_30.hmm          -            365 KW1-S11_179_cg40_3   -            108   4.7e-25   83.7   0.0   1   1   9.3e-27     5e-25   83.7   0.0     1    88    12   100    12   107 0.94 -
GH13_29.hmm          -            344 KW1-S11_179_cg40_3   -            108   2.9e-24   81.1   0.0   1   1   6.5e-26   3.5e-24   80.9   0.0     2    90    12   101    11   106 0.94 -
GH13_17.hmm          -            350 KW1-S11_179_cg40_3   -            108   3.4e-24   80.9   0.0   1   1   6.9e-26   3.7e-24   80.8   0.0     1    91    12   103    12   107 0.94 -
GH13_36.hmm          -            314 KW1-S11_179_cg40_3   -            108   4.7e-22   74.0   0.0   1   1   1.1e-23   5.8e-22   73.7   0.0     1    90    12   103    12   107 0.94 -
GH13.hmm             -            299 KW1-S11_179_cg40_3   -            108   7.9e-22   74.1   0.0   1   1   1.9e-23     1e-21   73.8   0.0    13   101    12   104     7   107 0.86 -
GH13_21.hmm          -            308 KW1-S11_179_cg40_3   -            108     6e-19   63.8   0.0   1   1   1.2e-20   6.6e-19   63.7   0.0     1    91    12   104    12   107 0.96 -
GH13_35.hmm          -            351 KW1-S11_179_cg40_3   -            108   2.8e-18   61.6   0.0   1   1   6.3e-20   3.4e-18   61.3   0.0     1    90    12   102    12   106 0.90 -
GH13_20.hmm          -            300 KW1-S11_179_cg40_3   -            108   5.7e-16   54.0   0.0   1   1   1.1e-17   6.1e-16   53.9   0.0     1    86    12    99    12   107 0.92 -
CBM50.hmm            -             40 KW1-S11_179_cg46_4   -            386   3.3e-46  150.8   6.4   1   2   1.5e-17   9.8e-15   50.0   0.1     1    40    27    70    27    70 0.92 -
CBM50.hmm            -             40 KW1-S11_179_cg46_4   -            386   3.3e-46  150.8   6.4   2   2   1.7e-15   1.1e-12   43.5   0.1     1    40   210   253   210   253 0.92 -
GT2_Glycos_transf_2.hmm PF00535.25   170 KW1-S11_179_cg56_24  -            245   1.4e-31  104.9   0.0   1   1   2.7e-34   1.7e-31  104.6   0.0     1   166     7   168     7   171 0.93 Glycosyl transferase family 2
GT2_Glycos_transf_2.hmm PF00535.25   170 KW1-S11_179_cg64_1   -             75   4.2e-18   61.0   0.0   1   1   7.1e-21   4.6e-18   60.9   0.0     1    71     4    74     4    75 0.98 Glycosyl transferase family 2
AA3_2.hmm            -            568 KW1-S11_179_cg87_9   -            520  1.8e-156  517.4   0.0   1   1  1.8e-158  2.3e-156  517.1   0.0     3   566     2   517     1   518 0.96 -
AA3.hmm              -            618 KW1-S11_179_cg87_9   -            520   9.2e-95  313.5   0.1   1   1     8e-97     1e-94  313.4   0.1    90   399     2   518     1   519 0.87 -
AA3_3.hmm            -            590 KW1-S11_179_cg87_9   -            520   2.3e-81  269.2   0.0   1   2     3e-62   3.8e-60  199.1   0.0     3   460     2   419     1   434 0.82 -
AA3_3.hmm            -            590 KW1-S11_179_cg87_9   -            520   2.3e-81  269.2   0.0   2   2   8.4e-20   1.1e-17   58.9   0.0   511   583   443   514   438   518 0.93 -
AA3_1.hmm            -            548 KW1-S11_179_cg87_9   -            520   1.5e-50  167.5   0.1   1   1   6.1e-52   7.9e-50  165.2   0.1    17   546     2   518     1   519 0.78 -
AA8.hmm              -            815 KW1-S11_179_cg87_9   -            520   2.7e-40  133.3   0.7   1   2   7.4e-28   9.4e-26   85.2   2.1   246   521     2   274     1   311 0.79 -
AA8.hmm              -            815 KW1-S11_179_cg87_9   -            520   2.7e-40  133.3   0.7   2   2   5.1e-15   6.5e-13   42.8   0.0   654   775   397   518   377   519 0.77 -
AA1.hmm              -            943 KW1-S11_179_cg119_1  -            499   9.6e-52  171.6  12.4   1   2   7.1e-42   1.1e-39  131.6   1.8   436   692    73   331    56   367 0.82 -
AA1.hmm              -            943 KW1-S11_179_cg119_1  -            499   9.6e-52  171.6  12.4   2   2   7.6e-16   1.2e-13   45.5   4.2   432   547   336   496   320   497 0.69 -
AA1_2.hmm            -            337 KW1-S11_179_cg119_1  -            499   6.5e-18   60.1   0.1   1   1   4.3e-19   6.9e-17   56.7   0.0     6   234    91   317    86   343 0.77 -
AA1_1.hmm            -            303 KW1-S11_179_cg119_1  -            499   2.3e-15   51.7   0.0   1   1   1.8e-16   2.9e-14   48.1   0.0     6   234    85   303    80   332 0.73 -
AA1_3.hmm            -            312 KW1-S11_179_cg119_1  -            499   2.4e-15   51.8   3.8   1   1   2.2e-17   3.5e-15   51.2   0.1    14   257    68   303    62   319 0.74 -
GT4.hmm              -            160 KW1-S11_179_cg143_1  -            128   2.8e-24   80.9   0.0   1   1   1.1e-26   3.4e-24   80.6   0.0    67   158     3    97     1    99 0.93 -
GT5.hmm              -            472 KW1-S11_179_cg143_1  -            128   1.7e-16   55.2   0.0   1   1     6e-19   1.9e-16   55.0   0.0   365   471    19   123     7   124 0.93 -
GH13_23.hmm          -            344 KW1-S11_179_cg145_2  -            539  6.6e-138  455.2   2.8   1   1  3.4e-139  8.2e-138  454.9   2.8     1   343    34   378    34   379 0.98 -
GH13_31.hmm          -            349 KW1-S11_179_cg145_2  -            539   2.1e-98  325.2   0.1   1   1   1.3e-99     3e-98  324.7   0.1     1   348    34   377    34   378 0.88 -
GH13_30.hmm          -            365 KW1-S11_179_cg145_2  -            539   2.8e-98  324.6  12.3   1   1   1.5e-97   3.7e-96  317.7  12.3     1   364    34   376    34   377 0.89 -
GH13_17.hmm          -            350 KW1-S11_179_cg145_2  -            539   4.1e-97  320.7   0.1   1   1   2.2e-98   5.1e-97  320.4   0.1     1   350    34   378    34   378 0.93 -
GH13_40.hmm          -            359 KW1-S11_179_cg145_2  -            539     2e-88  292.0   0.1   1   1     3e-89   7.1e-88  290.2   0.1     1   358    34   377    34   378 0.88 -
GH13_35.hmm          -            351 KW1-S11_179_cg145_2  -            539   3.8e-87  288.0   0.2   1   1     2e-88   4.6e-87  287.8   0.2     1   351    34   377    34   377 0.93 -
GH13_29.hmm          -            344 KW1-S11_179_cg145_2  -            539   3.8e-81  268.2   0.0   1   1   6.2e-82   1.5e-80  266.2   0.0     2   343    34   377    33   378 0.90 -
GH13_16.hmm          -            353 KW1-S11_179_cg145_2  -            539   2.1e-78  259.1   3.7   1   1   1.8e-70   4.4e-69  228.5   0.2     1   186    34   220    34   230 0.96 -
GH13_36.hmm          -            314 KW1-S11_179_cg145_2  -            539   2.3e-76  252.4   0.0   1   1   4.9e-77   1.2e-75  250.1   0.0     1   313    34   377    34   378 0.89 -
GH13.hmm             -            299 KW1-S11_179_cg145_2  -            539   2.4e-76  253.1  11.7   1   1   2.2e-77   5.3e-76  252.0  11.7    13   293    34   379    30   384 0.80 -
GH13_21.hmm          -            308 KW1-S11_179_cg145_2  -            539   1.7e-59  197.0   1.2   1   1   4.8e-59   1.1e-57  191.0   1.2     1   306    34   377    34   379 0.77 -
GH13_20.hmm          -            300 KW1-S11_179_cg145_2  -            539   2.8e-51  169.9   0.1   1   1   7.2e-43   1.7e-41  137.8   0.1     1   166    34   214    34   220 0.90 -
GH13_4.hmm           -            400 KW1-S11_179_cg145_2  -            539   9.4e-35  115.3   0.2   1   1   2.6e-32   6.1e-31  102.8   0.1     2   187    34   215    33   221 0.94 -
GH13_39.hmm          -            316 KW1-S11_179_cg145_2  -            539   6.9e-33  109.6   0.2   1   1     4e-26   9.5e-25   82.9   0.1     1   167    34   214    34   221 0.83 -
GH13_2.hmm           -            310 KW1-S11_179_cg145_2  -            539     2e-31  104.9   0.0   1   1     6e-25   1.4e-23   79.1   0.0     2   176    34   213    33   219 0.82 -
GH13_14.hmm          -            289 KW1-S11_179_cg145_2  -            539   4.5e-25   83.8   0.0   1   1   5.7e-20   1.3e-18   62.5   0.0     1   153    43   211    43   216 0.74 -
GH13_10.hmm          -            313 KW1-S11_179_cg145_2  -            539   2.3e-23   78.3   0.1   1   1   2.1e-21   5.1e-20   67.3   0.0     5   147    34   215    32   221 0.93 -
GH13_37.hmm          -            320 KW1-S11_179_cg145_2  -            539   6.3e-23   76.4   0.4   1   1   6.4e-21   1.5e-19   65.3   0.4     9   161    34   215    28   219 0.85 -
GH13_1.hmm           -            306 KW1-S11_179_cg145_2  -            539   8.8e-23   76.1   0.0   1   1   1.1e-23   2.7e-22   74.5   0.0     2   300    34   377    33   382 0.79 -
GH13_41.hmm          -            294 KW1-S11_179_cg145_2  -            539   2.2e-22   75.1   0.0   1   1     5e-15   1.2e-13   46.5   0.0     1   158    34   210    34   218 0.80 -
GH13_18.hmm          -            343 KW1-S11_179_cg145_2  -            539   8.4e-22   72.9   0.1   1   1   7.4e-21   1.7e-19   65.3   0.1     4   159    55   217    52   222 0.82 -
GH13_19.hmm          -            360 KW1-S11_179_cg145_2  -            539   1.8e-19   65.3   2.5   1   1   1.4e-16   3.3e-15   51.3   0.5     1    96    34   114    34   160 0.84 -
GH13_13.hmm          -            361 KW1-S11_179_cg145_2  -            539   2.2e-18   61.7   0.1   1   1     3e-17   7.2e-16   53.4   0.1    60   186    67   215    61   219 0.85 -
GH13_12.hmm          -            284 KW1-S11_179_cg145_2  -            539   2.3e-17   58.8   0.0   1   1   1.8e-15   4.2e-14   48.1   0.0     1   156    34   212    34   219 0.85 -
GH13_3.hmm           -            210 KW1-S11_179_cg145_2  -            539   1.1e-16   56.2   2.1   1   1   3.1e-17   7.3e-16   53.6   2.1    10   151    49   212    39   216 0.77 -
GH1.hmm              -            429 KW1-S11_179_cg145_4  -            457  3.1e-155  512.4   0.0   1   1  5.5e-158  3.5e-155  512.2   0.0     8   425     4   441     1   445 0.92 -
GT2_Glycos_transf_2.hmm PF00535.25   170 KW1-S11_179_cg150_1  -            329   7.1e-20   66.8   0.0   1   1   1.6e-22     1e-19   66.3   0.0     1   132     6   137     6   167 0.89 Glycosyl transferase family 2
AA4.hmm              -            522 KW1-S11_179_cg247_7  -            475   3.6e-20   67.3   0.0   1   1   1.7e-19   5.3e-17   56.9   0.0    17   262     3   237     1   329 0.76 -
AA7.hmm              -            458 KW1-S11_179_cg247_7  -            475   3.7e-20   68.2  10.2   1   1   2.4e-22   7.7e-20   67.2   8.0    14   197    36   227    31   237 0.84 -
GT2_Glycos_transf_2.hmm PF00535.25   170 KW1-S11_179_cg272_6  -            234   4.6e-18   60.9   0.0   1   1     9e-21   5.8e-18   60.6   0.0     2   134     9   135     8   168 0.83 Glycosyl transferase family 2
GT2_Glyco_tranf_2_3.hmm PF13641.5    230 KW1-S11_179_cg272_8  -            513   2.4e-27   91.6   0.6   1   1     2e-29   4.2e-27   90.8   0.1     1   230    51   281    51   281 0.86 Glycosyltransferase like family 2
GT2_Glyco_trans_2_3.hmm PF13632.5    197 KW1-S11_179_cg272_8  -            513   1.1e-24   82.7   3.3   1   1   5.2e-27   1.1e-24   82.7   3.3     2   191   141   349   140   362 0.80 Glycosyl transferase family group 2
GT2_Glycos_transf_2.hmm PF00535.25   170 KW1-S11_179_cg272_8  -            513   4.6e-21   70.6   0.0   1   1   3.3e-23   7.1e-21   70.0   0.0     3   132    56   190    54   226 0.81 Glycosyl transferase family 2
GT2_Glycos_transf_2.hmm PF00535.25   170 KW1-S11_179_cg285_4  -            234   1.5e-20   69.0   0.0   1   1   3.3e-23   2.1e-20   68.5   0.0     1   124     6   126     6   167 0.80 Glycosyl transferase family 2
GT28.hmm             -            157 KW1-S11_179_cg292_2  -            705   3.2e-15   51.5   0.0   1   1   1.3e-17   8.3e-15   50.2   0.0     3   134   545   677   543   697 0.84 -
GH77.hmm             -            494 KW1-S11_179_cg296_1  -            298   4.8e-97  321.0   0.0   1   1  8.5e-100   5.4e-97  320.9   0.0     1   291    10   298    10   298 0.97 -
GT5.hmm              -            472 KW1-S11_179_cg296_3  -            186   1.3e-60  200.7   0.0   1   1   2.2e-63   1.4e-60  200.5   0.0   294   471     2   179     1   180 0.98 -
CE10.hmm             -            341 KW1-S11_179_cg300_3  -            361   1.6e-16   56.1   0.3   1   1   3.1e-19     2e-16   55.8   0.3    93   216   155   279    77   324 0.81 -
GH33.hmm             -            342 KW1-S11_179_cg317_8  -            779   5.1e-25   83.7   5.5   1   1   5.8e-19   1.9e-16   55.6   0.6    52   246   223   481   219   484 0.78 -
GH93.hmm             -            307 KW1-S11_179_cg317_8  -            779   2.5e-19   64.8   0.9   1   1   2.9e-16   9.3e-14   46.5   0.1    27   171   314   479   288   480 0.82 -
CE10.hmm             -            341 KW1-S11_179_cg331_1  -            496   6.8e-21   70.5   0.0   1   1   1.4e-23     9e-21   70.1   0.0    69   329   239   488   190   494 0.78 -
#
# Program:         hmmscan
# Version:         3.3.1 (Jul 2020)
# Pipeline mode:   SCAN
# Query file:      /beegfs/home/lxd/2_sea_metagenomics/6.metabat2/bins_redup_refinem_drep/derep_70_10/derepbins_prodigal/KW1-S11_179.proteins.faa
# Target file:     /beegfs/home/lxd/4_salt_metagenomics/tools/CAZy/dbCAN-HMMdb-V8.txt
# Option settings: hmmscan --tblout KW1-S11_179.tbl --domtblout KW1-S11_179_dom.tbl --acc --noali --notextw -E 1e-14 --domE 1e-14 --cpu 30 /beegfs/home/lxd/4_salt_metagenomics/tools/CAZy/dbCAN-HMMdb-V8.txt /beegfs/home/lxd/2_sea_metagenomics/6.metabat2/bins_redup_refinem_drep/derep_70_10/derepbins_prodigal/KW1-S11_179.proteins.faa 
# Current dir:     /beegfs/home/lxd/2_sea_metagenomics/6.metabat2/bins_redup_refinem_drep/derep_70_10/derepbins_cazy
# Date:            Thu Mar  4 14:43:58 2021
# [ok]
