#                                                                            --- full sequence --- -------------- this domain -------------   hmm coord   ali coord   env coord
# target name        accession   tlen query name           accession   qlen   E-value  score  bias   #  of  c-Evalue  i-Evalue  score  bias  from    to  from    to  from    to  acc description of target
#------------------- ---------- ----- -------------------- ---------- ----- --------- ------ ----- --- --- --------- --------- ------ ----- ----- ----- ----- ----- ----- ----- ---- ---------------------
GT83.hmm             -            540 KW1-S15_126_cg39_2   -            545  8.8e-119  392.7  44.7   1   1  1.7e-121  1.1e-118  392.4  44.7     6   489     8   484     3   513 0.86 -
AA4.hmm              -            522 KW1-S15_126_cg52_10  -            528     2e-33  111.1   0.1   1   1     2e-30   6.3e-28   92.9   0.2    12   260    46   285    40   311 0.82 -
AA7.hmm              -            458 KW1-S15_126_cg52_10  -            528   2.4e-19   65.6   2.1   1   1     2e-21   6.4e-19   64.2   1.5    11   199    82   275    79   288 0.89 -
AA7.hmm              -            458 KW1-S15_126_cg52_11  -            453   1.1e-15   53.5   1.2   1   1   2.5e-17   8.2e-15   50.6   1.2    11   198    32   228    27   244 0.84 -
AA4.hmm              -            522 KW1-S15_126_cg52_11  -            453   3.5e-15   50.9   0.0   1   1     5e-16   1.6e-13   45.4   0.0    15   247     5   222     2   238 0.82 -
CE4.hmm              -            130 KW1-S15_126_cg53_4   -            289   6.6e-21   70.2   0.0   1   1   1.8e-23   1.2e-20   69.3   0.0    10   126    20   159    15   163 0.85 -
AA4.hmm              -            522 KW1-S15_126_cg54_3   -            495   5.5e-26   86.5   0.1   1   1   2.1e-25   6.7e-23   76.4   0.0    15   264     5   257     2   307 0.81 -
AA7.hmm              -            458 KW1-S15_126_cg54_3   -            495   8.2e-18   60.5   5.6   1   1   1.5e-19   4.8e-17   58.0   3.3    28   148    60   182    36   190 0.87 -
GH23.hmm             -            135 KW1-S15_126_cg57_9   -            206   8.4e-35  115.5   0.1   1   1   1.8e-37   1.2e-34  115.1   0.1    14   123    82   190    71   197 0.93 -
GT28.hmm             -            157 KW1-S15_126_cg59_3   -            356   1.6e-51  169.5   0.0   1   1   3.2e-54     2e-51  169.1   0.0     1   157   179   341   179   341 0.97 -
GT2_Glycos_transf_2.hmm PF00535.25   170 KW1-S15_126_cg60_14  -            318   3.7e-37  123.1   0.0   1   1   7.8e-40     5e-37  122.6   0.0     1   140     4   138     4   172 0.90 Glycosyl transferase family 2
AA1.hmm              -            943 KW1-S15_126_cg69_5   -            572   2.7e-40  133.7  15.1   1   1   4.9e-34     1e-31  105.3   5.5   457   567    92   224    55   269 0.70 -
AA1_3.hmm            -            312 KW1-S15_126_cg69_5   -            572   1.9e-24   81.6   0.3   1   1   4.2e-26   8.9e-24   79.5   0.3    34   262    87   343    80   381 0.79 -
AA1_2.hmm            -            337 KW1-S15_126_cg69_5   -            572   1.3e-23   78.8   2.8   1   1   1.3e-22   2.7e-20   67.9   0.4    12   111    95   192    91   235 0.88 -
CE4.hmm              -            130 KW1-S15_126_cg70_3   -            311   3.3e-19   64.7   0.0   1   1   8.2e-22   5.3e-19   64.0   0.0    23   126    68   172    47   176 0.87 -
CE4.hmm              -            130 KW1-S15_126_cg86_7   -            312   3.7e-20   67.7   0.0   1   1     9e-23   5.8e-20   67.1   0.0    23   126    69   173    48   177 0.88 -
GH65.hmm             -            372 KW1-S15_126_cg92_3   -            797  2.7e-134  443.0   0.1   1   1  5.2e-137  3.3e-134  442.7   0.1     1   369   317   725   317   728 0.98 -
GH23.hmm             -            135 KW1-S15_126_cg111_7  -            162   6.8e-18   60.8   0.0   1   1   1.4e-20   8.9e-18   60.4   0.0    16   125    35   156    24   160 0.85 -
GT51.hmm             -            177 KW1-S15_126_cg119_2  -            791   7.2e-65  213.1   0.0   1   1   2.4e-67   1.5e-64  212.0   0.0    11   176   166   335   157   336 0.97 -
GT41.hmm             -            705 KW1-S15_126_cg121_8  -            582   1.4e-42  141.4  16.7   1   3   7.9e-15   5.1e-12   40.4   3.5    49   191    53   185    41   196 0.85 -
GT41.hmm             -            705 KW1-S15_126_cg121_8  -            582   1.4e-42  141.4  16.7   2   3   1.7e-15   1.1e-12   42.6   0.3    70   191   142   253   139   267 0.94 -
GT41.hmm             -            705 KW1-S15_126_cg121_8  -            582   1.4e-42  141.4  16.7   3   3   7.4e-16   4.8e-13   43.8   1.5    63   191   373   492   366   494 0.93 -
AA3.hmm              -            618 KW1-S15_126_cg124_10 -            537   2.2e-39  130.6   0.0   1   1   1.6e-41   2.5e-39  130.4   0.0    87   403     3   534     1   536 0.71 -
AA3_2.hmm            -            568 KW1-S15_126_cg124_10 -            537   3.2e-33  110.5   0.0   1   1     4e-28   6.4e-26   86.4   0.0     2   309     5   306     4   342 0.83 -
AA3_1.hmm            -            548 KW1-S15_126_cg124_10 -            537   2.5e-20   67.8   0.2   1   1   2.5e-18   4.1e-16   53.9   0.4    14   304     3   309     1   347 0.71 -
GH23.hmm             -            135 KW1-S15_126_cg125_2  -            315   2.4e-36  120.5   0.0   1   1   6.5e-39   4.2e-36  119.7   0.0     8   123    49   163    44   172 0.95 -
CE11.hmm             -            271 KW1-S15_126_cg130_5  -            431     1e-83  276.1   0.0   1   1   1.9e-86   1.2e-83  275.8   0.0     1   269   159   424   159   426 0.96 -
GT2_Glycos_transf_2.hmm PF00535.25   170 KW1-S15_126_cg131_1  -            264   1.3e-18   62.7   0.1   1   1   3.4e-21   2.2e-18   62.0   0.1     1   147     9   141     9   163 0.87 Glycosyl transferase family 2
GT4.hmm              -            160 KW1-S15_126_cg131_2  -            368   1.1e-38  127.7   0.0   1   1   7.2e-41   2.3e-38  126.7   0.0     9   152   185   326   179   333 0.97 -
GT5.hmm              -            472 KW1-S15_126_cg131_2  -            368   1.3e-21   72.1   0.0   1   1   7.8e-24   2.5e-21   71.1   0.0   288   471   181   358   170   359 0.81 -
CE4.hmm              -            130 KW1-S15_126_cg135_2  -            233   2.3e-22   74.8   0.0   1   1   7.1e-25   4.5e-22   73.9   0.0    23   125    12   115     3   119 0.90 -
CE4.hmm              -            130 KW1-S15_126_cg135_3  -            301     6e-17   57.4   0.0   1   1   1.8e-19   1.1e-16   56.5   0.0    25   124    59   157    38   162 0.88 -
AA4.hmm              -            522 KW1-S15_126_cg144_6  -            464   1.2e-30  101.9   0.0   1   1   3.6e-28   1.2e-25   85.5   0.0    13   201     5   198     1   242 0.82 -
AA7.hmm              -            458 KW1-S15_126_cg144_6  -            464   3.2e-24   81.7   0.1   1   1   1.6e-25   5.1e-23   77.7   0.4    13   187    51   232    43   253 0.85 -
GT2_Glycos_transf_2.hmm PF00535.25   170 KW1-S15_126_cg148_8  -            326   9.6e-35  115.2   0.0   1   1     2e-37   1.3e-34  114.8   0.0     1   155    24   172    24   187 0.82 Glycosyl transferase family 2
GT41.hmm             -            705 KW1-S15_126_cg162_2  -            162   9.3e-15   49.4   0.0   1   1   2.9e-16   1.9e-13   45.1   0.0    79   191     5   106     1   142 0.90 -
GT2_Glycos_transf_2.hmm PF00535.25   170 KW1-S15_126_cg162_7  -            237   1.3e-32  108.2   0.0   1   1   5.9e-35   1.9e-32  107.7   0.0     1   167     4   173     4   175 0.88 Glycosyl transferase family 2
GT81.hmm                -            293 KW1-S15_126_cg162_7  -            237   9.2e-20   66.0   0.0   1   1   3.9e-22   1.3e-19   65.5   0.0    22   227     2   204     1   216 0.82 -
GT41.hmm             -            705 KW1-S15_126_cg165_4  -            274   4.1e-25   83.7   0.1   1   1   9.7e-19   6.2e-16   53.3   0.0    57   191    35   160    23   162 0.92 -
GH23.hmm             -            135 KW1-S15_126_cg184_4  -            206   6.5e-35  115.9   0.1   1   1   1.5e-37   9.6e-35  115.3   0.1    14   122    82   189    71   197 0.93 -
GT30.hmm             -            177 KW1-S15_126_cg186_2  -            432   7.5e-58  190.2   0.0   1   1   2.8e-59   1.8e-56  185.7   0.0     1   173    33   213    33   215 0.95 -
GT19.hmm             -            354 KW1-S15_126_cg186_4  -            383  4.1e-128  422.2   0.0   1   1  7.3e-131  4.7e-128  422.0   0.0     1   352    11   364    11   366 0.98 -
GT9.hmm              -            225 KW1-S15_126_cg193_4  -            376   1.3e-56  187.3   0.0   1   1   2.5e-59   1.6e-56  187.0   0.0     4   219    85   333    82   339 0.86 -
GT9.hmm              -            225 KW1-S15_126_cg193_7  -            360     2e-52  173.6   0.0   1   1   4.3e-55   2.8e-52  173.2   0.0     4   223    87   332    85   334 0.87 -
GT83.hmm             -            540 KW1-S15_126_cg193_9  -            480   4.4e-90  298.0  49.8   1   1   8.6e-93   5.5e-90  297.7  49.8     9   429    13   460     7   479 0.83 -
GT41.hmm             -            705 KW1-S15_126_cg224_2  -            190   3.5e-15   50.8   0.0   1   1     3e-15   1.9e-12   41.8   0.0    74   191    25   131    19   138 0.94 -
GT83.hmm             -            540 KW1-S15_126_cg264_4  -            125     1e-39  131.7   2.1   1   1     2e-42   1.3e-39  131.5   2.1     9   106    25   122    18   124 0.96 -
GH65.hmm             -            372 KW1-S15_126_cg270_3  -            770  3.3e-134  442.8   0.2   1   1  6.4e-137  4.1e-134  442.4   0.2     1   370   311   698   311   700 0.98 -
GT4.hmm              -            160 KW1-S15_126_cg270_4  -            409   6.2e-31  102.5   0.0   1   1     3e-33   9.5e-31  101.9   0.0     5   159   210   374   206   375 0.94 -
GT5.hmm              -            472 KW1-S15_126_cg270_4  -            409   2.8e-18   61.1   0.2   1   1   5.5e-18   1.8e-15   51.9   0.0   240   471   182   399   162   400 0.77 -
GT2_Glycos_transf_2.hmm PF00535.25   170 KW1-S15_126_cg275_4  -            288   4.5e-33  109.7   0.0   1   1   3.6e-35   5.8e-33  109.4   0.0     1   166     7   162     7   166 0.82 Glycosyl transferase family 2
GT2_Glyco_tranf_2_3.hmm PF13641.5    230 KW1-S15_126_cg275_4  -            288   3.3e-25   84.6   0.1   1   1   3.1e-27     5e-25   84.0   0.1     4   194     6   184     4   190 0.91 Glycosyltransferase like family 2
GT2_Glyco_tranf_2_2.hmm PF10111.8    276 KW1-S15_126_cg275_4  -            288   3.4e-21   71.2   0.0   1   1   3.8e-22   6.1e-20   67.1   0.0     1   206     7   191     7   205 0.85 Glycosyltransferase like family 2
GT27.hmm                -            295 KW1-S15_126_cg275_4  -            288   2.3e-17   58.6   0.0   1   1   2.4e-16   3.8e-14   48.0   0.0     1   116     7   114     7   119 0.91 -
CE7.hmm              -            313 KW1-S15_126_cg284_11 -            278   3.3e-17   57.6   0.0   1   1   3.7e-15   2.4e-12   41.6   0.0   148   302   100   254    87   262 0.82 -
CE4.hmm              -            130 KW1-S15_126_cg285_7  -            232     9e-16   53.5   0.0   1   1   2.3e-18   1.5e-15   52.8   0.0    25   123    15   114     6   119 0.90 -
GT41.hmm             -            705 KW1-S15_126_cg293_3  -            292   6.3e-25   83.0   4.7   1   2   3.1e-16     2e-13   45.0   0.4    63   190    56   173    48   174 0.92 -
GT41.hmm             -            705 KW1-S15_126_cg293_3  -            292   6.3e-25   83.0   4.7   2   2   2.3e-16   1.5e-13   45.4   2.0    58   196   153   281   148   289 0.93 -
GT83.hmm             -            540 KW1-S15_126_cg298_8  -            614   4.3e-15   50.5  49.9   1   1   6.7e-18   4.3e-15   50.5  49.9    11   366    75   488    74   529 0.66 -
GT2_Glycos_transf_2.hmm PF00535.25   170 KW1-S15_126_cg298_9  -            300   7.8e-31  102.5   0.0   1   1   1.7e-33   1.1e-30  102.0   0.0     1   164     8   157     8   161 0.91 Glycosyl transferase family 2
GT4.hmm              -            160 KW1-S15_126_cg298_12 -            387   1.2e-35  117.9   0.0   1   1   6.2e-38     2e-35  117.1   0.0     7   155   186   349   181   354 0.92 -
GT5.hmm              -            472 KW1-S15_126_cg298_12 -            387   1.4e-17   58.7   0.0   1   1   5.8e-20   1.9e-17   58.3   0.0   279   471   178   378   153   379 0.86 -
GT2_Glycos_transf_2.hmm PF00535.25   170 KW1-S15_126_cg298_14 -            306   1.1e-15   53.1   0.0   1   1     4e-18   2.5e-15   52.0   0.0     2   112    11   120    10   181 0.86 Glycosyl transferase family 2
GH23.hmm             -            135 KW1-S15_126_cg299_7  -            251   5.8e-34  112.8   0.2   1   1   1.8e-36   1.1e-33  111.9   0.2    12   123   126   236   117   244 0.94 -
GH23.hmm             -            135 KW1-S15_126_cg306_4  -            677   1.3e-29   98.7   1.0   1   1   3.8e-32   2.4e-29   97.9   0.0     8   124   532   668   524   674 0.91 -
GT9.hmm              -            225 KW1-S15_126_cg316_2  -            348     1e-41  138.6   0.0   1   1   2.3e-44   1.5e-41  138.1   0.0    44   216   123   321    94   331 0.76 -
GT2_Glycos_transf_2.hmm PF00535.25   170 KW1-S15_126_cg336_5  -            237   2.1e-18   62.0   0.0   1   1   4.9e-21   3.2e-18   61.4   0.0     1   152    15   146    15   165 0.80 Glycosyl transferase family 2
GH23.hmm             -            135 KW1-S15_126_cg344_5  -            399   1.3e-18   63.2   0.0   1   1   5.2e-21   3.4e-18   61.8   0.0     2   105   124   239   123   269 0.81 -
AA12.hmm             -            401 KW1-S15_126_cg345_1  -            414   3.9e-19   63.8   0.0   1   1   4.5e-16   2.9e-13   44.4   0.1   185   350   231   367   223   409 0.79 -
#
# Program:         hmmscan
# Version:         3.3.1 (Jul 2020)
# Pipeline mode:   SCAN
# Query file:      /beegfs/home/lxd/2_sea_metagenomics/6.metabat2/bins_redup_refinem_drep/derep_70_10/derepbins_prodigal/KW1-S15_126.proteins.faa
# Target file:     /beegfs/home/lxd/4_salt_metagenomics/tools/CAZy/dbCAN-HMMdb-V8.txt
# Option settings: hmmscan --tblout KW1-S15_126.tbl --domtblout KW1-S15_126_dom.tbl --acc --noali --notextw -E 1e-14 --domE 1e-14 --cpu 30 /beegfs/home/lxd/4_salt_metagenomics/tools/CAZy/dbCAN-HMMdb-V8.txt /beegfs/home/lxd/2_sea_metagenomics/6.metabat2/bins_redup_refinem_drep/derep_70_10/derepbins_prodigal/KW1-S15_126.proteins.faa 
# Current dir:     /beegfs/home/lxd/2_sea_metagenomics/6.metabat2/bins_redup_refinem_drep/derep_70_10/derepbins_cazy
# Date:            Thu Mar  4 15:42:54 2021
# [ok]
