#                                                                            --- full sequence --- -------------- this domain -------------   hmm coord   ali coord   env coord
# target name        accession   tlen query name           accession   qlen   E-value  score  bias   #  of  c-Evalue  i-Evalue  score  bias  from    to  from    to  from    to  acc description of target
#------------------- ---------- ----- -------------------- ---------- ----- --------- ------ ----- --- --- --------- --------- ------ ----- ----- ----- ----- ----- ----- ----- ---- ---------------------
GT41.hmm             -            705 KW1-S11_81_cg4_21    -            739   1.8e-37  124.5   1.6   1   2   4.2e-17   2.7e-14   47.9   0.1   123   191    71   139    70   141 0.93 -
GT41.hmm             -            705 KW1-S11_81_cg4_21    -            739   1.8e-37  124.5   1.6   2   2     2e-17   1.3e-14   49.0   0.0   122   192   138   223   136   448 0.77 -
GT41.hmm             -            705 KW1-S11_81_cg13_2    -            476   3.9e-98  325.0   0.0   1   1  7.2e-101   4.6e-98  324.8   0.0   175   518    11   472     2   475 0.91 -
GT41.hmm             -            705 KW1-S11_81_cg13_3    -            983   1.2e-48  161.5  23.5   1   3   6.6e-17   4.2e-14   47.3   2.0    89   191    22   114     1   120 0.76 -
GT41.hmm             -            705 KW1-S11_81_cg13_3    -            983   1.2e-48  161.5  23.5   2   3   8.1e-18   5.2e-15   50.3   0.2   119   191   177   250   176   277 0.91 -
GT41.hmm             -            705 KW1-S11_81_cg13_3    -            983   1.2e-48  161.5  23.5   3   3   4.2e-15   2.7e-12   41.3   2.9    53   190   503   630   488   636 0.87 -
GT4.hmm              -            160 KW1-S11_81_cg17_1    -            278   5.5e-18   60.5   0.0   1   1   1.4e-20   9.2e-18   59.7   0.0     8   111   180   278   175   278 0.95 -
GT19.hmm             -            354 KW1-S11_81_cg22_5    -            390  3.4e-124  409.3   0.0   1   1    6e-127  3.9e-124  409.1   0.0     2   353    10   368     9   369 0.97 -
GT41.hmm             -            705 KW1-S11_81_cg37_2    -            603   2.3e-38  127.5   0.0   1   2   8.8e-16   5.6e-13   43.5   0.2    81   191     4   104     1   112 0.92 -
GT41.hmm             -            705 KW1-S11_81_cg37_2    -            603   2.3e-38  127.5   0.0   2   2     1e-21   6.4e-19   63.2   0.6    86   190   110   204   105   205 0.93 -
CE1.hmm              -            227 KW1-S11_81_cg43_9    -            271   7.4e-17   57.1   0.0   1   1   1.6e-19   9.9e-17   56.7   0.0     7   155    38   198    34   235 0.71 -
GT41.hmm             -            705 KW1-S11_81_cg43_15   -            635  1.7e-110  365.9   0.0   1   1  5.8e-113  3.7e-110  364.8   0.0    74   516    76   626     3   633 0.91 -
AA4.hmm              -            522 KW1-S11_81_cg44_30   -            475   3.7e-26   87.1   0.0   1   1   4.9e-24   1.6e-21   71.8   0.0    16   194    13   191     6   232 0.91 -
AA7.hmm              -            458 KW1-S11_81_cg44_30   -            475   4.1e-17   58.2   1.5   1   1   5.9e-19   1.9e-16   56.0   1.3    11   210    47   256    41   292 0.90 -
GT28.hmm             -            157 KW1-S11_81_cg44_45   -            377   6.6e-51  167.4   0.4   1   1   1.5e-53   9.5e-51  166.9   0.4     2   156   189   348   188   349 0.97 -
CE11.hmm             -            271 KW1-S11_81_cg44_52   -            289  3.7e-109  359.5   0.0   1   1  6.5e-112  4.2e-109  359.3   0.0    13   270     1   260     1   261 0.99 -
GT30.hmm             -            177 KW1-S11_81_cg47_25   -            426   5.3e-71  233.0   0.0   1   1   5.6e-72   3.6e-69  227.1   0.0     2   176    33   210    32   211 0.97 -
GT9.hmm              -            225 KW1-S11_81_cg47_31   -            346   3.6e-51  169.5   0.0   1   1   7.1e-54   4.5e-51  169.2   0.0     2   222    77   322    76   325 0.85 -
GT4.hmm              -            160 KW1-S11_81_cg47_33   -            132   2.4e-20   68.1   0.0   1   1   4.4e-23   2.8e-20   67.9   0.0    67   159     4    94     1    95 0.95 -
CE1.hmm              -            227 KW1-S11_81_cg52_15   -            287   5.5e-46  152.4   0.0   1   1     1e-48   6.4e-46  152.2   0.0     1   225    29   282    29   284 0.85 -
GT51.hmm             -            177 KW1-S11_81_cg53_17   -            818   1.6e-66  218.5   0.0   1   1   3.6e-69   2.3e-66  217.9   0.0     1   176    74   249    74   250 0.99 -
GT41.hmm             -            705 KW1-S11_81_cg56_5    -            374   2.7e-32  107.4  14.8   1   2   2.1e-15   1.3e-12   42.3   0.4   118   189    91   163    90   166 0.90 -
GT41.hmm             -            705 KW1-S11_81_cg56_5    -            374   2.7e-32  107.4  14.8   2   2   8.5e-17   5.4e-14   46.9   1.6    77   191   163   266   160   282 0.92 -
GH3.hmm              -            216 KW1-S11_81_cg57_41   -            348   1.9e-50  166.7   0.0   1   1   3.7e-53   2.4e-50  166.4   0.0     3   216    50   281    48   281 0.92 -
CE1.hmm              -            227 KW1-S11_81_cg80_2    -            801   7.9e-24   79.9   0.6   1   1   6.7e-26   2.1e-23   78.5   0.2    10   213   558   780   549   792 0.72 -
CE10.hmm             -            341 KW1-S11_81_cg80_2    -            801   1.1e-22   76.5   1.3   1   1   1.1e-24   3.5e-22   74.7   0.3    78   324   554   788   526   797 0.81 -
CE10.hmm             -            341 KW1-S11_81_cg80_8    -            684   1.3e-25   86.1   0.5   1   1     6e-28   1.9e-25   85.5   0.5    64   322   418   665   404   678 0.85 -
GT41.hmm             -            705 KW1-S11_81_cg82_11   -            201   6.7e-16   53.2   0.8   1   1   1.3e-18     8e-16   52.9   0.8    54   191    44   172    23   197 0.89 -
GT9.hmm              -            225 KW1-S11_81_cg90_2    -            377   1.3e-48  161.1   0.5   1   1   2.7e-51   1.8e-48  160.7   0.5     2   204    80   314    79   345 0.86 -
GT41.hmm             -            705 KW1-S11_81_cg93_14   -            765   2.1e-34  114.4   0.0   1   2   4.2e-15   2.7e-12   41.3   0.0   124   191    98   165    96   167 0.92 -
GT41.hmm             -            705 KW1-S11_81_cg93_14   -            765   2.1e-34  114.4   0.0   2   2   5.1e-16   3.3e-13   44.3   0.0   122   192   164   257   162   643 0.72 -
AA1.hmm              -            943 KW1-S11_81_cg95_20   -            607   3.3e-70  232.7   4.8   1   2   2.7e-60   4.4e-58  192.5   0.4   451   680    74   346    24   370 0.81 -
AA1.hmm              -            943 KW1-S11_81_cg95_20   -            607   3.3e-70  232.7   4.8   2   2   7.7e-15   1.2e-12   42.1   0.5   461   538   517   597   440   601 0.85 -
AA1_3.hmm            -            312 KW1-S11_81_cg95_20   -            607     1e-52  174.6   2.1   1   1   9.1e-51   1.5e-48  160.9   0.3    14   267    55   340    44   352 0.86 -
AA1_2.hmm            -            337 KW1-S11_81_cg95_20   -            607   4.6e-49  162.5   1.0   1   1   6.6e-48   1.1e-45  151.5   0.1     1   233    72   342    72   356 0.88 -
AA1_1.hmm            -            303 KW1-S11_81_cg95_20   -            607   1.3e-35  118.3   0.0   1   1   6.3e-27     1e-24   82.5   0.0     4   166    69   218    66   243 0.87 -
GH23.hmm             -            135 KW1-S11_81_cg99_23   -            193   1.2e-17   60.0   0.0   1   1   2.4e-20   1.6e-17   59.6   0.0     9   122    85   186    78   192 0.87 -
AA6.hmm              -            195 KW1-S11_81_cg99_27   -            202   1.4e-63  209.2   0.0   1   1   2.4e-66   1.5e-63  209.1   0.0     2   194     5   194     4   195 0.93 -
CE10.hmm             -            341 KW1-S11_81_cg104_7   -            647   8.9e-27   89.8   0.0   1   1   4.3e-29   1.4e-26   89.2   0.0    93   323   398   622   352   633 0.80 -
CE7.hmm              -            313 KW1-S11_81_cg104_7   -            647   7.5e-16   53.2   0.2   1   1   1.5e-16   4.9e-14   47.2   0.2    55   306   375   613   356   618 0.82 -
GT51.hmm             -            177 KW1-S11_81_cg117_44  -            223   1.8e-52  172.7   0.0   1   1   3.7e-55   2.4e-52  172.3   0.0    14   171    60   217    51   221 0.96 -
GH23.hmm             -            135 KW1-S11_81_cg118_5   -            468   6.1e-24   80.4   0.2   1   1     2e-26   1.3e-23   79.3   0.2    13   122   288   436   278   444 0.93 -
GT41.hmm             -            705 KW1-S11_81_cg123_2   -            589   1.7e-23   78.3   3.3   1   1   4.4e-16   2.8e-13   44.5   0.2    62   190   115   233    99   322 0.86 -
GT41.hmm             -            705 KW1-S11_81_cg127_3   -            715     2e-63  210.3  25.5   1   3   1.5e-24   9.4e-22   72.5   3.2    52   191    13   142     5   143 0.93 -
GT41.hmm             -            705 KW1-S11_81_cg127_3   -            715     2e-63  210.3  25.5   2   3   4.3e-18   2.8e-15   51.2   0.1   124   191   109   176   108   179 0.96 -
GT41.hmm             -            705 KW1-S11_81_cg127_3   -            715     2e-63  210.3  25.5   3   3     2e-18   1.3e-15   52.3   0.2   120   191   138   210   137   212 0.96 -
GT41.hmm             -            705 KW1-S11_81_cg132_2   -            700  3.2e-158  523.6  14.6   1   3   1.3e-15     8e-13   43.0   0.7   118   191   106   180   104   185 0.96 -
GT41.hmm             -            705 KW1-S11_81_cg132_2   -            700  3.2e-158  523.6  14.6   2   3   2.5e-54   1.6e-51  171.0   0.0   517   678   304   466   291   470 0.92 -
GT41.hmm             -            705 KW1-S11_81_cg132_2   -            700  3.2e-158  523.6  14.6   3   3   4.2e-77   2.7e-74  246.2   0.0   306   516   466   693   463   698 0.96 -
GT41.hmm             -            705 KW1-S11_81_cg133_7   -            258   2.3e-19   64.6   4.2   1   1     2e-16   1.3e-13   45.7   0.2    86   191    39   134    24   137 0.91 -
GT41.hmm             -            705 KW1-S11_81_cg137_4   -            563   1.3e-25   85.3   0.7   1   1   1.8e-22   1.1e-19   65.7   0.2    58   191   115   238   100   544 0.87 -
GT9.hmm              -            225 KW1-S11_81_cg137_10  -            367   3.5e-54  179.4   0.0   1   1   9.3e-57   5.9e-54  178.6   0.0     3   217    93   335    91   346 0.86 -
GT4.hmm              -            160 KW1-S11_81_cg137_11  -            362   8.8e-32  105.3   0.0   1   1   5.7e-34   1.8e-31  104.3   0.0     6   159   179   330   174   331 0.97 -
GT5.hmm              -            472 KW1-S11_81_cg137_11  -            362   5.8e-17   56.7   0.0   1   1     3e-19   9.7e-17   56.0   0.0   282   471   174   355   149   356 0.87 -
GH3.hmm              -            216 KW1-S11_81_cg143_4   -            176   8.2e-21   69.8   0.0   1   1   1.6e-23     1e-20   69.5   0.0   138   216    25   109     2   109 0.93 -
GT41.hmm             -            705 KW1-S11_81_cg149_2   -            556   4.2e-25   83.6   0.0   1   1   3.7e-16   2.4e-13   44.8   0.2    53   191    12   140     2   145 0.92 -
GT41.hmm             -            705 KW1-S11_81_cg149_4   -            453   6.6e-16   53.2   0.0   1   1   2.1e-18   1.4e-15   52.2   0.0    92   221     6   116     1   288 0.79 -
GT41.hmm             -            705 KW1-S11_81_cg150_5   -            660  1.5e-147  488.3   1.2   1   1  3.2e-136    2e-133  441.6   0.0    85   522   101   650    96   652 0.94 -
CBM50.hmm            -             40 KW1-S11_81_cg154_5   -            546   3.3e-45  147.5   5.4   1   2   1.2e-17   3.8e-15   51.3   0.0     1    39   428   470   428   470 0.93 -
CBM50.hmm            -             40 KW1-S11_81_cg154_5   -            546   3.3e-45  147.5   5.4   2   2   5.6e-18   1.8e-15   52.4   0.0     1    38   493   534   493   535 0.88 -
GH23.hmm             -            135 KW1-S11_81_cg154_5   -            546   2.8e-24   81.5   0.2   1   1   1.7e-26   5.5e-24   80.5   0.2    23   123   141   261   100   269 0.91 -
GH103.hmm            -            295 KW1-S11_81_cg158_3   -            344   2.1e-93  307.9   0.0   1   1   3.8e-96   2.4e-93  307.7   0.0     8   295    46   335    40   335 0.94 -
AA3.hmm              -            618 KW1-S11_81_cg166_15  -            529   1.1e-46  154.8   0.0   1   1   6.5e-49   1.4e-46  154.4   0.0    86   398    18   517     7   525 0.73 -
AA3_1.hmm            -            548 KW1-S11_81_cg166_15  -            529   2.5e-24   81.0   1.0   1   1   1.7e-16   3.6e-14   47.5   0.7    16   276    21   270     8   277 0.81 -
AA12.hmm             -            401 KW1-S11_81_cg171_18  -            418   3.6e-28   93.5   0.0   1   1   1.5e-30   9.6e-28   92.1   0.0    11   399    26   409    17   411 0.79 -
#
# Program:         hmmscan
# Version:         3.3.1 (Jul 2020)
# Pipeline mode:   SCAN
# Query file:      /beegfs/home/lxd/2_sea_metagenomics/6.metabat2/bins_redup_refinem_drep/derep_70_10/derepbins_prodigal/KW1-S11_81.proteins.faa
# Target file:     /beegfs/home/lxd/4_salt_metagenomics/tools/CAZy/dbCAN-HMMdb-V8.txt
# Option settings: hmmscan --tblout KW1-S11_81.tbl --domtblout KW1-S11_81_dom.tbl --acc --noali --notextw -E 1e-14 --domE 1e-14 --cpu 30 /beegfs/home/lxd/4_salt_metagenomics/tools/CAZy/dbCAN-HMMdb-V8.txt /beegfs/home/lxd/2_sea_metagenomics/6.metabat2/bins_redup_refinem_drep/derep_70_10/derepbins_prodigal/KW1-S11_81.proteins.faa 
# Current dir:     /beegfs/home/lxd/2_sea_metagenomics/6.metabat2/bins_redup_refinem_drep/derep_70_10/derepbins_cazy
# Date:            Thu Mar  4 15:08:42 2021
# [ok]
