#                                                                            --- full sequence --- -------------- this domain -------------   hmm coord   ali coord   env coord
# target name        accession   tlen query name           accession   qlen   E-value  score  bias   #  of  c-Evalue  i-Evalue  score  bias  from    to  from    to  from    to  acc description of target
#------------------- ---------- ----- -------------------- ---------- ----- --------- ------ ----- --- --- --------- --------- ------ ----- ----- ----- ----- ----- ----- ----- ---- ---------------------
GH23.hmm             -            135 KW1-S21_82_cg5_4     -            468   5.7e-23   77.2   0.3   1   1     2e-25   1.3e-22   76.1   0.1    14   123   289   437   277   445 0.93 -
GT41.hmm             -            705 KW1-S21_82_cg16_14   -            198   3.8e-16   54.0   0.2   1   1   6.6e-19   4.2e-16   53.9   0.2    55   191    42   169    19   195 0.89 -
AA3.hmm              -            618 KW1-S21_82_cg21_29   -            551   1.7e-58  193.7   0.0   1   1   1.7e-60   2.2e-58  193.3   0.0    86   398     8   542     5   548 0.78 -
AA3_2.hmm            -            568 KW1-S21_82_cg21_29   -            551   3.1e-32  107.3   0.1   1   1   1.7e-20   2.1e-18   61.6   0.0     3   280    12   301    10   302 0.78 -
AA3_1.hmm            -            548 KW1-S21_82_cg21_29   -            551   2.8e-31  104.0   0.0   1   1   7.5e-16   9.7e-14   46.1   0.0    11   123     6   119     1   123 0.79 -
CE10.hmm             -            341 KW1-S21_82_cg22_4    -            744   2.2e-21   72.1   0.1   1   1   5.3e-24   3.4e-21   71.5   0.1    90   324   512   730   453   740 0.80 -
GH103.hmm            -            295 KW1-S21_82_cg29_16   -            344   4.8e-94  310.0   0.0   1   1   8.7e-97   5.6e-94  309.8   0.0     6   294    44   334    40   335 0.94 -
GT41.hmm             -            705 KW1-S21_82_cg30_2    -            765   1.6e-34  114.7   0.0   1   2   2.6e-15   1.6e-12   42.0   0.1   122   191    96   165    94   166 0.92 -
GT41.hmm             -            705 KW1-S21_82_cg30_2    -            765   1.6e-34  114.7   0.0   2   2   5.1e-16   3.3e-13   44.3   0.0   122   192   164   256   162   643 0.72 -
GT9.hmm              -            225 KW1-S21_82_cg39_4    -            361   2.6e-49  163.4   0.2   1   1   5.1e-52   3.3e-49  163.1   0.2     2   204    80   314    79   340 0.85 -
GT41.hmm             -            705 KW1-S21_82_cg42_2    -            347   1.5e-32  108.3  11.1   1   2   1.4e-15     9e-13   42.9   5.0    41   191    11   150     3   152 0.73 -
GT41.hmm             -            705 KW1-S21_82_cg42_2    -            347   1.5e-32  108.3  11.1   2   2     3e-15   1.9e-12   41.8   0.0   123   191   218   286   216   342 0.86 -
GT41.hmm             -            705 KW1-S21_82_cg42_5    -            379   1.5e-24   81.8   0.0   1   1   9.2e-16   5.9e-13   43.5   0.0    51   191    10   140     1   142 0.90 -
AA7.hmm              -            458 KW1-S21_82_cg57_9    -            496  5.1e-101  334.8   3.9   1   1   7.5e-96   4.8e-93  308.5   0.3     3   359    77   424    75   437 0.93 -
CE1.hmm              -            227 KW1-S21_82_cg67_3    -            271   1.5e-20   69.2   0.0   1   1   3.1e-23     2e-20   68.8   0.0     6   143    37   190    33   248 0.73 -
CE11.hmm             -            271 KW1-S21_82_cg74_1    -            273  7.1e-104  342.2   0.0   1   1  1.3e-106    8e-104  342.0   0.0    30   270     2   244     1   245 0.99 -
GT41.hmm             -            705 KW1-S21_82_cg85_12   -            603   4.6e-38  126.5   0.0   1   1   1.4e-21   8.8e-19   62.7   0.3    86   190   110   204   105   205 0.94 -
GT28.hmm             -            157 KW1-S21_82_cg86_8    -            377   3.2e-52  171.7   0.1   1   1     8e-55   5.1e-52  171.1   0.1     2   156   189   348   188   349 0.96 -
AA4.hmm              -            522 KW1-S21_82_cg86_22   -            475   3.4e-25   83.9   0.0   1   1   1.6e-22     5e-20   66.9   0.0    44   194    41   191     9   237 0.85 -
AA7.hmm              -            458 KW1-S21_82_cg86_22   -            475   7.5e-17   57.4   0.4   1   1   1.3e-18   4.3e-16   54.9   0.4    12   210    48   256    42   269 0.91 -
GH3.hmm              -            216 KW1-S21_82_cg87_5    -            348   6.5e-52  171.5   0.0   1   1   1.2e-54   7.9e-52  171.2   0.0     5   215    52   280    48   281 0.91 -
GT41.hmm             -            705 KW1-S21_82_cg111_5   -            700  2.5e-159  527.3  13.5   1   4     6e-15   3.9e-12   40.8   3.0    85   190    16   111     3   113 0.86 -
GT41.hmm             -            705 KW1-S21_82_cg111_5   -            700  2.5e-159  527.3  13.5   2   4   1.8e-15   1.1e-12   42.5   0.1   127   204   184   261   179   281 0.92 -
GT41.hmm             -            705 KW1-S21_82_cg111_5   -            700  2.5e-159  527.3  13.5   3   4     8e-55   5.1e-52  172.6   0.0   520   680   307   468   272   473 0.91 -
GT41.hmm             -            705 KW1-S21_82_cg111_5   -            700  2.5e-159  527.3  13.5   4   4   7.6e-76   4.9e-73  242.1   0.0   306   516   466   693   464   698 0.96 -
GT41.hmm             -            705 KW1-S21_82_cg112_16  -            796   1.6e-30  101.5   3.6   1   1     1e-15   6.7e-13   43.3   1.6    50   191   415   553   364   555 0.76 -
AA12.hmm             -            401 KW1-S21_82_cg125_5   -            418   7.2e-27   89.2   0.0   1   1   2.9e-29   1.9e-26   87.9   0.0    11   399    26   409    16   411 0.77 -
GT51.hmm             -            177 KW1-S21_82_cg127_6   -            241   9.9e-52  170.3   0.0   1   1     2e-54   1.3e-51  169.9   0.0    14   170    78   234    69   239 0.96 -
GT41.hmm             -            705 KW1-S21_82_cg132_2   -            983   5.8e-48  159.2  18.2   1   3   3.3e-16   2.1e-13   44.9   2.1    98   191    24   114     1   120 0.75 -
GT41.hmm             -            705 KW1-S21_82_cg132_2   -            983   5.8e-48  159.2  18.2   2   3   3.3e-18   2.1e-15   51.5   0.1   119   191   177   250   176   357 0.89 -
GT41.hmm             -            705 KW1-S21_82_cg132_2   -            983   5.8e-48  159.2  18.2   3   3   4.7e-15     3e-12   41.1   2.5    54   191   504   631   490   640 0.87 -
AA1.hmm              -            943 KW1-S21_82_cg134_6   -            164   2.9e-33  110.4   2.6   1   1   1.8e-35   2.9e-33  110.4   2.6   451   543    73   164    18   164 0.90 -
AA1_3.hmm            -            312 KW1-S21_82_cg134_6   -            164   4.3e-33  110.1   0.5   1   1   3.1e-35   4.9e-33  109.9   0.5    10   127    50   164    42   164 0.93 -
AA1_2.hmm            -            337 KW1-S21_82_cg134_6   -            164   9.9e-27   89.1   0.4   1   1   6.9e-29   1.1e-26   88.9   0.4     1    95    71   161    71   164 0.93 -
AA1_1.hmm            -            303 KW1-S21_82_cg134_6   -            164   1.3e-21   72.2   0.1   1   1   9.6e-24   1.5e-21   72.0   0.1     4   105    68   161    65   164 0.91 -
GT2_Glycos_transf_2.hmm PF00535.25   170 KW1-S21_82_cg137_6   -            257   1.1e-29   98.7   0.0   1   1   4.8e-32   1.5e-29   98.2   0.0     1   131    15   149    15   178 0.91 Glycosyl transferase family 2
GT2_Glyco_tranf_2_3.hmm PF13641.5    230 KW1-S21_82_cg137_6   -            257   2.2e-15   52.4   0.0   1   1   1.2e-17   3.9e-15   51.6   0.0     4   136    14   145    12   191 0.86 Glycosyltransferase like family 2
GT83.hmm             -            540 KW1-S21_82_cg137_8   -            577   4.7e-88  291.3  54.1   1   1   8.8e-91   5.6e-88  291.0  54.1     5   500    10   506     6   539 0.78 -
CE10.hmm             -            341 KW1-S21_82_cg142_1   -            500   3.5e-23   78.0   0.4   1   1   1.6e-25   5.2e-23   77.5   0.4    80   321   253   484   195   495 0.82 -
CE1.hmm              -            227 KW1-S21_82_cg142_1   -            500   2.1e-22   75.3   0.2   1   1   6.6e-25   2.1e-22   75.3   0.2     9   199   256   467   248   495 0.72 -
CE10.hmm             -            341 KW1-S21_82_cg142_7   -            232   3.7e-21   71.4   0.7   1   1     7e-24   4.5e-21   71.1   0.7    96   325     1   216     1   224 0.86 -
GT19.hmm             -            354 KW1-S21_82_cg143_9   -            390  1.7e-124  410.3   0.0   1   1  2.9e-127  1.9e-124  410.2   0.0     2   353    10   368     9   369 0.97 -
GT41.hmm             -            705 KW1-S21_82_cg145_19  -            758   1.8e-27   91.4   8.4   1   2   1.3e-20   8.1e-18   59.5   1.8    23   191     9   167     2   168 0.87 -
GT41.hmm             -            705 KW1-S21_82_cg145_19  -            758   1.8e-27   91.4   8.4   2   2   1.6e-15     1e-12   42.7   0.3    81   192   135   245   134   391 0.76 -
GH23.hmm             -            135 KW1-S21_82_cg145_40  -            195   2.4e-19   65.5   0.0   1   1   4.9e-22   3.1e-19   65.1   0.0     8   120    86   186    80   194 0.87 -
AA6.hmm              -            195 KW1-S21_82_cg145_44  -            202   3.7e-65  214.4   0.0   1   1   6.4e-68   4.1e-65  214.2   0.0     2   195     5   195     4   195 0.93 -
CE10.hmm             -            341 KW1-S21_82_cg148_2   -            647     3e-28   94.7   0.0   1   1     7e-31   4.5e-28   94.1   0.0    84   323   398   622   351   633 0.81 -
GT41.hmm             -            705 KW1-S21_82_cg151_4   -            715   1.7e-47  157.7  13.6   1   2   1.9e-24   1.2e-21   72.2   1.6    49   191    10   142     2   144 0.93 -
GT41.hmm             -            705 KW1-S21_82_cg151_4   -            715   1.7e-47  157.7  13.6   2   2   7.2e-17   4.6e-14   47.1   0.2   123   191   142   210   141   211 0.94 -
AA7.hmm              -            458 KW1-S21_82_cg160_2   -            225   1.1e-61  205.2   2.6   1   1     2e-64   1.3e-61  205.0   2.6     3   166    43   206    41   208 0.98 -
AA1.hmm              -            943 KW1-S21_82_cg163_5   -            318     8e-52  171.8   0.0   1   1   5.9e-54   9.5e-52  171.6   0.0   450   646    66   315    14   317 0.81 -
AA1_3.hmm            -            312 KW1-S21_82_cg163_5   -            318     4e-45  149.6   0.0   1   1   1.6e-46   2.6e-44  146.9   0.0    14   241    55   315    44   317 0.85 -
AA1_2.hmm            -            337 KW1-S21_82_cg163_5   -            318   2.2e-41  137.2   0.0   1   1   5.6e-43     9e-41  135.2   0.0     1   205    72   316    72   317 0.91 -
AA1_1.hmm            -            303 KW1-S21_82_cg163_5   -            318   3.5e-32  107.0   0.0   1   1   1.4e-27   2.3e-25   84.6   0.0     4   167    69   219    66   237 0.84 -
AA1.hmm              -            943 KW1-S21_82_cg163_6   -            248   3.5e-15   50.6   0.6   1   1   5.8e-18   3.7e-15   50.5   0.6   462   538   160   238    91   242 0.85 -
GT41.hmm             -            705 KW1-S21_82_cg179_24  -            640  3.9e-114  377.9   0.0   1   1  1.9e-116  1.2e-113  376.3   0.0    63   518    66   628     2   636 0.91 -
GT51.hmm             -            177 KW1-S21_82_cg182_12  -            869   1.1e-65  215.8   0.0   1   1   2.6e-68   1.7e-65  215.1   0.0     1   176    58   233    58   234 0.99 -
#
# Program:         hmmscan
# Version:         3.3.1 (Jul 2020)
# Pipeline mode:   SCAN
# Query file:      /beegfs/home/lxd/2_sea_metagenomics/6.metabat2/bins_redup_refinem_drep/derep_70_10/derepbins_prodigal/KW1-S21_82.proteins.faa
# Target file:     /beegfs/home/lxd/4_salt_metagenomics/tools/CAZy/dbCAN-HMMdb-V8.txt
# Option settings: hmmscan --tblout KW1-S21_82.tbl --domtblout KW1-S21_82_dom.tbl --acc --noali --notextw -E 1e-14 --domE 1e-14 --cpu 30 /beegfs/home/lxd/4_salt_metagenomics/tools/CAZy/dbCAN-HMMdb-V8.txt /beegfs/home/lxd/2_sea_metagenomics/6.metabat2/bins_redup_refinem_drep/derep_70_10/derepbins_prodigal/KW1-S21_82.proteins.faa 
# Current dir:     /beegfs/home/lxd/2_sea_metagenomics/6.metabat2/bins_redup_refinem_drep/derep_70_10/derepbins_cazy
# Date:            Thu Mar  4 19:38:11 2021
# [ok]
