#                                                                            --- full sequence --- -------------- this domain -------------   hmm coord   ali coord   env coord
# target name        accession   tlen query name           accession   qlen   E-value  score  bias   #  of  c-Evalue  i-Evalue  score  bias  from    to  from    to  from    to  acc description of target
#------------------- ---------- ----- -------------------- ---------- ----- --------- ------ ----- --- --- --------- --------- ------ ----- ----- ----- ----- ----- ----- ----- ---- ---------------------
CE10.hmm             -            341 KW1-S11_24_cg22_1    -            128   3.7e-23   77.9   0.2   1   1   6.1e-26   3.9e-23   77.9   0.2    66   155    44   127     8   128 0.80 -
CE10.hmm             -            341 KW1-S11_24_cg24_3    -            297   2.3e-58  193.7   0.3   1   1   4.4e-61   2.8e-58  193.4   0.3    62   334    35   292     6   295 0.84 -
GH102.hmm            -            157 KW1-S11_24_cg28_1    -            425   9.5e-52  170.4   0.0   1   1   2.1e-54   1.4e-51  169.9   0.0     1   157   158   314   158   314 0.99 -
CE11.hmm             -            271 KW1-S11_24_cg56_19   -            294   1.3e-98  324.9   0.0   1   1  2.2e-101   1.4e-98  324.8   0.0     1   270     3   273     3   274 0.99 -
AA12.hmm             -            401 KW1-S11_24_cg127_1   -            385   2.5e-18   61.1   0.1   1   1   9.6e-17   6.1e-14   46.7   0.1   294   350   275   337   259   347 0.82 -
GH109.hmm            -            126 KW1-S11_24_cg156_3   -            358   6.4e-17   57.4   0.3   1   1   1.1e-18   7.2e-16   54.1   0.3     2   122     8   118     7   121 0.91 -
GT51.hmm             -            177 KW1-S11_24_cg161_1   -            756     8e-63  206.4   0.0   1   1     2e-65   1.3e-62  205.7   0.0     4   176    59   230    56   231 0.97 -
GH23.hmm             -            135 KW1-S11_24_cg163_1   -            329   6.9e-29   96.4   0.2   1   1   2.2e-31   1.4e-28   95.4   0.2    11   122   189   319   179   325 0.93 -
GT9.hmm              -            225 KW1-S11_24_cg167_4   -            348   1.2e-49  164.6   0.0   1   1   2.7e-52   1.7e-49  164.0   0.0     1   211    73   311    73   328 0.81 -
GT28.hmm             -            157 KW1-S11_24_cg174_2   -            371   6.4e-46  151.3   0.0   1   1   1.6e-48     1e-45  150.6   0.0     2   152   193   347   192   352 0.95 -
GH84.hmm             -            295 KW1-S11_24_cg214_1   -            331   4.5e-37  123.1   0.0   1   1   8.5e-40   5.5e-37  122.9   0.0   103   282     3   198     1   212 0.94 -
AA1.hmm              -            943 KW1-S11_24_cg222_2   -            437   3.3e-47  156.6  18.6   1   2     2e-37   3.2e-35  116.9   4.4   451   573   119   245    58   276 0.84 -
AA1.hmm              -            943 KW1-S11_24_cg222_2   -            437   3.3e-47  156.6  18.6   2   2   6.5e-16     1e-13   45.7   6.3   460   549   322   422   308   432 0.80 -
AA1_3.hmm            -            312 KW1-S11_24_cg222_2   -            437   1.9e-30  101.4   0.1   1   1   5.2e-32   8.3e-30   99.3   0.1    17   262   104   391    92   422 0.80 -
AA1_2.hmm            -            337 KW1-S11_24_cg222_2   -            437   2.3e-25   84.6   1.5   1   1     6e-27   9.6e-25   82.6   1.5     5   220   121   386   119   410 0.82 -
AA1_1.hmm            -            303 KW1-S11_24_cg222_2   -            437   8.7e-23   76.1   0.0   1   1   1.2e-21   1.9e-19   65.2   0.0     5   132   115   236   113   267 0.88 -
GH84.hmm             -            295 KW1-S11_24_cg226_1   -            163   3.8e-24   80.7   0.0   1   1   6.8e-27   4.3e-24   80.5   0.0     2   136    11   151    10   160 0.93 -
GT4.hmm              -            160 KW1-S11_24_cg227_6   -            379   2.9e-39  129.6   0.0   1   1   1.8e-41   5.7e-39  128.6   0.0    11   159   206   352   199   353 0.97 -
GT5.hmm              -            472 KW1-S11_24_cg227_6   -            379   5.8e-17   56.7   0.1   1   1   9.5e-19   3.1e-16   54.4   0.0   295   469   207   375   200   378 0.80 -
GT19.hmm             -            354 KW1-S11_24_cg231_3   -            385  6.1e-111  365.7   0.0   1   1  1.1e-113  6.9e-111  365.6   0.0     2   352     4   357     3   359 0.98 -
CBM50.hmm            -             40 KW1-S11_24_cg280_2   -            652   9.2e-26   85.3   4.2   1   1     3e-17   9.8e-15   50.0   0.2     2    40   395   437   395   437 0.89 -
GH23.hmm             -            135 KW1-S11_24_cg280_2   -            652   7.4e-17   57.4   0.3   1   1   7.4e-19   2.4e-16   55.8   0.1     2   104   156   260   155   292 0.84 -
GH23.hmm             -            135 KW1-S11_24_cg285_1   -            728   7.5e-31  102.7   0.1   1   1     3e-33   1.9e-30  101.4   0.0    15   129    26   144    17   150 0.91 -
CE4.hmm              -            130 KW1-S11_24_cg302_4   -            294   1.8e-31  104.3   0.0   1   1   4.1e-34   2.7e-31  103.8   0.0     7   128    92   231    87   233 0.93 -
GT4.hmm              -            160 KW1-S11_24_cg309_5   -            104   7.3e-21   69.8   0.1   1   1   1.4e-23   9.2e-21   69.5   0.1    83   157     1    73     1    76 0.97 -
CE7.hmm              -            313 KW1-S11_24_cg316_4   -            332   3.5e-18   60.8   0.3   1   1   8.8e-21   5.6e-18   60.1   0.3    63   222    46   210    33   229 0.81 -
AA7.hmm              -            458 KW1-S11_24_cg324_1   -            962     3e-15   52.1   0.3   1   1   8.5e-17   5.5e-14   47.9   0.6    10   147    32   172    27   178 0.92 -
GH23.hmm             -            135 KW1-S11_24_cg338_3   -            406   1.4e-28   95.4   0.2   1   1   3.5e-31   2.2e-28   94.7   0.2     2   128   115   258   114   263 0.93 -
GT20.hmm             -            475 KW1-S11_24_cg350_5   -            491  1.1e-170  563.4   0.0   1   1  2.2e-173  1.4e-170  563.1   0.0    11   470     5   467     1   469 0.96 -
GT4.hmm              -            160 KW1-S11_24_cg350_7   -            414   1.1e-28   95.2   0.0   1   1   2.9e-31   1.8e-28   94.5   0.0     6   159   217   375   213   376 0.90 -
GT4.hmm              -            160 KW1-S11_24_cg397_2   -            383   4.1e-30   99.9   0.0   1   1   9.4e-33     6e-30   99.3   0.0    13   149   178   313   168   321 0.93 -
GH23.hmm             -            135 KW1-S11_24_cg401_2   -            269   1.4e-23   79.2   1.5   1   1   2.9e-26   1.8e-23   78.8   1.2     8   123    82   210    75   218 0.90 -
GT4.hmm              -            160 KW1-S11_24_cg412_3   -            336   5.3e-29   96.3   0.0   1   1   1.1e-31   7.4e-29   95.8   0.0     9   145   199   336   197   336 0.92 -
GT4.hmm              -            160 KW1-S11_24_cg426_2   -            417   1.1e-29   98.5   0.0   1   1   2.6e-32   1.7e-29   97.9   0.0     9   159   232   380   227   381 0.93 -
GT4.hmm              -            160 KW1-S11_24_cg426_3   -            425     4e-31  103.2   0.0   1   1   4.4e-33   1.4e-30  101.4   0.0    12   159   248   392   246   393 0.94 -
GT5.hmm              -            472 KW1-S11_24_cg426_3   -            425   9.6e-20   65.9   0.0   1   1   1.1e-18   3.5e-16   54.2   0.0   295   471   248   417   195   418 0.92 -
AA3.hmm              -            618 KW1-S11_24_cg438_1   -            569   4.9e-55  182.3   0.0   1   1   3.8e-57     6e-55  182.0   0.0    86   402     7   564     2   567 0.80 -
AA3_2.hmm            -            568 KW1-S11_24_cg438_1   -            569   5.3e-25   83.4   0.0   1   1   5.7e-19   9.1e-17   56.2   0.0     2   280    10   306     9   330 0.79 -
AA3_4.hmm            -            549 KW1-S11_24_cg438_1   -            569   9.6e-24   79.2   0.2   1   1   1.4e-16   2.2e-14   48.3   0.0   413   547   423   561   404   563 0.90 -
CE10.hmm             -            341 KW1-S11_24_cg448_2   -            283   3.9e-32  107.5   0.0   1   1   7.9e-35   5.1e-32  107.1   0.0    47   308    27   259     5   277 0.83 -
GT9.hmm              -            225 KW1-S11_24_cg452_2   -            352   2.5e-39  130.8   0.0   1   1   5.1e-42   3.3e-39  130.4   0.0     2   213    64   312    63   325 0.78 -
AA4.hmm              -            522 KW1-S11_24_cg473_3   -            465   1.9e-28   94.7   0.0   1   1   1.3e-29   4.1e-27   90.2   0.2    53   249    22   212     7   225 0.86 -
AA7.hmm              -            458 KW1-S11_24_cg473_3   -            465   1.8e-24   82.5   1.3   1   1   1.4e-26   4.5e-24   81.2   1.2    17   196    25   215    20   226 0.84 -
GT51.hmm             -            177 KW1-S11_24_cg474_6   -            786   6.6e-58  190.4   0.0   1   1   1.5e-60   9.8e-58  189.8   0.0     2   156    68   223    67   257 0.95 -
GH109.hmm            -            126 KW1-S11_24_cg491_6   -            340   2.7e-16   55.4   0.0   1   1   1.4e-18   9.2e-16   53.7   0.0     2   123     2   114     1   116 0.92 -
CE3.hmm              -            194 KW1-S11_24_cg493_4   -            251   1.2e-17   59.8   0.0   1   1   1.5e-19   9.4e-17   56.8   0.0     3   191    72   241    71   244 0.90 -
CE10.hmm             -            341 KW1-S11_24_cg501_4   -            166   2.3e-29   98.4   0.0   1   1   3.9e-32   2.5e-29   98.2   0.0   167   334     4   161     1   164 0.88 -
GT83.hmm             -            540 KW1-S11_24_cg534_6   -            543   7.6e-39  128.9  45.3   1   1   1.2e-41   7.6e-39  128.9  45.3    50   366    48   372    13   398 0.83 -
#
# Program:         hmmscan
# Version:         3.3.1 (Jul 2020)
# Pipeline mode:   SCAN
# Query file:      /beegfs/home/lxd/2_sea_metagenomics/6.metabat2/bins_redup_refinem_drep/derep_70_10/derepbins_prodigal/KW1-S11_24.proteins.faa
# Target file:     /beegfs/home/lxd/4_salt_metagenomics/tools/CAZy/dbCAN-HMMdb-V8.txt
# Option settings: hmmscan --tblout KW1-S11_24.tbl --domtblout KW1-S11_24_dom.tbl --acc --noali --notextw -E 1e-14 --domE 1e-14 --cpu 30 /beegfs/home/lxd/4_salt_metagenomics/tools/CAZy/dbCAN-HMMdb-V8.txt /beegfs/home/lxd/2_sea_metagenomics/6.metabat2/bins_redup_refinem_drep/derep_70_10/derepbins_prodigal/KW1-S11_24.proteins.faa 
# Current dir:     /beegfs/home/lxd/2_sea_metagenomics/6.metabat2/bins_redup_refinem_drep/derep_70_10/derepbins_cazy
# Date:            Thu Mar  4 15:00:19 2021
# [ok]
