#                                                                            --- full sequence --- -------------- this domain -------------   hmm coord   ali coord   env coord
# target name        accession   tlen query name           accession   qlen   E-value  score  bias   #  of  c-Evalue  i-Evalue  score  bias  from    to  from    to  from    to  acc description of target
#------------------- ---------- ----- -------------------- ---------- ----- --------- ------ ----- --- --- --------- --------- ------ ----- ----- ----- ----- ----- ----- ----- ---- ---------------------
GH23.hmm             -            135 KW1-S15_98_cg4_3     -            600   1.5e-23   79.1   0.0   1   1   5.4e-26   3.5e-23   77.9   0.0    17   120   431   557   426   565 0.91 -
CE9.hmm              -            373 KW1-S15_98_cg25_3    -            365  6.4e-113  372.3   2.2   1   1  1.2e-115  7.5e-113  372.1   2.2     4   373     6   358     4   358 0.95 -
AA3_2.hmm            -            568 KW1-S15_98_cg27_8    -            220   9.8e-69  227.8   0.1   1   1   8.5e-71   1.1e-68  227.6   0.1     2   229     6   219     5   220 0.97 -
AA3.hmm              -            618 KW1-S15_98_cg27_8    -            220   1.2e-44  148.0   0.1   1   1   1.2e-46   1.5e-44  147.7   0.1    88   226     5   219     2   220 0.81 -
AA3_3.hmm            -            590 KW1-S15_98_cg27_8    -            220   9.5e-40  131.8   0.0   1   1   8.2e-42   1.1e-39  131.6   0.0     3   221     7   218     5   220 0.90 -
AA3_1.hmm            -            548 KW1-S15_98_cg27_8    -            220   4.9e-24   80.1   0.2   1   1   1.4e-25   1.8e-23   78.2   0.2    14   224     4   218     1   220 0.80 -
AA8.hmm              -            815 KW1-S15_98_cg27_8    -            220   6.9e-18   59.2   0.9   1   1     7e-19     9e-17   55.5   0.9   243   453     4   218     1   220 0.75 -
GH103.hmm            -            295 KW1-S15_98_cg28_2    -            326  6.3e-118  388.4   0.0   1   1  1.1e-120  7.1e-118  388.2   0.0     1   295    29   323    29   323 0.99 -
CE4.hmm              -            130 KW1-S15_98_cg37_11   -            279   5.1e-22   73.8   0.0   1   1   1.7e-24   1.1e-21   72.7   0.0     7   127     2   145     1   147 0.81 -
AA4.hmm              -            522 KW1-S15_98_cg40_5    -            478   3.1e-22   74.2   0.0   1   1     1e-19   3.2e-17   57.6   0.0    17   251    16   240    12   259 0.79 -
AA7.hmm              -            458 KW1-S15_98_cg40_5    -            478   1.5e-17   59.7   0.2   1   1     4e-19   1.3e-16   56.6   0.2    17   223    53   267    46   301 0.86 -
CE10.hmm             -            341 KW1-S15_98_cg47_3    -            291   1.8e-20   69.1   0.5   1   1   4.4e-23   2.8e-20   68.5   0.5    64   309    42   259     8   288 0.75 -
GT1.hmm              -            382 KW1-S15_98_cg53_3    -            393   2.4e-15   52.7   7.4   1   1   1.4e-17     9e-15   50.9   7.4    36   352    16   364     3   388 0.78 -
GT51.hmm             -            177 KW1-S15_98_cg71_6    -            807   7.5e-65  213.0   0.0   1   1   1.8e-67   1.1e-64  212.4   0.0     1   177    55   234    55   234 0.97 -
CE10.hmm             -            341 KW1-S15_98_cg73_4    -            223   4.4e-42  140.2   0.5   1   1   7.5e-45   4.8e-42  140.1   0.5   109   338     2   221     1   222 0.86 -
CE10.hmm             -            341 KW1-S15_98_cg84_3    -            315   2.2e-74  246.4   0.8   1   1     4e-77   2.6e-74  246.2   0.8    54   336    37   311     4   313 0.87 -
GH109.hmm            -            126 KW1-S15_98_cg85_2    -            374   6.7e-15   50.9   0.1   1   1   2.1e-17   1.3e-14   50.0   0.1     3   122    10   120     8   124 0.91 -
GT41.hmm             -            705 KW1-S15_98_cg121_2   -            648   5.1e-71  235.4   0.5   1   1     1e-68   6.6e-66  218.5   0.0    80   516   137   647   127   647 0.92 -
GT28.hmm             -            157 KW1-S15_98_cg134_1   -            359   1.3e-45  150.3   0.0   1   1   2.9e-48   1.9e-45  149.7   0.0     2   156   166   327   165   328 0.96 -
GT81.hmm             -            293 KW1-S15_98_cg137_2   -            326   1.4e-18   62.1   0.1   1   1   2.9e-21   1.9e-18   61.7   0.1    14   216    10   197     2   211 0.84 -
CE4.hmm              -            130 KW1-S15_98_cg150_4   -            301   3.5e-15   51.6   0.0   1   1   9.5e-18   6.1e-15   50.9   0.0    23   125    80   183    69   187 0.79 -
AA3_2.hmm            -            568 KW1-S15_98_cg158_1   -             65   2.2e-19   64.9   0.0   1   1   7.1e-22   2.3e-19   64.8   0.0     3    60     8    65     6    65 0.92 -
AA3.hmm              -            618 KW1-S15_98_cg158_1   -             65   6.6e-15   49.7   0.0   1   1   2.1e-17   6.6e-15   49.7   0.0    89   124     7    45     1    64 0.82 -
GT4.hmm              -            160 KW1-S15_98_cg183_2   -            347   3.9e-35  116.2   0.0   1   1   1.8e-37   5.7e-35  115.7   0.0     8   154   168   308   163   314 0.96 -
GT5.hmm              -            472 KW1-S15_98_cg183_2   -            347   1.2e-18   62.3   0.0   1   1   4.7e-21   1.5e-18   61.9   0.0   283   472   160   339   154   339 0.91 -
GT30.hmm             -            177 KW1-S15_98_cg188_4   -            453   1.5e-62  205.5   0.4   1   1   4.3e-65   2.8e-62  204.6   0.4     2   175    60   235    59   237 0.98 -
GT4.hmm              -            160 KW1-S15_98_cg188_6   -            344   2.8e-22   74.4   0.0   1   1   7.4e-25   4.7e-22   73.7   0.0     9   139   184   301   180   311 0.88 -
CE10.hmm             -            341 KW1-S15_98_cg206_9   -            310   2.5e-71  236.3   0.2   1   1   5.1e-74   3.3e-71  236.0   0.2    58   334    41   303    25   308 0.89 -
CE10.hmm             -            341 KW1-S15_98_cg206_13  -            277   1.1e-38  129.1   2.0   1   1   2.1e-41   1.3e-38  128.7   2.0    80   309    45   252    22   266 0.80 -
CE10.hmm             -            341 KW1-S15_98_cg221_5   -            325   1.1e-73  244.1   2.4   1   1   2.2e-76   1.4e-73  243.7   2.4    28   327    11   302     3   313 0.87 -
GT2_Glycos_transf_2.hmm PF00535.25   170 KW1-S15_98_cg226_10  -            392   3.4e-24   80.9   0.0   1   1   7.8e-27     5e-24   80.3   0.0     1   166    15   174    15   176 0.97 Glycosyl transferase family 2
GT19.hmm             -            354 KW1-S15_98_cg240_1   -            390  1.4e-120  397.4   0.1   1   1  2.7e-123  1.7e-120  397.1   0.1     1   350    10   363    10   367 0.94 -
GT9.hmm              -            225 KW1-S15_98_cg273_2   -            368   1.4e-39  131.7   0.3   1   1   3.3e-42   2.1e-39  131.0   0.3    11   202   117   318   106   342 0.77 -
CE11.hmm             -            271 KW1-S15_98_cg275_4   -            317  6.5e-114  375.1   0.0   1   1  1.2e-116  7.4e-114  374.9   0.0     1   270    14   285    14   286 0.98 -
AA4.hmm              -            522 KW1-S15_98_cg298_2   -            496   4.9e-29   96.6   0.0   1   1   5.1e-25   1.6e-22   75.1   0.2    10   251    10   241     2   251 0.86 -
AA7.hmm              -            458 KW1-S15_98_cg298_2   -            496   7.3e-22   73.9   0.6   1   1   4.6e-24   1.5e-21   72.9   0.6    12   194    49   238    46   249 0.90 -
GT51.hmm             -            177 KW1-S15_98_cg301_7   -            612   3.4e-64  210.9   0.0   1   1   8.2e-67   5.2e-64  210.3   0.0    14   177   104   267    92   267 0.97 -
CE10.hmm             -            341 KW1-S15_98_cg352_1   -            308   2.2e-27   91.8   1.6   1   1   5.2e-30   3.3e-27   91.2   1.6    64   309    64   284    35   302 0.82 -
GT2_Glycos_transf_2.hmm PF00535.25   170 KW1-S15_98_cg352_2   -            321   5.2e-17   57.5   0.0   1   1   2.3e-19   7.3e-17   57.0   0.0     1   147    18   151    18   181 0.84 Glycosyl transferase family 2
GT2_Glyco_tranf_2_3.hmm PF13641.5    230 KW1-S15_98_cg352_2   -            321   2.3e-15   52.4   0.1   1   1   1.9e-17   6.1e-15   51.0   0.1     3   222    16   236    15   239 0.82 Glycosyltransferase like family 2
GH102.hmm            -            157 KW1-S15_98_cg385_3   -            378   2.1e-48  159.6   0.0   1   1   4.6e-51   2.9e-48  159.1   0.0     2   157   120   275   119   275 0.98 -
CE4.hmm              -            130 KW1-S15_98_cg394_2   -            294     5e-22   73.8   0.0   1   1   4.2e-24   2.7e-21   71.4   0.0    23   127    42   147    34   150 0.95 -
CE10.hmm             -            341 KW1-S15_98_cg401_5   -            277   1.1e-30  102.6   2.3   1   1   2.3e-33   1.5e-30  102.3   2.3    71   313    37   256     5   274 0.77 -
CE4.hmm              -            130 KW1-S15_98_cg415_3   -            379   5.9e-29   96.2   0.0   1   1   1.4e-31   9.2e-29   95.6   0.0     5   124   120   246   116   251 0.94 -
GH73.hmm             -            128 KW1-S15_98_cg415_4   -            343   8.1e-19   63.7   0.0   1   1   1.9e-21   1.2e-18   63.1   0.0    10   125   189   314   185   317 0.79 -
GT4.hmm              -            160 KW1-S15_98_cg450_3   -            433   2.1e-34  113.9   0.0   1   1   5.3e-37   3.4e-34  113.1   0.0    11   157   243   394   236   397 0.95 -
GT4.hmm              -            160 KW1-S15_98_cg450_4   -            348   4.9e-31  102.9   0.0   1   1   2.3e-33   7.3e-31  102.3   0.0     9   156   201   348   194   348 0.88 -
GT5.hmm              -            472 KW1-S15_98_cg450_4   -            348   7.2e-18   59.7   0.0   1   1   3.1e-20   9.9e-18   59.3   0.0   271   436   182   341   147   344 0.89 -
AA4.hmm              -            522 KW1-S15_98_cg462_2   -            467   7.3e-32  105.9   0.0   1   1   2.4e-27   7.8e-25   82.7   0.0    16   251    14   237     7   249 0.79 -
AA7.hmm              -            458 KW1-S15_98_cg462_2   -            467   9.2e-24   80.1   2.0   1   1   8.6e-24   2.7e-21   72.0   2.6    12   210    46   252    41   265 0.92 -
CBM50.hmm            -             40 KW1-S15_98_cg467_6   -            311   4.3e-27   89.5   0.3   1   1   2.6e-17   1.7e-14   49.3   0.0     1    40   107   150   107   150 0.89 -
CE10.hmm             -            341 KW1-S15_98_cg484_5   -            644   2.7e-23   78.4   0.3   1   1   6.1e-26   3.9e-23   77.9   0.3    93   316   396   609   362   624 0.84 -
GH23.hmm             -            135 KW1-S15_98_cg485_5   -            666   1.6e-30  101.7   0.1   1   1   2.5e-33   1.6e-30  101.7   0.1    12   121   502   636   494   647 0.87 -
GT9.hmm              -            225 KW1-S15_98_cg519_2   -            313     8e-42  138.9   0.1   1   1   1.6e-44     1e-41  138.6   0.1     5   204    79   294    75   308 0.85 -
GT4.hmm              -            160 KW1-S15_98_cg519_3   -            412   1.6e-30  101.2   0.0   1   1   8.7e-33   2.8e-30  100.4   0.0     6   156   217   374   213   378 0.88 -
GT5.hmm              -            472 KW1-S15_98_cg519_3   -            412     9e-18   59.4   0.0   1   1   3.8e-20   1.2e-17   59.0   0.0   224   471   167   403   161   404 0.77 -
#
# Program:         hmmscan
# Version:         3.3.1 (Jul 2020)
# Pipeline mode:   SCAN
# Query file:      /beegfs/home/lxd/2_sea_metagenomics/6.metabat2/bins_redup_refinem_drep/derep_70_10/derepbins_prodigal/KW1-S15_98.proteins.faa
# Target file:     /beegfs/home/lxd/4_salt_metagenomics/tools/CAZy/dbCAN-HMMdb-V8.txt
# Option settings: hmmscan --tblout KW1-S15_98.tbl --domtblout KW1-S15_98_dom.tbl --acc --noali --notextw -E 1e-14 --domE 1e-14 --cpu 30 /beegfs/home/lxd/4_salt_metagenomics/tools/CAZy/dbCAN-HMMdb-V8.txt /beegfs/home/lxd/2_sea_metagenomics/6.metabat2/bins_redup_refinem_drep/derep_70_10/derepbins_prodigal/KW1-S15_98.proteins.faa 
# Current dir:     /beegfs/home/lxd/2_sea_metagenomics/6.metabat2/bins_redup_refinem_drep/derep_70_10/derepbins_cazy
# Date:            Thu Mar  4 17:57:53 2021
# [ok]
