#                                                                            --- full sequence --- -------------- this domain -------------   hmm coord   ali coord   env coord
# target name        accession   tlen query name           accession   qlen   E-value  score  bias   #  of  c-Evalue  i-Evalue  score  bias  from    to  from    to  from    to  acc description of target
#------------------- ---------- ----- -------------------- ---------- ----- --------- ------ ----- --- --- --------- --------- ------ ----- ----- ----- ----- ----- ----- ----- ---- ---------------------
GH102.hmm            -            157 KW1-S21_6_cg4_5      -            411   5.3e-56  184.3   0.0   1   1   1.2e-58     8e-56  183.7   0.0     1   157   131   288   131   288 0.99 -
CE7.hmm              -            313 KW1-S21_6_cg18_2     -            405   1.9e-19   65.0   0.0   1   1   5.3e-18   3.4e-15   51.0   0.0   160   312   223   374   219   375 0.93 -
AA3.hmm              -            618 KW1-S21_6_cg18_6     -            551   8.2e-60  198.1   0.0   1   1   6.8e-62   1.1e-59  197.7   0.0    90   402     7   545     3   549 0.74 -
AA3_2.hmm            -            568 KW1-S21_6_cg18_6     -            551   6.7e-34  112.8   0.0   1   2   4.9e-22   7.9e-20   66.3   0.0     4   280     8   299     6   301 0.78 -
AA3_2.hmm            -            568 KW1-S21_6_cg18_6     -            551   6.7e-34  112.8   0.0   2   2     4e-15   6.5e-13   43.5   0.0   505   566   480   541   474   543 0.95 -
GH15.hmm             -            361 KW1-S21_6_cg22_5     -            593   3.6e-85  281.6   0.0   1   1   6.7e-88   4.3e-85  281.3   0.0     2   360   212   581   211   582 0.89 -
GH65.hmm             -            372 KW1-S21_6_cg30_2     -            770  1.2e-134  444.2   0.3   1   1  2.3e-137  1.5e-134  443.9   0.3     1   370   311   698   311   700 0.98 -
GT4.hmm              -            160 KW1-S21_6_cg30_3     -            409     6e-31  102.6   0.0   1   1     3e-33   9.5e-31  101.9   0.0     5   159   210   374   206   375 0.94 -
GT5.hmm              -            472 KW1-S21_6_cg30_3     -            409   2.8e-18   61.1   0.1   1   1   5.4e-18   1.7e-15   51.9   0.0   240   471   182   399   161   400 0.77 -
CE4.hmm              -            130 KW1-S21_6_cg32_4     -            312   3.7e-20   67.8   0.0   1   1     9e-23   5.8e-20   67.1   0.0    23   126    69   173    48   177 0.88 -
GT2_Glycos_transf_2.hmm PF00535.25   170 KW1-S21_6_cg35_1     -            141     2e-32  107.6   0.1   1   1   7.1e-35   2.3e-32  107.4   0.1     1   121     4   129     4   135 0.97 Glycosyl transferase family 2
GT81.hmm                -            293 KW1-S21_6_cg35_1     -            141   9.3e-19   62.7   0.0   1   1   3.4e-21   1.1e-18   62.4   0.0    22   148     2   126     1   129 0.84 -
GT51.hmm             -            177 KW1-S21_6_cg36_4     -            240   6.4e-57  187.2   0.0   1   1   1.2e-59   7.9e-57  186.9   0.0    12   177    64   228    55   228 0.97 -
GT2_Glycos_transf_2.hmm PF00535.25   170 KW1-S21_6_cg40_8     -            288   4.6e-33  109.7   0.0   1   1   3.7e-35     6e-33  109.3   0.0     1   166     7   162     7   166 0.82 Glycosyl transferase family 2
GT2_Glyco_tranf_2_3.hmm PF13641.5    230 KW1-S21_6_cg40_8     -            288     3e-25   84.7   0.0   1   1   2.7e-27   4.4e-25   84.2   0.0     4   194     6   184     4   190 0.91 Glycosyltransferase like family 2
GT2_Glyco_tranf_2_2.hmm PF10111.8    276 KW1-S21_6_cg40_8     -            288   7.5e-22   73.4   0.0   1   1   8.1e-23   1.3e-20   69.3   0.0     1   206     7   191     7   206 0.85 Glycosyltransferase like family 2
GT27.hmm                -            295 KW1-S21_6_cg40_8     -            288   1.1e-17   59.6   0.0   1   1   1.1e-16   1.7e-14   49.1   0.0     1   116     7   114     7   123 0.91 -
GH23.hmm             -            135 KW1-S21_6_cg65_3     -            206   6.5e-35  115.9   0.1   1   1   1.5e-37   9.4e-35  115.4   0.1    14   126    82   193    71   201 0.92 -
CE11.hmm             -            271 KW1-S21_6_cg72_11    -            431     1e-83  276.1   0.0   1   1   1.9e-86   1.2e-83  275.8   0.0     1   269   159   424   159   426 0.96 -
GT9.hmm              -            225 KW1-S21_6_cg84_3     -            360   7.5e-53  175.0   0.0   1   1   1.6e-55     1e-52  174.5   0.0     4   223    87   332    85   334 0.87 -
GH76.hmm             -            358 KW1-S21_6_cg89_4     -            696     4e-17   57.8   0.1   1   1   3.7e-17   2.4e-14   48.7   0.0    51   185   430   584   386   588 0.80 -
GT41.hmm             -            705 KW1-S21_6_cg141_8    -            582   2.1e-42  140.8  17.1   1   1   4.1e-16   2.6e-13   44.6   1.7    56   191   366   492   359   495 0.92 -
GT41.hmm             -            705 KW1-S21_6_cg147_3    -            196   5.6e-15   50.1   0.0   1   1   4.2e-15   2.7e-12   41.3   0.0    76   191    33   137    25   145 0.94 -
AA4.hmm              -            522 KW1-S21_6_cg161_5    -            462   1.4e-30  101.7   0.0   1   1   4.4e-28   1.4e-25   85.2   0.0    14   201     4   196     1   240 0.82 -
AA7.hmm              -            458 KW1-S21_6_cg161_5    -            462   3.1e-24   81.7   0.1   1   1   1.6e-25   5.1e-23   77.7   0.4    13   187    49   230    41   251 0.85 -
GT41.hmm             -            705 KW1-S21_6_cg165_1    -           1046   3.2e-20   67.5   2.5   1   1   8.6e-15   5.5e-12   40.3   0.2    62   190   827   945   810   946 0.91 -
GT2_Glycos_transf_2.hmm PF00535.25   170 KW1-S21_6_cg167_6    -            237   2.1e-18   62.0   0.0   1   1   4.9e-21   3.2e-18   61.4   0.0     1   152    15   146    15   165 0.80 Glycosyl transferase family 2
GT4.hmm              -            160 KW1-S21_6_cg168_3    -            237   1.5e-38  127.3   0.0   1   1   8.6e-41   2.7e-38  126.4   0.0    10   152    55   195    48   202 0.97 -
GT5.hmm              -            472 KW1-S21_6_cg168_3    -            237   6.3e-22   73.1   0.0   1   1   2.3e-24   7.4e-22   72.9   0.0   289   471    51   227    18   228 0.82 -
GT83.hmm             -            540 KW1-S21_6_cg171_1    -            268   7.2e-74  244.5  25.1   1   1   1.3e-76   8.5e-74  244.2  25.1     9   234    25   268    18   268 0.91 -
AA4.hmm              -            522 KW1-S21_6_cg176_15   -            495   5.5e-26   86.5   0.1   1   1   2.1e-25   6.6e-23   76.4   0.0    15   264     5   257     2   310 0.81 -
AA7.hmm              -            458 KW1-S21_6_cg176_15   -            495   7.9e-18   60.6   5.7   1   1   1.5e-19   4.8e-17   58.0   3.3    28   148    60   182    36   190 0.87 -
GT51.hmm             -            177 KW1-S21_6_cg181_4    -            685   2.1e-59  195.3   0.0   1   1     7e-62   4.5e-59  194.2   0.0     1   177    66   241    66   241 0.98 -
GH23.hmm             -            135 KW1-S21_6_cg200_4    -            677   4.1e-30  100.4   2.0   1   1   6.9e-33   4.4e-30  100.2   0.0    10   124   534   668   524   674 0.91 -
CE4.hmm              -            130 KW1-S21_6_cg206_6    -            285   1.1e-15   53.3   0.1   1   1   2.8e-18   1.8e-15   52.6   0.1    25   122    69   167    46   173 0.85 -
GH65.hmm             -            372 KW1-S21_6_cg210_3    -            484  6.5e-135  445.1   0.1   1   1  1.1e-137  7.4e-135  444.9   0.1     1   369     4   412     4   415 0.98 -
GT83.hmm             -            540 KW1-S21_6_cg217_8    -            545  5.4e-116  383.5  47.4   1   1    1e-118  6.7e-116  383.2  47.4     6   489     8   484     3   511 0.85 -
AA7.hmm              -            458 KW1-S21_6_cg218_9    -            453   4.6e-16   54.8   1.9   1   1     6e-18   1.9e-15   52.7   1.0    11   198    32   228    28   237 0.85 -
AA4.hmm              -            522 KW1-S21_6_cg218_9    -            453   1.2e-15   52.5   0.0   1   1   1.7e-16   5.4e-14   47.0   0.0    15   249     5   224     2   240 0.86 -
AA4.hmm              -            522 KW1-S21_6_cg218_10   -            484   1.4e-33  111.6   0.1   1   1   1.5e-30   4.7e-28   93.3   0.1    13   260     3   241     1   268 0.83 -
AA7.hmm              -            458 KW1-S21_6_cg218_10   -            484   3.1e-19   65.2   1.5   1   1   3.5e-21   1.1e-18   63.4   1.4    11   200    38   232    35   260 0.89 -
GT41.hmm             -            705 KW1-S21_6_cg227_4    -            274   2.7e-25   84.3   0.1   1   1   9.7e-19   6.2e-16   53.3   0.0    57   191    35   160    23   162 0.92 -
GH76.hmm             -            358 KW1-S21_6_cg244_1    -            683   5.5e-18   60.6   0.0   1   1   7.5e-17   4.8e-14   47.7   0.0    50   185   416   571   372   576 0.79 -
GT41.hmm             -            705 KW1-S21_6_cg260_4    -            376   2.8e-28   94.1   3.3   1   1   2.5e-20   1.6e-17   58.6   0.4    77   191   180   284   145   285 0.86 -
GT30.hmm             -            177 KW1-S21_6_cg267_2    -            432   7.6e-58  190.2   0.0   1   1   2.8e-59   1.8e-56  185.7   0.0     1   173    33   213    33   215 0.95 -
GT51.hmm             -            177 KW1-S21_6_cg280_1    -            793   7.2e-65  213.1   0.0   1   1   2.4e-67   1.5e-64  212.0   0.0    11   176   168   337   159   338 0.97 -
GT2_Glycos_transf_2.hmm PF00535.25   170 KW1-S21_6_cg289_2    -            287   6.7e-35  115.7   0.0   1   1   2.9e-37   9.4e-35  115.2   0.0     4   140     1   132     1   162 0.84 Glycosyl transferase family 2
GT2_Glyco_tranf_2_3.hmm PF13641.5    230 KW1-S21_6_cg289_2    -            287   3.8e-19   64.8   0.0   1   1   1.7e-21   5.5e-19   64.2   0.0     9   199     2   184     1   223 0.87 Glycosyltransferase like family 2
GT2_Glycos_transf_2.hmm PF00535.25   170 KW1-S21_6_cg289_4    -            305   5.7e-22   73.6   0.8   1   1     5e-24   1.1e-21   72.7   0.1     1   169     6   180     6   181 0.96 Glycosyl transferase family 2
GT2_Glyco_tranf_2_3.hmm PF13641.5    230 KW1-S21_6_cg289_4    -            305   1.4e-19   66.2   0.0   1   1   8.9e-22   1.9e-19   65.7   0.0     4   220     5   232     3   242 0.80 Glycosyltransferase like family 2
GT27.hmm                -            295 KW1-S21_6_cg289_4    -            305   3.2e-16   54.8   0.0   1   1   1.6e-17   3.3e-15   51.4   0.0     3   222     8   220     6   232 0.78 -
GT2_Glycos_transf_2.hmm PF00535.25   170 KW1-S21_6_cg302_1    -            143   1.4e-30  101.6   0.0   1   1   2.4e-33   1.6e-30  101.5   0.0     1   126     8   125     8   141 0.94 Glycosyl transferase family 2
GT2_Glycos_transf_2.hmm PF00535.25   170 KW1-S21_6_cg312_3    -            318   7.4e-37  122.1   0.0   1   1   3.1e-39     1e-36  121.6   0.0     1   132     4   136     4   174 0.90 Glycosyl transferase family 2
GT27.hmm                -            295 KW1-S21_6_cg312_3    -            318   7.9e-15   50.2   0.0   1   1   3.3e-17   1.1e-14   49.8   0.0     1   109     4   111     4   117 0.90 -
GH23.hmm             -            135 KW1-S21_6_cg315_6    -            251   5.8e-34  112.8   0.2   1   1   1.8e-36   1.1e-33  111.9   0.2    12   123   126   236   117   244 0.94 -
GT9.hmm              -            225 KW1-S21_6_cg335_4    -            348     1e-41  138.6   0.0   1   1   2.3e-44   1.5e-41  138.1   0.0    44   216   123   321    94   331 0.76 -
GH84.hmm             -            295 KW1-S21_6_cg343_2    -            349   2.3e-68  225.8   0.0   1   1   4.2e-71   2.7e-68  225.6   0.0    29   286     1   276     1   288 0.89 -
GT2_Glycos_transf_2.hmm PF00535.25   170 KW1-S21_6_cg345_4    -            326   9.6e-35  115.2   0.0   1   1     2e-37   1.3e-34  114.8   0.0     1   155    24   172    24   187 0.82 Glycosyl transferase family 2
GT28.hmm             -            157 KW1-S21_6_cg347_6    -            356   1.6e-51  169.5   0.0   1   1   3.2e-54     2e-51  169.1   0.0     1   157   179   341   179   341 0.97 -
AA1.hmm              -            943 KW1-S21_6_cg353_3    -            647   3.1e-41  136.8   9.6   1   1   4.3e-43   6.9e-41  135.6   5.6   455   667   136   388   101   394 0.80 -
AA1_2.hmm            -            337 KW1-S21_6_cg353_3    -            647   5.9e-27   89.8   0.6   1   1   1.1e-28   1.8e-26   88.3   0.6    10   225   139   388   134   409 0.75 -
AA1_3.hmm            -            312 KW1-S21_6_cg353_3    -            647   2.8e-21   71.3   0.3   1   1   9.2e-23   1.5e-20   68.9   0.3    34   294   133   426   122   437 0.75 -
CBM9.hmm             -            182 KW1-S21_6_cg374_2    -            734   2.8e-22   75.0   2.1   1   1   7.1e-25   4.6e-22   74.3   2.1     1   164    59   229    59   245 0.85 -
CE4.hmm              -            130 KW1-S21_6_cg389_2    -            313   5.4e-15   51.0   0.0   1   1   1.5e-17   9.5e-15   50.2   0.0    26   126    72   173    53   177 0.84 -
AA4.hmm              -            522 KW1-S21_6_cg399_1    -            616   4.3e-16   53.9   0.1   1   1   3.7e-17   2.3e-14   48.2   0.1    53   174    44   164    26   183 0.80 -
GT41.hmm             -            705 KW1-S21_6_cg409_4    -            586   7.1e-23   76.3   2.9   1   1   1.6e-19     1e-16   55.9   0.1   110   191   440   522   424   523 0.87 -
AA5.hmm              -           1281 KW1-S21_6_cg424_2    -            160     1e-38  127.9   0.1   1   1   5.4e-41   1.2e-38  127.7   0.1   903  1027    25   156    21   159 0.95 -
AA5_2.hmm            -            588 KW1-S21_6_cg424_2    -            160   2.3e-22   74.6   0.0   1   1   1.2e-24   2.5e-22   74.4   0.0   471   587    38   152    21   153 0.88 -
AA5_1.hmm            -            563 KW1-S21_6_cg424_2    -            160   5.5e-18   59.6   0.0   1   1     3e-20   6.5e-18   59.4   0.0   419   543    40   155    32   159 0.89 -
#
# Program:         hmmscan
# Version:         3.3.1 (Jul 2020)
# Pipeline mode:   SCAN
# Query file:      /beegfs/home/lxd/2_sea_metagenomics/6.metabat2/bins_redup_refinem_drep/derep_70_10/derepbins_prodigal/KW1-S21_6.proteins.faa
# Target file:     /beegfs/home/lxd/4_salt_metagenomics/tools/CAZy/dbCAN-HMMdb-V8.txt
# Option settings: hmmscan --tblout KW1-S21_6.tbl --domtblout KW1-S21_6_dom.tbl --acc --noali --notextw -E 1e-14 --domE 1e-14 --cpu 30 /beegfs/home/lxd/4_salt_metagenomics/tools/CAZy/dbCAN-HMMdb-V8.txt /beegfs/home/lxd/2_sea_metagenomics/6.metabat2/bins_redup_refinem_drep/derep_70_10/derepbins_prodigal/KW1-S21_6.proteins.faa 
# Current dir:     /beegfs/home/lxd/2_sea_metagenomics/6.metabat2/bins_redup_refinem_drep/derep_70_10/derepbins_cazy
# Date:            Thu Mar  4 19:33:18 2021
# [ok]
