#                                                                            --- full sequence --- -------------- this domain -------------   hmm coord   ali coord   env coord
# target name        accession   tlen query name           accession   qlen   E-value  score  bias   #  of  c-Evalue  i-Evalue  score  bias  from    to  from    to  from    to  acc description of target
#------------------- ---------- ----- -------------------- ---------- ----- --------- ------ ----- --- --- --------- --------- ------ ----- ----- ----- ----- ----- ----- ----- ---- ---------------------
GH73.hmm             -            128 KW1-S08_46_cg16_4    -            342   5.4e-18   61.0   0.0   1   1   1.5e-20   9.4e-18   60.2   0.0    11   128   163   290   158   290 0.80 -
GT41.hmm             -            705 KW1-S08_46_cg18_1    -            577   1.2e-26   88.7  21.3   1   1   1.2e-16   7.9e-14   46.4   0.1    55   191   402   529   387   532 0.91 -
GT4.hmm              -            160 KW1-S08_46_cg27_1    -            564     2e-30  100.9   0.0   1   1   1.2e-32   3.9e-30  100.0   0.0     8   156   369   515   363   519 0.96 -
GT5.hmm              -            472 KW1-S08_46_cg27_1    -            564   6.4e-15   50.0   0.0   1   1   3.1e-17   9.8e-15   49.4   0.0   278   470   358   542   318   544 0.85 -
GT2_Glycos_transf_2.hmm PF00535.25   170 KW1-S08_46_cg27_2    -            233   1.2e-33  111.6   0.1   1   1   8.3e-36   1.8e-33  111.1   0.1     1   166     4   166     4   168 0.90 Glycosyl transferase family 2
GT81.hmm                -            293 KW1-S08_46_cg27_2    -            233   9.1e-18   59.4   0.0   1   1   5.1e-20   1.1e-17   59.1   0.0    22   146     2   116     1   162 0.81 -
GT27.hmm                -            295 KW1-S08_46_cg27_2    -            233   3.9e-15   51.2   0.0   1   1   2.5e-17   5.4e-15   50.7   0.0     1   116     4   115     4   122 0.86 -
GH103.hmm            -            295 KW1-S08_46_cg30_8    -            335   3.3e-98  323.7   0.0   1   1  6.3e-101     4e-98  323.4   0.0     9   294    34   325    27   326 0.95 -
GT51.hmm             -            177 KW1-S08_46_cg60_2    -            790   3.2e-59  194.7   0.0   1   1   7.6e-62   4.9e-59  194.1   0.0    10   174   178   346   169   349 0.95 -
GT28.hmm             -            157 KW1-S08_46_cg68_6    -            366     5e-54  177.6   0.4   1   1   1.3e-56   8.2e-54  176.9   0.4     2   156   190   350   189   351 0.96 -
CE11.hmm             -            271 KW1-S08_46_cg68_14   -            304  2.1e-116  383.2   0.0   1   1  3.7e-119  2.4e-116  383.0   0.0     1   270     4   275     4   276 0.99 -
GT2_Glycos_transf_2.hmm PF00535.25   170 KW1-S08_46_cg87_5    -            260   4.4e-27   90.3   0.0   1   1   3.4e-29   7.3e-27   89.5   0.0    15   169     3   147     1   148 0.83 Glycosyl transferase family 2
GT2_Glyco_tranf_2_3.hmm PF13641.5    230 KW1-S08_46_cg87_5    -            260   1.9e-21   72.3   0.0   1   1   1.1e-23   2.4e-21   72.0   0.0    19   214     3   185     1   200 0.84 Glycosyltransferase like family 2
GT2_Glyco_tranf_2_2.hmm PF10111.8    276 KW1-S08_46_cg87_5    -            260   2.9e-17   58.3   0.0   1   1   9.4e-19     2e-16   55.5   0.0    29   209    15   176     5   201 0.87 Glycosyltransferase like family 2
GH73.hmm             -            128 KW1-S08_46_cg89_5    -            279   1.1e-34  115.0   0.0   1   1   2.3e-37   1.5e-34  114.6   0.0     2   124   126   262   125   265 0.92 -
AA3.hmm              -            618 KW1-S08_46_cg108_3   -            514   1.4e-49  164.3   0.0   1   1   1.3e-51   1.7e-49  164.0   0.0    92   396     6   512     5   513 0.73 -
AA3_2.hmm            -            568 KW1-S08_46_cg108_3   -            514   8.7e-32  105.8   0.0   1   2   4.2e-20   5.4e-18   60.2   0.0     6   280     7   279     6   324 0.73 -
AA3_2.hmm            -            568 KW1-S08_46_cg108_3   -            514   8.7e-32  105.8   0.0   2   2   6.3e-15   8.1e-13   43.2   0.1   504   562   452   510   432   513 0.93 -
CE4.hmm              -            130 KW1-S08_46_cg110_5   -            314   2.6e-19   65.0   0.0   1   1   6.8e-22   4.4e-19   64.3   0.0    12   124    49   160    27   164 0.88 -
AA1.hmm              -            943 KW1-S08_46_cg110_6   -            205   4.9e-19   63.3   0.5   1   1   7.6e-22   4.9e-19   63.3   0.5   450   557    72   183    16   205 0.75 -
AA7.hmm              -            458 KW1-S08_46_cg117_2   -            471  1.7e-104  346.3   2.7   1   1  5.7e-105  3.7e-102  338.6   2.7     2   458    42   464    41   464 0.93 -
GT41.hmm             -            705 KW1-S08_46_cg130_3   -            348   1.5e-26   88.4   1.7   1   1     1e-16   6.7e-14   46.6   0.0    84   191   231   328   192   341 0.76 -
GH130.hmm            -            296 KW1-S08_46_cg177_2   -            310   1.2e-99  328.2   0.0   1   1  2.1e-102   1.4e-99  328.0   0.0     2   295     5   301     4   302 0.97 -
GT4.hmm              -            160 KW1-S08_46_cg177_3   -            460   1.7e-28   94.6   0.0   1   1   6.6e-31   4.2e-28   93.3   0.0     9   149   168   302   162   312 0.88 -
GH130.hmm            -            296 KW1-S08_46_cg177_4   -            331     3e-46  152.9   0.0   1   1   5.5e-49   3.5e-46  152.7   0.0     2   292     7   321     6   325 0.89 -
GT94.hmm             -            283 KW1-S08_46_cg177_6   -            396   9.9e-16   52.7   0.2   1   1   4.6e-18   1.5e-15   52.2   0.2    31   226   114   326   107   380 0.77 -
GT4.hmm              -            160 KW1-S08_46_cg177_6   -            396   5.4e-15   50.7   0.0   1   1   2.8e-17   9.1e-15   50.0   0.0     9   156   198   357   192   361 0.91 -
CE10.hmm             -            341 KW1-S08_46_cg234_3   -            296   1.3e-52  174.8   0.1   1   1   2.4e-55   1.6e-52  174.5   0.1    80   335    51   292     3   294 0.83 -
AA6.hmm              -            195 KW1-S08_46_cg243_6   -            201   3.8e-64  211.0   0.0   1   1   7.2e-67   4.6e-64  210.8   0.0     2   193     7   191     6   192 0.97 -
AA4.hmm              -            522 KW1-S08_46_cg257_1   -            481   5.2e-26   86.6   0.0   1   1   2.5e-24   8.1e-22   72.8   0.0    16   264     2   240     1   280 0.80 -
AA7.hmm              -            458 KW1-S08_46_cg257_1   -            481   7.6e-18   60.6   2.6   1   1   1.4e-19   4.6e-17   58.1   2.6    11   279    34   310    27   462 0.81 -
AA4.hmm              -            522 KW1-S08_46_cg266_3   -            530     6e-32  106.2   0.0   1   1   2.7e-31   8.8e-29   95.8   0.0    14   247    10   242     1   257 0.81 -
AA7.hmm              -            458 KW1-S08_46_cg266_3   -            530   2.2e-20   69.0   1.2   1   1   1.7e-22   5.4e-20   67.7   1.2    14   201    47   248    41   259 0.85 -
CE10.hmm             -            341 KW1-S08_46_cg276_4   -            312     2e-78  259.7   0.1   1   1     4e-81   2.6e-78  259.3   0.1    44   334    26   306     4   309 0.87 -
GT41.hmm             -            705 KW1-S08_46_cg307_1   -            641   1.1e-53  178.1  25.7   1   2   4.8e-24   3.1e-21   70.8   0.6    54   191    16   177     3   178 0.84 -
GT41.hmm             -            705 KW1-S08_46_cg307_1   -            641   1.1e-53  178.1  25.7   2   2   1.2e-17   7.4e-15   49.7   0.4   116   191   135   211   130   213 0.94 -
GT19.hmm             -            354 KW1-S08_46_cg313_18  -            378  5.5e-126  415.2   0.0   1   1  9.8e-129  6.3e-126  415.0   0.0     1   352     3   359     3   361 0.97 -
GT41.hmm             -            705 KW1-S08_46_cg343_1   -            183   1.1e-47  158.3   0.1   1   1     2e-50   1.3e-47  158.0   0.1   354   521     2   170     1   177 0.97 -
GT2_Glycos_transf_2.hmm PF00535.25   170 KW1-S08_46_cg346_4   -            488   1.9e-22   75.2   0.0   1   1   5.3e-25   3.4e-22   74.3   0.0     1   127   253   378   253   418 0.87 Glycosyl transferase family 2
AA4.hmm              -            522 KW1-S08_46_cg355_3   -            523    1e-179  593.8   0.0   1   1  1.8e-182  1.2e-179  593.6   0.0     4   520     4   520     1   522 0.99 -
CE10.hmm             -            341 KW1-S08_46_cg356_8   -            312   4.7e-81  268.3   1.9   1   1   9.1e-84   5.8e-81  268.0   1.9    27   335    13   308     2   310 0.91 -
GT51.hmm             -            177 KW1-S08_46_cg362_6   -            235   8.5e-71  232.4   0.0   1   1   1.5e-73   9.9e-71  232.2   0.0     1   176    52   227    52   228 0.99 -
GT41.hmm             -            705 KW1-S08_46_cg369_1   -            590     1e-28   95.6  22.9   1   1   7.8e-15     5e-12   40.4   0.9    62   191    47   200    39   213 0.83 -
GT30.hmm             -            177 KW1-S08_46_cg369_5   -            413   9.5e-71  232.2   0.0   1   1   2.3e-73   1.5e-70  231.6   0.0     1   176    21   200    21   201 0.98 -
GT2_Glycos_transf_2.hmm PF00535.25   170 KW1-S08_46_cg378_3   -            375   2.2e-16   55.4   0.0   1   1   9.7e-19   3.1e-16   54.9   0.0     2   169    46   214    45   215 0.93 Glycosyl transferase family 2
GT2_Glyco_tranf_2_3.hmm PF13641.5    230 KW1-S08_46_cg378_3   -            375   9.2e-15   50.4   0.0   1   1   6.6e-17   2.1e-14   49.2   0.0     4   220    44   261    41   271 0.80 Glycosyltransferase like family 2
GT2_Glycos_transf_2.hmm PF00535.25   170 KW1-S08_46_cg386_4   -            183   2.5e-19   65.0   0.1   1   1   5.8e-22   3.7e-19   64.4   0.1    54   169     7   120     1   121 0.88 Glycosyl transferase family 2
AA7.hmm              -            458 KW1-S08_46_cg390_1   -            338  6.2e-101  334.5   1.1   1   1  1.2e-103  7.4e-101  334.3   1.1     3   317    29   332    27   337 0.97 -
GH23.hmm             -            135 KW1-S08_46_cg391_4   -            660   1.1e-26   89.3   0.8   1   1   5.6e-29   3.6e-26   87.6   0.8    19   120   504   624   492   637 0.91 -
GT81.hmm             -            293 KW1-S08_46_cg399_15  -            416   6.2e-58  191.3   0.0   1   1   1.4e-60   8.8e-58  190.8   0.0    89   277   118   324    25   340 0.87 -
AA4.hmm              -            522 KW1-S08_46_cg411_7   -            482   2.8e-21   71.0   0.0   1   1   3.3e-18   1.1e-15   52.6   0.0    44   248    28   224     3   242 0.83 -
AA7.hmm              -            458 KW1-S08_46_cg411_7   -            482     1e-19   66.8   3.1   1   1   4.7e-22   1.5e-19   66.2   3.1    12   199    35   229    32   295 0.88 -
CE10.hmm             -            341 KW1-S08_46_cg415_3   -            302   7.2e-51  169.1   0.2   1   1   1.3e-53   8.4e-51  168.8   0.2    82   334    60   296    18   300 0.87 -
CE4.hmm              -            130 KW1-S08_46_cg453_6   -            280   7.9e-21   69.9   0.0   1   1   1.8e-23   1.2e-20   69.4   0.0    11   128     5   145     2   147 0.82 -
GT2_Glycos_transf_2.hmm PF00535.25   170 KW1-S08_46_cg503_3   -            312   2.6e-29   97.5   0.0   1   1   5.9e-32   3.8e-29   97.0   0.0     1   164     6   160     6   163 0.93 Glycosyl transferase family 2
AA1.hmm              -            943 KW1-S08_46_cg509_4   -            296   1.3e-23   78.5   5.5   1   1   5.1e-26   1.6e-23   78.1   5.5   458   549   193   291   179   296 0.88 -
AA1_3.hmm            -            312 KW1-S08_46_cg509_4   -            296   1.5e-16   55.8   0.1   1   1     7e-19   2.2e-16   55.2   0.1    40   131   193   289   178   294 0.81 -
GH23.hmm             -            135 KW1-S08_46_cg512_2   -            486   1.2e-20   69.7   0.2   1   1   4.2e-23   2.7e-20   68.6   0.2    10   120   302   450   294   463 0.84 -
GT4.hmm              -            160 KW1-S08_46_cg517_1   -            240   3.6e-15   51.3   0.0   1   1   7.7e-18   4.9e-15   50.9   0.0    11   159    56   207    49   208 0.88 -
CBM50.hmm            -             40 KW1-S08_46_cg519_5   -            570   7.6e-43  140.0   0.1   1   1   2.9e-18   9.4e-16   53.3   0.0     1    39   509   551   509   551 0.89 -
GH23.hmm             -            135 KW1-S08_46_cg519_5   -            570   4.5e-20   67.8   0.0   1   1   2.5e-22   8.1e-20   67.0   0.0     5   124   158   295   154   304 0.86 -
GH23.hmm             -            135 KW1-S08_46_cg537_17  -            689   1.1e-25   86.0   0.2   1   1   3.4e-28   2.2e-25   85.0   0.2    15   125   526   669   512   677 0.90 -
GH3.hmm              -            216 KW1-S08_46_cg545_11  -            349   1.4e-50  167.2   0.0   1   1   2.6e-53   1.7e-50  166.9   0.0     3   215    44   275    42   276 0.91 -
GT83.hmm             -            540 KW1-S08_46_cg568_6   -            532   2.6e-65  216.2  42.0   1   1   5.2e-68   3.4e-65  215.9  42.0    12   496    11   484     2   523 0.78 -
GT2_Glycos_transf_2.hmm PF00535.25   170 KW1-S08_46_cg578_7   -            277   2.6e-26   87.7   0.0   1   1   5.5e-29   3.5e-26   87.3   0.0     1   167    37   202    37   204 0.89 Glycosyl transferase family 2
GH23.hmm             -            135 KW1-S08_46_cg595_10  -            194   1.5e-33  111.5   1.3   1   1   2.6e-36   1.6e-33  111.3   0.7    15   126    80   191    65   193 0.93 -
AA4.hmm              -            522 KW1-S08_46_cg601_3   -            479   2.3e-21   71.3   2.1   1   1   3.3e-19   1.1e-16   55.9   1.4    14   205    12   200     5   245 0.85 -
AA7.hmm              -            458 KW1-S08_46_cg601_3   -            479     5e-18   61.2   2.0   1   1   2.4e-19   7.8e-17   57.3   3.8    10   194    44   236    37   249 0.79 -
CE4.hmm              -            130 KW1-S08_46_cg608_2   -            333   1.2e-18   62.8   0.0   1   1     3e-21     2e-18   62.2   0.0    19   127   104   214    67   217 0.81 -
GH30.hmm             -            417 KW1-S08_46_cg612_1   -            472   1.1e-18   62.7   0.0   1   1   5.6e-21   3.6e-18   61.0   0.0    13   393    34   440    26   466 0.71 -
AA4.hmm              -            522 KW1-S08_46_cg632_1   -            271   2.8e-86  285.5   0.0   1   1     1e-88   3.3e-86  285.2   0.0    10   250    32   270    27   271 0.97 -
AA7.hmm              -            458 KW1-S08_46_cg632_1   -            271   7.6e-15   50.8   0.2   1   1   4.7e-17   1.5e-14   49.8   0.1    14   147    72   210    63   226 0.87 -
GT66.hmm             -            693 KW1-S08_46_cg636_5   -            598   8.3e-18   59.3  34.0   1   1   1.6e-20     1e-17   59.0  34.0     2   439    10   438     9   516 0.77 -
GT32.hmm             -             90 KW1-S08_46_cg643_4   -            293   2.1e-17   58.7   0.0   1   1   5.9e-20   3.8e-17   57.9   0.0     6    87    63   140    60   142 0.93 -
GT4.hmm              -            160 KW1-S08_46_cg643_5   -            386   5.4e-32  106.0   0.0   1   1   1.4e-34   9.1e-32  105.2   0.0     9   157   209   357   205   360 0.93 -
GT4.hmm              -            160 KW1-S08_46_cg650_3   -            409   4.7e-28   93.2   0.0   1   1   3.7e-30   1.2e-27   91.9   0.0    12   148   237   367   233   379 0.93 -
GT5.hmm              -            472 KW1-S08_46_cg650_3   -            409   5.8e-16   53.4   0.0   1   1   2.5e-18   7.9e-16   53.0   0.0   295   471   237   407   214   408 0.89 -
#
# Program:         hmmscan
# Version:         3.3.1 (Jul 2020)
# Pipeline mode:   SCAN
# Query file:      /beegfs/home/lxd/2_sea_metagenomics/6.metabat2/bins_redup_refinem_drep/derep_70_10/derepbins_prodigal/KW1-S08_46.proteins.faa
# Target file:     /beegfs/home/lxd/4_salt_metagenomics/tools/CAZy/dbCAN-HMMdb-V8.txt
# Option settings: hmmscan --tblout KW1-S08_46.tbl --domtblout KW1-S08_46_dom.tbl --acc --noali --notextw -E 1e-14 --domE 1e-14 --cpu 30 /beegfs/home/lxd/4_salt_metagenomics/tools/CAZy/dbCAN-HMMdb-V8.txt /beegfs/home/lxd/2_sea_metagenomics/6.metabat2/bins_redup_refinem_drep/derep_70_10/derepbins_prodigal/KW1-S08_46.proteins.faa 
# Current dir:     /beegfs/home/lxd/2_sea_metagenomics/6.metabat2/bins_redup_refinem_drep/derep_70_10/derepbins_cazy
# Date:            Thu Mar  4 13:53:27 2021
# [ok]
