#                                                                            --- full sequence --- -------------- this domain -------------   hmm coord   ali coord   env coord
# target name        accession   tlen query name           accession   qlen   E-value  score  bias   #  of  c-Evalue  i-Evalue  score  bias  from    to  from    to  from    to  acc description of target
#------------------- ---------- ----- -------------------- ---------- ----- --------- ------ ----- --- --- --------- --------- ------ ----- ----- ----- ----- ----- ----- ----- ---- ---------------------
GH33.hmm             -            342 KW1-S15_96_cg15_3    -            380   4.7e-30  100.3   1.0   1   1   2.7e-25   8.5e-23   76.4   0.1   116   340   128   376    99   378 0.74 -
GH93.hmm             -            307 KW1-S15_96_cg15_3    -            380   3.7e-22   74.1   0.1   1   1   2.8e-17     9e-15   49.8   0.0    28   266   129   365   122   371 0.82 -
CE10.hmm             -            341 KW1-S15_96_cg26_7    -            617   1.4e-28   95.7   0.0   1   1   1.1e-30   2.3e-28   95.1   0.0    72   323   367   606   342   615 0.83 -
CE1.hmm              -            227 KW1-S15_96_cg26_7    -            617   6.4e-18   60.6   0.0   1   1   6.1e-20   1.3e-17   59.6   0.0    11   218   379   602   373   608 0.78 -
CE7.hmm              -            313 KW1-S15_96_cg26_7    -            617     2e-16   55.0   0.0   1   1   3.2e-16   6.8e-14   46.7   0.0    55   298   364   592   356   604 0.81 -
CE4.hmm              -            130 KW1-S15_96_cg32_4    -            261   1.1e-16   56.5   0.0   1   1   2.8e-19   1.8e-16   55.8   0.0    29   127    34   133    26   136 0.92 -
GT28.hmm             -            157 KW1-S15_96_cg52_12   -            357   4.3e-38  125.8   0.0   1   1     2e-40   6.5e-38  125.2   0.0     2   147   186   332   185   339 0.93 -
GT1.hmm              -            382 KW1-S15_96_cg52_12   -            357   9.8e-17   57.3   6.2   1   1   4.5e-19   1.4e-16   56.8   5.0   193   381   130   351    81   352 0.79 -
GT19.hmm             -            354 KW1-S15_96_cg72_4    -            394  2.5e-119  393.3   0.0   1   1  4.8e-122  3.1e-119  393.0   0.0     3   333    18   353    16   370 0.98 -
GT4.hmm              -            160 KW1-S15_96_cg77_1    -            382   1.4e-35  117.6   0.0   1   1   1.5e-37   4.8e-35  115.9   0.0     6   157   210   361   206   364 0.96 -
GT5.hmm              -            472 KW1-S15_96_cg77_1    -            382   6.9e-19   63.1   0.0   1   1   1.6e-19   5.1e-17   56.9   0.0   289   438   210   355   179   371 0.89 -
CE10.hmm             -            341 KW1-S15_96_cg81_12   -            651   2.8e-23   78.4   0.4   1   1   6.4e-26   4.1e-23   77.8   0.4    73   310   403   629   324   648 0.79 -
GH33.hmm             -            342 KW1-S15_96_cg81_16   -            312   1.6e-24   82.1   0.0   1   1   2.9e-27   1.9e-24   81.9   0.0    14   325     8   292     1   304 0.81 -
AA12.hmm             -            401 KW1-S15_96_cg110_4   -            515   1.9e-22   74.7   0.0   1   1   3.4e-22   2.2e-19   64.6   0.0     9   344    58   352    53   396 0.81 -
AA4.hmm              -            522 KW1-S15_96_cg113_2   -            462   8.6e-21   69.4   0.0   1   1   1.6e-20   5.1e-18   60.2   0.0    49   200    38   189     8   203 0.87 -
AA7.hmm              -            458 KW1-S15_96_cg113_2   -            462   9.9e-15   50.4   3.0   1   1   1.5e-16   4.7e-14   48.1   3.4     6   218    34   255    30   299 0.84 -
CE14.hmm             -            124 KW1-S15_96_cg121_3   -            269   3.4e-25   84.5   0.2   1   1   1.1e-27   7.1e-25   83.5   0.2     1   124     5   114     5   114 0.96 -
CBM50.hmm            -             40 KW1-S15_96_cg129_5   -            521   1.3e-37  123.2   0.2   1   1   1.5e-15   4.8e-13   44.6   0.0     1    38   469   510   469   511 0.88 -
GH23.hmm             -            135 KW1-S15_96_cg129_5   -            521   4.9e-23   77.4   0.1   1   1   3.3e-25     1e-22   76.4   0.1     2   121    92   232    91   242 0.93 -
GT8.hmm              -            257 KW1-S15_96_cg142_2   -            363   1.4e-16   56.2   0.0   1   1     3e-19   1.9e-16   55.8   0.0    24   256    32   305    15   306 0.78 -
CE10.hmm             -            341 KW1-S15_96_cg143_3   -            653     4e-29   97.6   0.1   1   1   9.9e-32   6.3e-29   96.9   0.1    62   316   372   618   338   630 0.88 -
AA7.hmm              -            458 KW1-S15_96_cg155_1   -            339   1.1e-22   76.5   0.8   1   1   3.5e-15   2.3e-12   42.6   0.2    14    93    44   124    33   130 0.92 -
AA4.hmm              -            522 KW1-S15_96_cg156_2   -            464   1.3e-27   91.9   0.2   1   1   5.3e-25   1.7e-22   75.0   0.1    16   260     3   237     1   261 0.89 -
AA7.hmm              -            458 KW1-S15_96_cg156_2   -            464   1.2e-17   59.9   1.0   1   1   3.6e-19   1.2e-16   56.7   1.3    14   205    37   237    27   244 0.86 -
CE10.hmm             -            341 KW1-S15_96_cg187_7   -            298   3.1e-60  199.9   0.1   1   1   5.9e-63   3.8e-60  199.6   0.1    55   335    29   294     5   296 0.84 -
CE10.hmm             -            341 KW1-S15_96_cg211_4   -            266     1e-40  135.7   0.3   1   1     2e-43   1.3e-40  135.4   0.3    76   309    13   243     3   262 0.83 -
CE10.hmm             -            341 KW1-S15_96_cg218_7   -            380   7.7e-28   93.3   0.0   1   1   3.3e-30   1.1e-27   92.9   0.0    75   322   130   367   100   374 0.81 -
CE1.hmm              -            227 KW1-S15_96_cg218_7   -            380   2.4e-16   55.5   0.0   1   1     1e-18   3.3e-16   55.0   0.0     5   210   132   356   129   368 0.75 -
CE1.hmm              -            227 KW1-S15_96_cg220_1   -            190   7.9e-17   57.0   0.0   1   1   1.4e-19   8.7e-17   56.9   0.0    69   202    39   162     1   181 0.67 -
CE10.hmm             -            341 KW1-S15_96_cg225_2   -            276   3.9e-43  143.6   0.1   1   1     9e-46   5.8e-43  143.1   0.1    69   330    12   260     2   263 0.84 -
AA12.hmm             -            401 KW1-S15_96_cg232_1   -            294   4.5e-15   50.4   0.1   1   1   5.4e-15   3.5e-12   40.9   0.1   185   339   110   236    93   249 0.80 -
CE10.hmm             -            341 KW1-S15_96_cg233_4   -            643   1.1e-30  102.7   1.2   1   1   2.7e-33   1.7e-30  102.0   1.2    79   334   391   632   355   635 0.82 -
CBM44.hmm            -             64 KW1-S15_96_cg234_1   -            956   1.5e-16   55.6   1.4   1   1   7.1e-19   4.5e-16   54.1   1.4     6    63    59   114    56   115 0.95 -
AA3.hmm              -            618 KW1-S15_96_cg238_12  -            539   4.8e-54  179.0   0.0   1   1     5e-56   6.4e-54  178.6   0.0    85   400     5   532     2   535 0.79 -
AA3_2.hmm            -            568 KW1-S15_96_cg238_12  -            539   3.1e-27   90.8   0.0   1   2   3.9e-15     5e-13   43.8   0.0     4   280    11   288     8   317 0.76 -
AA3_2.hmm            -            568 KW1-S15_96_cg238_12  -            539   3.1e-27   90.8   0.0   2   2   3.1e-15     4e-13   44.2   0.0   503   567   467   531   428   532 0.91 -
AA3_4.hmm            -            549 KW1-S15_96_cg238_12  -            539   3.6e-17   57.6   0.0   1   1   6.2e-15     8e-13   43.2   0.0   416   549   404   533   393   533 0.92 -
GT2_Glyco_tranf_2_3.hmm PF13641.5    230 KW1-S15_96_cg247_2   -            228   1.1e-15   53.4   0.3   1   1   6.4e-18   4.1e-15   51.6   0.3     4   227     3   210     1   220 0.79 Glycosyltransferase like family 2
AA6.hmm              -            195 KW1-S15_96_cg253_3   -            159   3.8e-15   51.2   0.0   1   1   1.9e-17   1.2e-14   49.5   0.0     2   123     9   113     8   118 0.85 -
GH103.hmm            -            295 KW1-S15_96_cg263_9   -            339   3.4e-97  320.3   0.0   1   1  6.6e-100   4.3e-97  320.0   0.0    10   294    40   325    34   326 0.93 -
CE10.hmm             -            341 KW1-S15_96_cg267_7   -            295   3.1e-43  144.0   0.2   1   1   7.1e-46   4.6e-43  143.4   0.2    73   321     7   282     2   293 0.75 -
GT2_Glycos_transf_2.hmm PF00535.25   170 KW1-S15_96_cg270_9   -            382   1.5e-22   75.5   0.0   1   1   7.4e-25   2.4e-22   74.8   0.0     1   168    46   213    46   215 0.95 Glycosyl transferase family 2
GT2_Glyco_tranf_2_3.hmm PF13641.5    230 KW1-S15_96_cg270_9   -            382   5.2e-22   74.1   0.1   1   1   2.5e-24   7.9e-22   73.5   0.1     3   203    44   243    43   274 0.82 Glycosyltransferase like family 2
CE1.hmm              -            227 KW1-S15_96_cg272_3   -            260   4.7e-19   64.3   0.0   1   1   9.6e-22   6.2e-19   63.9   0.0    10   193    22   221    16   245 0.67 -
GH103.hmm            -            295 KW1-S15_96_cg274_4   -            348     8e-96  315.9   0.0   1   1   1.4e-98   9.1e-96  315.7   0.0     1   294    44   342    44   343 0.94 -
GH109.hmm            -            126 KW1-S15_96_cg293_2   -            328   7.3e-16   54.0   0.0   1   1   1.9e-18   1.2e-15   53.3   0.0     1   123     6   121     6   124 0.86 -
AA3.hmm              -            618 KW1-S15_96_cg299_10  -            534   1.4e-52  174.2   0.0   1   1   1.1e-54   1.7e-52  173.9   0.0    88   400     4   527     1   530 0.76 -
AA3_2.hmm            -            568 KW1-S15_96_cg299_10  -            534   2.1e-29   97.9   0.0   1   2   5.7e-17   9.2e-15   49.6   0.0     4   314     7   312     5   350 0.72 -
AA3_2.hmm            -            568 KW1-S15_96_cg299_10  -            534   2.1e-29   97.9   0.0   2   2   5.7e-16   9.1e-14   46.3   0.0   503   567   462   526   422   527 0.92 -
AA3_1.hmm            -            548 KW1-S15_96_cg299_10  -            534   1.5e-26   88.3   0.2   1   2   9.5e-15   1.5e-12   42.1   0.0    16   276     5   284     1   287 0.77 -
AA3_1.hmm            -            548 KW1-S15_96_cg299_10  -            534   1.5e-26   88.3   0.2   2   2   6.9e-15   1.1e-12   42.6   0.0   468   542   453   522   412   527 0.87 -
GH23.hmm             -            135 KW1-S15_96_cg309_5   -            695   2.2e-28   94.7   2.2   1   1   1.4e-30   8.7e-28   92.8   0.2    15   119   549   673   538   681 0.93 -
GH23.hmm             -            135 KW1-S15_96_cg312_2   -            209   3.7e-21   71.3   0.0   1   1   1.1e-23   6.9e-21   70.5   0.0     8   117    99   196    94   207 0.85 -
CE11.hmm             -            271 KW1-S15_96_cg322_9   -            313  1.8e-111  367.1   0.0   1   1  3.1e-114    2e-111  366.9   0.0     1   270    13   284    13   285 0.99 -
GT41.hmm             -            705 KW1-S15_96_cg328_4   -            231   2.5e-15   51.3   0.0   1   1   6.3e-18     4e-15   50.6   0.0    50   191    66   198    24   218 0.81 -
CE10.hmm             -            341 KW1-S15_96_cg349_9   -            502   1.2e-46  155.2   0.1   1   1   2.6e-49   1.7e-46  154.7   0.1    40   193    40   215     6   278 0.81 -
GT4.hmm              -            160 KW1-S15_96_cg360_1   -            432   4.5e-34  112.8   0.0   1   1   2.5e-36   7.9e-34  111.9   0.0    19   158   258   395   245   397 0.96 -
GT5.hmm              -            472 KW1-S15_96_cg360_1   -            432   7.7e-22   72.8   0.0   1   1   1.1e-19   3.4e-17   57.5   0.0   305   471   261   421   250   422 0.90 -
CE10.hmm             -            341 KW1-S15_96_cg383_3   -            499   3.6e-42  140.5   0.1   1   1   7.8e-45     5e-42  140.0   0.1    75   222    80   235    51   298 0.84 -
GT30.hmm             -            177 KW1-S15_96_cg384_1   -            432   1.4e-66  218.6   0.0   1   1   7.1e-68   4.6e-65  213.7   0.0     2   176    34   211    33   212 0.97 -
GH51.hmm             -            630 KW1-S15_96_cg386_2   -            500  1.1e-127  422.7   0.0   1   1    2e-130  1.3e-127  422.5   0.0    83   542     2   497     1   499 0.95 -
CE4.hmm              -            130 KW1-S15_96_cg408_7   -            348   1.9e-28   94.5   0.2   1   1   6.3e-31     4e-28   93.5   0.2     5   122    77   207    73   209 0.89 -
GH73.hmm             -            128 KW1-S15_96_cg408_8   -            268   2.4e-23   78.3   0.0   1   1   5.2e-26   3.4e-23   77.8   0.0    12   128   130   256   124   256 0.80 -
AA1_3.hmm            -            312 KW1-S15_96_cg418_1   -            252     2e-41  137.5   0.1   1   1   1.9e-43   3.1e-41  136.8   0.1    12   164    24   175    16   190 0.91 -
AA1.hmm              -            943 KW1-S15_96_cg418_1   -            252   6.2e-40  132.5   0.4   1   1   4.8e-42   7.7e-40  132.2   0.4   443   613    32   252    21   252 0.86 -
AA1_2.hmm            -            337 KW1-S15_96_cg418_1   -            252   1.2e-36  121.7   0.1   1   1   9.7e-39   1.6e-36  121.3   0.1     2   137    44   177    43   198 0.92 -
AA1_1.hmm            -            303 KW1-S15_96_cg418_1   -            252   2.6e-24   81.1   0.1   1   1   2.2e-26   3.5e-24   80.7   0.1     5   153    41   177    37   195 0.83 -
AA3_2.hmm            -            568 KW1-S15_96_cg430_6   -            505  2.7e-115  381.5   0.0   1   2   9.1e-68   1.2e-65  217.6   0.0     2   327     5   305     4   316 0.87 -
AA3_2.hmm            -            568 KW1-S15_96_cg430_6   -            505  2.7e-115  381.5   0.0   2   2   5.6e-50   7.2e-48  158.9   0.0   389   566   320   503   304   504 0.90 -
AA3.hmm              -            618 KW1-S15_96_cg430_6   -            505   2.5e-87  289.0   0.0   1   1   2.2e-89   2.8e-87  288.8   0.0    86   398     2   503     1   504 0.86 -
AA3_3.hmm            -            590 KW1-S15_96_cg430_6   -            505   1.8e-49  163.8   0.0   1   2     9e-32   1.2e-29   98.5   0.0     3   311     6   291     4   317 0.77 -
AA3_3.hmm            -            590 KW1-S15_96_cg430_6   -            505   1.8e-49  163.8   0.0   2   2   2.3e-18   2.9e-16   54.2   0.0   510   586   426   503   422   504 0.94 -
AA3_1.hmm            -            548 KW1-S15_96_cg430_6   -            505   7.6e-48  158.6   0.0   1   2   1.7e-27   2.2e-25   84.5   0.1    14   287     3   269     1   294 0.80 -
AA3_1.hmm            -            548 KW1-S15_96_cg430_6   -            505   7.6e-48  158.6   0.0   2   2   9.2e-23   1.2e-20   68.9   0.0   408   544   360   502   343   504 0.73 -
AA8.hmm              -            815 KW1-S15_96_cg430_6   -            505   2.3e-34  113.7   0.1   1   2   7.1e-15   9.1e-13   42.3   0.1   243   373     3   131     1   143 0.80 -
AA8.hmm              -            815 KW1-S15_96_cg430_6   -            505   2.3e-34  113.7   0.1   2   2   1.4e-15   1.8e-13   44.6   0.0   694   773   420   502   357   503 0.69 -
CE10.hmm             -            341 KW1-S15_96_cg443_4   -            506   5.6e-42  139.8   0.1   1   1   1.3e-44   8.3e-42  139.3   0.1    73   193    80   213    61   270 0.88 -
PL22.hmm             -            265 KW1-S15_96_cg445_1   -            345   1.7e-31  104.7   0.0   1   1   2.8e-18   1.8e-15   52.1   0.0   138   240   197   299   193   309 0.84 -
GT2_Glycos_transf_2.hmm PF00535.25   170 KW1-S15_96_cg463_5   -            423   4.8e-33  109.6   0.0   1   1   3.2e-35   6.9e-33  109.1   0.0     1   169    57   223    57   224 0.98 Glycosyl transferase family 2
GT2_Glyco_tranf_2_3.hmm PF13641.5    230 KW1-S15_96_cg463_5   -            423   7.7e-33  109.6   0.1   1   1   4.6e-35   9.9e-33  109.2   0.1     1   230    54   277    54   277 0.94 Glycosyltransferase like family 2
GT2_Glyco_trans_2_3.hmm PF13632.5    197 KW1-S15_96_cg463_5   -            423   2.2e-25   85.0  12.8   1   1   3.3e-27   7.1e-25   83.4  12.8     3   196   138   386   136   387 0.83 Glycosyl transferase family group 2
GH153.hmm            -            349 KW1-S15_96_cg463_6   -            639  1.5e-137  453.5   2.8   1   1  6.3e-140    2e-137  453.0   2.8     2   348   296   629   295   630 0.95 -
CE4.hmm              -            130 KW1-S15_96_cg463_6   -            639   2.3e-23   78.1   0.0   1   1   2.9e-25   9.3e-23   76.1   0.0     6   125    86   254    82   258 0.85 -
GT2_Glycos_transf_2.hmm PF00535.25   170 KW1-S15_96_cg463_14  -            299   5.1e-26   86.8   0.0   1   1   3.6e-28   7.8e-26   86.2   0.0     1   169     4   168     4   169 0.83 Glycosyl transferase family 2
GT2_Glyco_tranf_2_3.hmm PF13641.5    230 KW1-S15_96_cg463_14  -            299   2.2e-16   55.7   0.0   1   1   1.5e-18   3.1e-16   55.2   0.0     4   188     3   180     2   209 0.79 Glycosyltransferase like family 2
GT27.hmm                -            295 KW1-S15_96_cg463_14  -            299   2.9e-16   54.9   0.0   1   1   1.8e-18   3.9e-16   54.5   0.0     1   111     4   111     4   129 0.87 -
GT2_Glycos_transf_2.hmm PF00535.25   170 KW1-S15_96_cg463_15  -            109     2e-32  107.6   0.1   1   1   1.1e-34   2.3e-32  107.4   0.1     1    98     8   104     8   108 0.96 Glycosyl transferase family 2
GT2_Glyco_tranf_2_3.hmm PF13641.5    230 KW1-S15_96_cg463_15  -            109   2.7e-18   62.0   0.0   1   1   1.4e-20     3e-18   61.8   0.0     1   109     5   107     5   109 0.93 Glycosyltransferase like family 2
GT27.hmm                -            295 KW1-S15_96_cg463_15  -            109   1.3e-17   59.3   0.0   1   1   7.3e-20   1.6e-17   59.1   0.0     1   101     8   104     8   108 0.89 -
GT41.hmm             -            705 KW1-S15_96_cg465_2   -            181     9e-16   52.8   0.4   1   1   3.2e-17     2e-14   48.3   0.1   124   191    61   128    17   137 0.86 -
AA3.hmm              -            618 KW1-S15_96_cg475_22  -             82   1.3e-28   95.0   0.2   1   1   8.8e-31   1.4e-28   94.9   0.2   329   398    10    80     2    81 0.93 -
AA3_2.hmm            -            568 KW1-S15_96_cg475_22  -             82   5.9e-28   93.1   0.1   1   1   3.9e-30   6.3e-28   93.0   0.1   489   566     2    80     1    81 0.97 -
AA3_1.hmm            -            548 KW1-S15_96_cg475_22  -             82   1.2e-21   72.2   0.0   1   1   7.8e-24   1.2e-21   72.1   0.0   477   544    13    79     2    81 0.91 -
AA3_3.hmm            -            590 KW1-S15_96_cg475_22  -             82   4.6e-18   60.2   0.0   1   1   3.3e-20   5.2e-18   60.0   0.0   510   586     3    80     2    81 0.94 -
GT4.hmm              -            160 KW1-S15_96_cg481_8   -            372   3.1e-25   84.0   0.0   1   1   7.9e-28   5.1e-25   83.3   0.0     7   151   192   338   189   345 0.92 -
GT4.hmm              -            160 KW1-S15_96_cg481_9   -            343   1.8e-31  104.3   0.0   1   1   8.7e-34   2.8e-31  103.7   0.0     8   157   168   311   162   315 0.96 -
GT5.hmm              -            472 KW1-S15_96_cg481_9   -            343     3e-15   51.1   0.0   1   1   1.3e-17   4.2e-15   50.6   0.0   291   471   168   338   151   339 0.85 -
GH109.hmm            -            126 KW1-S15_96_cg482_5   -            342   4.5e-17   57.9   0.9   1   1   3.3e-19   2.1e-16   55.8   0.9     1   122     3   116     3   120 0.88 -
AA7.hmm              -            458 KW1-S15_96_cg484_3   -            452  1.3e-102  340.1   5.5   1   1  8.3e-104  5.3e-101  334.8   5.5     3   458    28   447    26   447 0.85 -
GH73.hmm             -            128 KW1-S15_96_cg484_9   -            230   2.8e-19   65.1   0.0   1   1     6e-22   3.8e-19   64.7   0.0    11   128    79   206    74   206 0.80 -
CE10.hmm             -            341 KW1-S15_96_cg488_2   -            513     5e-32  107.1   4.0   1   1   2.8e-34   1.8e-31  105.3   2.5    72   215    86   244    78   270 0.85 -
CE10.hmm             -            341 KW1-S15_96_cg488_4   -            438   3.8e-36  120.7   0.0   1   1   9.9e-39   6.3e-36  119.9   0.0    75   280     8   219     1   223 0.77 -
GH109.hmm            -            126 KW1-S15_96_cg489_2   -            351   6.7e-19   63.9   1.5   1   1   2.5e-21   1.6e-18   62.6   0.1     1   122     4   116     4   120 0.91 -
GT2_Glyco_tranf_2_3.hmm PF13641.5    230 KW1-S15_96_cg510_2   -            328   1.3e-18   63.1   0.0   1   1     3e-21   1.9e-18   62.5   0.0     3   214     4   224     3   244 0.75 Glycosyltransferase like family 2
CE10.hmm             -            341 KW1-S15_96_cg512_11  -            724   3.1e-17   58.5   0.5   1   1     8e-20   5.1e-17   57.8   0.5    76   337   480   718   470   721 0.80 -
GT41.hmm             -            705 KW1-S15_96_cg516_3   -            272   3.8e-15   50.7   2.2   1   1   4.6e-17     3e-14   47.8   2.2   101   191   159   239   115   270 0.83 -
CE10.hmm             -            341 KW1-S15_96_cg517_3   -            601     2e-26   88.7   0.1   1   1   4.2e-29   2.7e-26   88.3   0.1    81   329   348   594   326   599 0.80 -
GT51.hmm             -            177 KW1-S15_96_cg518_16  -            851   4.2e-59  194.3   0.0   1   1   9.9e-62   6.3e-59  193.7   0.0     1   176    55   232    55   233 0.96 -
#
# Program:         hmmscan
# Version:         3.3.1 (Jul 2020)
# Pipeline mode:   SCAN
# Query file:      /beegfs/home/lxd/2_sea_metagenomics/6.metabat2/bins_redup_refinem_drep/derep_70_10/derepbins_prodigal/KW1-S15_96.proteins.faa
# Target file:     /beegfs/home/lxd/4_salt_metagenomics/tools/CAZy/dbCAN-HMMdb-V8.txt
# Option settings: hmmscan --tblout KW1-S15_96.tbl --domtblout KW1-S15_96_dom.tbl --acc --noali --notextw -E 1e-14 --domE 1e-14 --cpu 30 /beegfs/home/lxd/4_salt_metagenomics/tools/CAZy/dbCAN-HMMdb-V8.txt /beegfs/home/lxd/2_sea_metagenomics/6.metabat2/bins_redup_refinem_drep/derep_70_10/derepbins_prodigal/KW1-S15_96.proteins.faa 
# Current dir:     /beegfs/home/lxd/2_sea_metagenomics/6.metabat2/bins_redup_refinem_drep/derep_70_10/derepbins_cazy
# Date:            Thu Mar  4 17:48:38 2021
# [ok]
