#                                                                            --- full sequence --- -------------- this domain -------------   hmm coord   ali coord   env coord
# target name        accession   tlen query name           accession   qlen   E-value  score  bias   #  of  c-Evalue  i-Evalue  score  bias  from    to  from    to  from    to  acc description of target
#------------------- ---------- ----- -------------------- ---------- ----- --------- ------ ----- --- --- --------- --------- ------ ----- ----- ----- ----- ----- ----- ----- ---- ---------------------
GT83.hmm             -            540 KW1-S11_156_cg9_4    -            480   9.5e-59  194.6  57.1   1   1   1.9e-61   1.2e-58  194.2  57.1     6   395    26   410    22   442 0.78 -
GT28.hmm             -            157 KW1-S11_156_cg15_19  -            376   2.3e-48  159.2   0.2   1   1   6.1e-51   3.9e-48  158.4   0.2     1   157   196   360   196   360 0.95 -
GT41.hmm             -            705 KW1-S11_156_cg16_1   -            452   1.4e-35  118.2  10.9   1   1   4.7e-15     3e-12   41.1   1.3   127   191     6    70     2    74 0.94 -
GT4.hmm              -            160 KW1-S11_156_cg20_1   -            365   1.6e-38  127.2   0.0   1   1   7.5e-41   2.4e-38  126.6   0.0     9   159   186   333   180   334 0.95 -
GT5.hmm              -            472 KW1-S11_156_cg20_1   -            365   7.8e-26   86.0   0.0   1   1   3.8e-26   1.2e-23   78.7   0.0   197   471   123   358   102   359 0.84 -
CE14.hmm             -            124 KW1-S11_156_cg20_2   -            244   1.9e-27   91.8   0.5   1   1   5.3e-30   3.4e-27   91.0   0.5     1   124    10   115    10   115 0.98 -
GT4.hmm              -            160 KW1-S11_156_cg21_10  -            746   3.6e-38  126.0   0.0   1   1   1.3e-40   8.6e-38  124.8   0.0     6   159   236   395   232   396 0.97 -
GT4.hmm              -            160 KW1-S11_156_cg21_14  -            417   7.9e-26   85.9   0.0   1   1   3.1e-28     2e-25   84.6   0.0     7   158   219   373   216   375 0.96 -
GT4.hmm              -            160 KW1-S11_156_cg21_15  -            424   1.2e-33  111.4   0.0   1   1   2.9e-36   1.9e-33  110.7   0.0    10   157   223   376   216   379 0.96 -
GT28.hmm             -            157 KW1-S11_156_cg21_16  -            242   4.8e-18   60.7   0.0   1   1   1.1e-20   6.9e-18   60.2   0.0     2   139    75   216    74   221 0.87 -
CBM50.hmm            -             40 KW1-S11_156_cg24_1   -            130   2.7e-34  112.6   3.6   1   2     2e-18   1.3e-15   52.8   0.1     1    38    35    75    35    76 0.93 -
CBM50.hmm            -             40 KW1-S11_156_cg24_1   -            130   2.7e-34  112.6   3.6   2   2   3.9e-18   2.5e-15   51.9   0.0     1    40    85   128    85   128 0.92 -
CE1.hmm              -            227 KW1-S11_156_cg38_2   -            380   1.2e-32  108.8   0.0   1   1   2.5e-35   1.6e-32  108.4   0.0     1   222   146   368   146   371 0.81 -
CE1.hmm              -            227 KW1-S11_156_cg38_4   -            245   3.7e-19   64.7   0.0   1   1   6.4e-22   4.1e-19   64.5   0.0    67   224    76   242    25   244 0.76 -
GT5.hmm              -            472 KW1-S11_156_cg38_5   -            327  1.1e-124  412.0   0.0   1   1  3.7e-127  1.2e-124  411.8   0.0   152   471     3   324     1   325 0.97 -
GT4.hmm              -            160 KW1-S11_156_cg38_5   -            327   2.1e-16   55.3   0.0   1   1   1.2e-18   3.8e-16   54.5   0.0     8   149   143   289   140   295 0.88 -
GT5.hmm              -            472 KW1-S11_156_cg43_3   -            372  7.1e-117  386.2   0.0   1   1  1.2e-119    8e-117  386.0   0.0     1   366     2   372     2   372 0.95 -
GT89.hmm             -            556 KW1-S11_156_cg51_3   -            532     7e-20   66.1  14.7   1   1   1.7e-22   1.1e-19   65.5  14.1    25   269    49   292    27   386 0.80 -
GT9.hmm              -            225 KW1-S11_156_cg51_11  -            338   1.7e-55  183.6   0.6   1   1   3.4e-58   2.2e-55  183.3   0.6     4   222    64   312    61   315 0.88 -
GT30.hmm             -            177 KW1-S11_156_cg51_14  -            417   3.3e-55  181.6   0.0   1   1   1.4e-57   8.9e-55  180.2   0.0     6   176    35   205    30   206 0.95 -
GT4.hmm              -            160 KW1-S11_156_cg55_2   -            395   4.6e-41  135.5   0.0   1   1   2.2e-43   7.2e-41  134.8   0.0     8   157   202   351   198   354 0.97 -
GT5.hmm              -            472 KW1-S11_156_cg55_2   -            395   1.3e-20   68.7   0.1   1   1   4.7e-21   1.5e-18   62.0   0.0   295   462   206   369   186   377 0.86 -
GT19.hmm             -            354 KW1-S11_156_cg55_14  -            379  4.6e-111  366.1   0.0   1   1  8.2e-114  5.3e-111  365.9   0.0     2   352    11   356    10   358 0.96 -
GT2_Glycos_transf_2.hmm PF00535.25   170 KW1-S11_156_cg55_20  -            331   4.9e-31  103.1   0.1   1   1   1.1e-33   6.9e-31  102.6   0.1     1   168    26   187    26   189 0.94 Glycosyl transferase family 2
GT4.hmm              -            160 KW1-S11_156_cg55_21  -            411   6.5e-29   96.0   0.0   1   1   2.9e-31   9.4e-29   95.4   0.0    10   159   219   372   211   373 0.96 -
GT5.hmm              -            472 KW1-S11_156_cg55_21  -            411   5.8e-18   60.0   0.0   1   1   9.3e-19     3e-16   54.4   0.0   275   471   203   397   180   398 0.89 -
GT89.hmm             -            556 KW1-S11_156_cg58_9   -            545   7.4e-35  115.6  14.9   1   1   4.1e-37   2.6e-34  113.7  14.9    11   465    28   442    20   453 0.71 -
AA3.hmm              -            618 KW1-S11_156_cg62_6   -            547   4.7e-50  165.8   0.0   1   1   3.8e-52     6e-50  165.5   0.0    85   397     4   523     1   531 0.70 -
AA3_2.hmm            -            568 KW1-S11_156_cg62_6   -            547   8.7e-27   89.3   0.0   1   1   1.2e-16     2e-14   48.5   0.1   500   565   458   523   424   525 0.88 -
AA3_1.hmm            -            548 KW1-S11_156_cg62_6   -            547   2.6e-25   84.2   0.0   1   1   9.4e-16   1.5e-13   45.4   0.0   479   544   460   523   431   526 0.90 -
GT51.hmm             -            177 KW1-S11_156_cg85_7   -            829     9e-60  196.5   0.0   1   1   2.6e-62   1.7e-59  195.6   0.0     2   177    81   255    80   255 0.97 -
GT41.hmm             -            705 KW1-S11_156_cg85_21  -            585   4.8e-30  100.0   6.6   1   1     2e-17   1.3e-14   49.0   0.5    53   191   404   533   386   579 0.89 -
CE10.hmm             -            341 KW1-S11_156_cg88_7   -            258     1e-45  152.1   1.0   1   1   2.2e-48   1.4e-45  151.7   1.0    81   317     5   232     1   251 0.74 -
AA4.hmm              -            522 KW1-S11_156_cg97_6   -            472   8.8e-21   69.3   0.0   1   1   7.6e-21   2.4e-18   61.3   0.0    37   195    37   195    12   230 0.85 -
AA7.hmm              -            458 KW1-S11_156_cg97_6   -            472   8.8e-15   50.5   4.9   1   1   2.5e-16   8.1e-14   47.4   3.9    10   215    49   260    44   318 0.82 -
CBM9.hmm             -            182 KW1-S11_156_cg104_5  -            761   1.6e-20   69.3   0.1   1   1   4.2e-23   2.7e-20   68.5   0.1     1   149    60   218    60   236 0.84 -
GH74.hmm             -            233 KW1-S11_156_cg120_1  -           1092   7.2e-50  164.8   7.5   1   2     3e-15     2e-12   42.3   0.2    45   133   131   222   102   233 0.73 -
GH74.hmm             -            233 KW1-S11_156_cg120_1  -           1092   7.2e-50  164.8   7.5   2   2   5.5e-16   3.6e-13   44.7   0.0    40   116   235   313   202   336 0.77 -
GH2.hmm              -            752 KW1-S11_156_cg124_5  -            724     5e-92  304.9   1.0   1   1   9.6e-95   6.2e-92  304.6   1.0    29   481     5   522     1   549 0.78 -
GT41.hmm             -            705 KW1-S11_156_cg131_5  -            286   1.7e-21   71.7  12.3   1   1   9.3e-17     6e-14   46.8   5.8    78   191    49   152    47   260 0.90 -
GH13.hmm             -            299 KW1-S11_156_cg146_1  -            806   5.4e-18   61.5   0.0   1   1   3.4e-20   1.1e-17   60.5   0.0    21   289   301   660   281   668 0.75 -
GT35.hmm             -            674 KW1-S11_156_cg146_2  -            742  1.3e-133  442.1   0.0   1   2     2e-19   1.3e-16   55.5   0.0    18    70   126   180   120   219 0.85 -
GT35.hmm             -            674 KW1-S11_156_cg146_2  -            742  1.3e-133  442.1   0.0   2   2    2e-115  1.3e-112  372.8   0.0   158   555   239   644   228   668 0.93 -
GT51.hmm             -            177 KW1-S11_156_cg151_3  -            428   2.3e-57  188.6   0.0   1   1   5.2e-60   3.3e-57  188.1   0.0    10   176   164   334   154   335 0.95 -
GT2_Glyco_tranf_2_3.hmm PF13641.5    230 KW1-S11_156_cg156_11 -            500   4.6e-30  100.5   0.6   1   1   3.7e-32     6e-30  100.1   0.6     1   228    52   280    52   282 0.92 Glycosyltransferase like family 2
GT2_Glycos_transf_2.hmm PF00535.25   170 KW1-S11_156_cg156_11 -            500   1.5e-23   78.8   0.2   1   1   1.5e-25   2.4e-23   78.1   0.2     4   166    58   225    55   228 0.90 Glycosyl transferase family 2
GT2_Glyco_trans_2_3.hmm PF13632.5    197 KW1-S11_156_cg156_11 -            500     3e-23   78.1   2.1   1   1   1.9e-25     3e-23   78.1   2.1     3   191   143   326   141   363 0.85 Glycosyl transferase family group 2
GT21.hmm                -            233 KW1-S11_156_cg156_11 -            500   2.8e-16   55.0   0.0   1   1   2.3e-18   3.7e-16   54.6   0.0     1   231    52   281    52   282 0.92 -
GH23.hmm             -            135 KW1-S11_156_cg160_10 -            214   5.8e-37  122.5   0.0   1   1   1.7e-39   1.1e-36  121.7   0.0    13   126    68   180    61   186 0.93 -
CE10.hmm             -            341 KW1-S11_156_cg160_24 -            834   2.3e-24   81.9   0.3   1   1   1.3e-26   4.3e-24   81.0   0.3    80   321   573   808   524   828 0.81 -
CE1.hmm              -            227 KW1-S11_156_cg160_24 -            834   5.9e-15   50.9   0.1   1   1   3.4e-17   1.1e-14   50.0   0.1    11   194   580   782   570   814 0.73 -
GH23.hmm             -            135 KW1-S11_156_cg173_4  -            770     3e-21   71.7   0.1   1   1   4.7e-24     3e-21   71.7   0.1    15   124   614   743   601   747 0.89 -
GT2_Glycos_transf_2.hmm PF00535.25   170 KW1-S11_156_cg175_3  -            233   7.1e-19   63.5   0.0   1   1   1.4e-21   8.7e-19   63.2   0.0     1   123     6   123     6   166 0.92 Glycosyl transferase family 2
GT4.hmm              -            160 KW1-S11_156_cg178_9  -            348   3.5e-32  106.6   0.0   1   1     8e-35   5.1e-32  106.1   0.0    10   159   176   323   171   324 0.96 -
AA3.hmm              -            618 KW1-S11_156_cg180_2  -            502   6.3e-48  158.8   0.0   1   1   5.9e-50   7.6e-48  158.5   0.0    89   399    15   498    11   501 0.81 -
AA3_2.hmm            -            568 KW1-S11_156_cg180_2  -            502   1.5e-23   78.6   0.0   1   1   8.2e-15   1.1e-12   42.8   0.0   504   566   435   497   422   498 0.95 -
AA3.hmm              -            618 KW1-S11_156_cg182_3  -            501     4e-41  136.3   0.0   1   1   1.6e-43     5e-41  136.0   0.0    86   399    12   495     4   499 0.77 -
AA3_2.hmm            -            568 KW1-S11_156_cg182_3  -            501   4.1e-23   77.1   0.1   1   1   7.7e-15   2.5e-12   41.6   0.0   498   565   426   493   419   495 0.92 -
GT51.hmm             -            177 KW1-S11_156_cg185_2  -            799   8.3e-64  209.6   0.0   1   1     2e-66   1.3e-63  209.0   0.0    12   177   161   330   148   330 0.96 -
AA1.hmm              -            943 KW1-S11_156_cg188_1  -            350   2.5e-53  176.8  21.6   1   2   3.2e-36   5.1e-34  112.9   9.8   453   558     1   106     1   132 0.86 -
AA1.hmm              -            943 KW1-S11_156_cg188_1  -            350   2.5e-53  176.8  21.6   2   2   3.8e-23   6.1e-21   69.6   4.4   455   541   139   234   120   235 0.84 -
AA1_2.hmm            -            337 KW1-S11_156_cg188_1  -            350   1.4e-29   98.5   2.6   1   1   1.4e-30   2.2e-28   94.5   0.6     6   201     2   190     1   202 0.86 -
AA1_3.hmm            -            312 KW1-S11_156_cg188_1  -            350   8.3e-28   92.7   2.7   1   1   8.5e-29   1.4e-26   88.7   1.6    37   233     3   185     2   193 0.77 -
AA1_1.hmm            -            303 KW1-S11_156_cg188_1  -            350   1.5e-24   81.9   0.0   1   1   1.3e-26   2.1e-24   81.5   0.0    14   214     4   189     2   206 0.88 -
GT41.hmm             -            705 KW1-S11_156_cg191_2  -            793   2.3e-34  114.3  15.7   1   1   3.4e-22   2.2e-19   64.7   1.2    83   191   454   552   418   553 0.91 -
GH74.hmm             -            233 KW1-S11_156_cg196_4  -            788     7e-60  197.6  25.1   1   2   2.2e-18   1.4e-15   52.6   1.1    44   123   131   213   106   235 0.79 -
GH74.hmm             -            233 KW1-S11_156_cg196_4  -            788     7e-60  197.6  25.1   2   2   5.8e-16   3.7e-13   44.7   0.7    44   117   240   315   205   323 0.79 -
GH23.hmm             -            135 KW1-S11_156_cg198_7  -            243   4.2e-35  116.5   0.0   1   1   9.3e-38     6e-35  116.0   0.0    15   126   119   229   107   237 0.92 -
CE1.hmm              -            227 KW1-S11_156_cg205_4  -            821   3.1e-22   74.7   0.1   1   1   8.4e-25   5.4e-22   73.9   0.1     8   175   599   755   596   802 0.72 -
GT41.hmm             -            705 KW1-S11_156_cg206_2  -            912   1.6e-29   98.2   0.5   1   1   9.7e-15   6.2e-12   40.1   0.1    86   191   497   608   470   619 0.86 -
GH113.hmm            -            306 KW1-S11_156_cg208_5  -            351   2.8e-76  251.7   0.7   1   1   4.9e-79   3.1e-76  251.6   0.7    12   303    47   331    35   334 0.94 -
GT51.hmm             -            177 KW1-S11_156_cg209_3  -            238   8.2e-51  167.3   0.0   1   1   1.7e-53   1.1e-50  166.9   0.0    14   175    65   226    54   230 0.94 -
GH23.hmm             -            135 KW1-S11_156_cg209_9  -             94   2.5e-20   68.7   0.0   1   1   4.4e-23   2.8e-20   68.5   0.0    42   119     1    79     1    88 0.96 -
GH102.hmm            -            157 KW1-S11_156_cg210_5  -            407   3.2e-54  178.5   0.0   1   1   8.4e-57   5.4e-54  177.7   0.0     1   157   146   301   146   301 0.98 -
GH113.hmm            -            306 KW1-S11_156_cg225_1  -            385   2.8e-42  140.1   0.0   1   2   1.4e-18   8.9e-16   53.0   0.0    66   140     8    88     2    95 0.90 -
GH113.hmm            -            306 KW1-S11_156_cg225_1  -            385   2.8e-42  140.1   0.0   2   2   2.8e-28   1.8e-25   84.9   0.0   144   283   178   343   165   350 0.76 -
GH74.hmm             -            233 KW1-S11_156_cg225_5  -           1051   5.3e-48  158.7  23.1   1   3   4.9e-15   3.2e-12   41.6   2.3    42   108    63   134    38   137 0.88 -
GH74.hmm             -            233 KW1-S11_156_cg225_5  -           1051   5.3e-48  158.7  23.1   2   3     8e-15   5.1e-12   40.9   0.6    42   112   167   247   152   253 0.86 -
GH74.hmm             -            233 KW1-S11_156_cg225_5  -           1051   5.3e-48  158.7  23.1   3   3   2.5e-17   1.6e-14   49.1   0.9    46   115   229   298   213   308 0.86 -
GH23.hmm             -            135 KW1-S11_156_cg232_2  -            720   1.2e-25   85.9   4.7   1   1   1.6e-26     1e-23   79.6   0.2    17   118   584   705   572   714 0.90 -
GH109.hmm            -            126 KW1-S11_156_cg256_8  -            396   5.6e-46  151.3   0.0   1   1   1.9e-48   1.2e-45  150.2   0.0     4   125     2   123     1   124 0.99 -
GT2_Glycos_transf_2.hmm PF00535.25   170 KW1-S11_156_cg257_1  -            125   9.2e-18   59.9   0.0   1   1   1.7e-20   1.1e-17   59.7   0.0     1    96     7    91     7   105 0.94 Glycosyl transferase family 2
GH74.hmm             -            233 KW1-S11_156_cg266_4  -           1047   4.5e-58  191.7  28.6   1   3   1.3e-17   8.3e-15   50.1   0.1    40   110   119   192    95   216 0.86 -
GH74.hmm             -            233 KW1-S11_156_cg266_4  -           1047   4.5e-58  191.7  28.6   2   3   5.3e-17   3.4e-14   48.1   0.2    26   112   156   252   144   257 0.82 -
GH74.hmm             -            233 KW1-S11_156_cg266_4  -           1047   4.5e-58  191.7  28.6   3   3   1.8e-17   1.1e-14   49.6   0.1    46   113   234   300   230   313 0.91 -
GT4.hmm              -            160 KW1-S11_156_cg267_3  -            381   1.4e-32  107.9   0.0   1   1   3.8e-35   2.4e-32  107.1   0.0     8   157   200   348   194   351 0.95 -
GT4.hmm              -            160 KW1-S11_156_cg267_4  -            355   6.8e-28   92.7   0.0   1   1   3.4e-30   1.1e-27   92.0   0.0     5   151   177   321   176   326 0.93 -
GT5.hmm              -            472 KW1-S11_156_cg267_4  -            355   1.7e-25   84.9   0.2   1   1   5.4e-25   1.7e-22   74.9   0.0   290   470   179   352   172   353 0.90 -
GT4.hmm              -            160 KW1-S11_156_cg267_7  -            376   4.1e-28   93.4   0.0   1   1   1.6e-30     1e-27   92.1   0.0     8   147   203   336   200   348 0.90 -
GT4.hmm              -            160 KW1-S11_156_cg267_8  -            385   3.9e-28   93.4   0.0   1   1   9.5e-31   6.1e-28   92.8   0.0     9   156   192   338   190   342 0.94 -
GT4.hmm              -            160 KW1-S11_156_cg267_9  -            375   3.2e-33  110.0   0.0   1   1   8.7e-36   5.5e-33  109.2   0.0    11   158   196   340   191   342 0.94 -
GT4.hmm              -            160 KW1-S11_156_cg267_10 -            469   4.4e-30   99.8   0.0   1   1   1.2e-32   7.4e-30   99.0   0.0     9   156   284   431   282   435 0.94 -
GT89.hmm             -            556 KW1-S11_156_cg292_16 -            533     5e-32  106.2  32.4   1   1   1.2e-31   7.7e-29   95.7  32.9     5   347    18   353    15   373 0.78 -
CE11.hmm             -            271 KW1-S11_156_cg293_3  -            433   5.9e-84  276.8   0.0   1   1   1.1e-86   7.2e-84  276.5   0.0     1   270   163   429   163   430 0.97 -
GH3.hmm              -            216 KW1-S11_156_cg293_4  -            364   3.5e-54  178.9   0.0   1   1   8.5e-57   5.4e-54  178.3   0.0    11   215    80   293    73   294 0.91 -
GT2_Glycos_transf_2.hmm PF00535.25   170 KW1-S11_156_cg297_2  -            261   8.6e-26   86.0   0.0   1   1   3.7e-28   1.2e-25   85.6   0.0     1   129    11   137    11   175 0.85 Glycosyl transferase family 2
GT81.hmm                -            293 KW1-S11_156_cg297_2  -            261   2.8e-16   54.5   0.0   1   1     2e-18   6.3e-16   53.4   0.0    19   124     6   104     1   111 0.88 -
GT83.hmm             -            540 KW1-S11_156_cg297_3  -            265   4.5e-21   70.2   8.4   1   1   7.7e-24     5e-21   70.1   8.4   287   455    11   167     1   217 0.62 -
GT83.hmm             -            540 KW1-S11_156_cg298_2  -            520   1.8e-72  239.9  46.6   1   1   3.7e-75   2.4e-72  239.5  46.6    10   383    36   416    29   435 0.81 -
CBM9.hmm             -            182 KW1-S11_156_cg307_3  -            721   1.9e-20   69.0   0.6   1   1   6.2e-23     4e-20   68.0   0.6     2   138    42   186    41   199 0.85 -
GT2_Glycos_transf_2.hmm PF00535.25   170 KW1-S11_156_cg310_7  -            294   2.1e-22   75.0   0.1   1   1   5.4e-25   3.5e-22   74.3   0.1     1   133    21   149    21   180 0.86 Glycosyl transferase family 2
GH38.hmm             -            269 KW1-S11_156_cg310_8  -            974   6.7e-32  106.4   0.0   1   1   1.6e-34     1e-31  105.8   0.0    54   255     2   209     1   221 0.82 -
GT83.hmm             -            540 KW1-S11_156_cg314_2  -            551   8.4e-64  211.3  55.1   1   1   1.3e-66   8.4e-64  211.3  55.1    35   487     5   460     2   465 0.81 -
GT4.hmm              -            160 KW1-S11_156_cg321_3  -            438   2.7e-27   90.7   0.0   1   1   8.7e-30   5.6e-27   89.7   0.0     7   158   241   400   237   402 0.90 -
GT2_Glycos_transf_2.hmm PF00535.25   170 KW1-S11_156_cg324_2  -            330   3.5e-23   77.6   0.0   1   1     2e-25   6.5e-23   76.7   0.0     2   168     9   182     8   184 0.76 Glycosyl transferase family 2
GT2_Glyco_tranf_2_3.hmm PF13641.5    230 KW1-S11_156_cg324_2  -            330   1.3e-16   56.4   0.4   1   1   6.2e-19     2e-16   55.9   0.4     3   212     6   225     4   256 0.84 Glycosyltransferase like family 2
GT4.hmm              -            160 KW1-S11_156_cg324_3  -            384   6.9e-18   60.1   0.0   1   1   1.6e-20   1.1e-17   59.5   0.0     8   156   193   335   188   339 0.93 -
GT2_Glyco_tranf_2_3.hmm PF13641.5    230 KW1-S11_156_cg324_5  -            313   1.9e-15   52.7   0.1   1   1   3.7e-18   2.4e-15   52.3   0.1     1   227    18   252    17   277 0.82 Glycosyltransferase like family 2
GT2_Glycos_transf_2.hmm PF00535.25   170 KW1-S11_156_cg324_6  -            330   1.7e-29   98.1   0.0   1   1   1.8e-31   3.8e-29   97.0   0.0     1   169     8   179     8   180 0.80 Glycosyl transferase family 2
GT2_Glyco_tranf_2_3.hmm PF13641.5    230 KW1-S11_156_cg324_6  -            330   1.1e-18   63.3   0.0   1   1   7.3e-21   1.6e-18   62.7   0.0     4   213     7   218     5   236 0.77 Glycosyltransferase like family 2
GT27.hmm                -            295 KW1-S11_156_cg324_6  -            330   3.1e-17   58.1   0.0   1   1   2.6e-19   5.6e-17   57.3   0.0    30   224    34   217     9   240 0.80 -
GT27.hmm                -            295 KW1-S11_156_cg324_8  -            677   3.8e-22   74.2   0.0   1   1   1.6e-23   3.4e-21   71.1   0.0     2   252    53   290    52   299 0.80 -
GT2_Glycos_transf_2.hmm PF00535.25   170 KW1-S11_156_cg324_8  -            677   8.8e-21   69.7   0.0   1   1   9.5e-23     2e-20   68.6   0.0     1   166    52   218    52   222 0.83 Glycosyl transferase family 2
GT2_Glyco_tranf_2_3.hmm PF13641.5    230 KW1-S11_156_cg324_8  -            677   2.2e-20   68.8   0.0   1   1   5.2e-22   1.1e-19   66.5   0.0     1   214    49   262    48   278 0.81 Glycosyltransferase like family 2
GT2_Glyco_tranf_2_3.hmm PF13641.5    230 KW1-S11_156_cg324_13 -            347   3.9e-19   64.7   0.7   1   1   4.1e-21   1.3e-18   63.0   0.7     8   226    12   245     7   248 0.73 Glycosyltransferase like family 2
GT2_Glycos_transf_2.hmm PF00535.25   170 KW1-S11_156_cg324_13 -            347   5.8e-16   54.1   0.0   1   1   3.6e-18   1.1e-15   53.1   0.0     2   117    11   126    10   182 0.94 Glycosyl transferase family 2
GT2_Glycos_transf_2.hmm PF00535.25   170 KW1-S11_156_cg325_3  -            237   2.2e-24   81.5   0.0   1   1   4.5e-27   2.9e-24   81.1   0.0     4   122    10   124     8   166 0.87 Glycosyl transferase family 2
CBM50.hmm            -             40 KW1-S11_156_cg325_7  -            323   3.3e-35  115.5   1.0   1   2   1.3e-19   8.4e-17   56.6   0.1     1    40   211   253   211   253 0.93 -
CBM50.hmm            -             40 KW1-S11_156_cg325_7  -            323   3.3e-35  115.5   1.0   2   2   8.4e-20   5.4e-17   57.3   0.1     1    40   268   310   268   310 0.93 -
CBM67.hmm            -            176 KW1-S11_156_cg329_6  -            366   3.1e-18   61.4   0.0   1   1   7.4e-21   4.7e-18   60.8   0.0     1   131    38   157    38   184 0.89 -
GT2_Glycos_transf_2.hmm PF00535.25   170 KW1-S11_156_cg339_14 -            222   5.1e-16   54.2   0.0   1   1   1.3e-18   8.6e-16   53.5   0.0     1    96     2    86     2   101 0.94 Glycosyl transferase family 2
GT83.hmm             -            540 KW1-S11_156_cg341_1  -            428   1.1e-29   98.7  60.0   1   1   2.1e-32   1.3e-29   98.4  60.0     6   366    34   393    30   423 0.75 -
GT83.hmm             -            540 KW1-S11_156_cg346_11 -            684   3.2e-15   50.9  72.5   1   1   4.9e-18   3.2e-15   50.9  72.5    82   366   174   504   155   535 0.69 -
GT4.hmm              -            160 KW1-S11_156_cg347_14 -            404   1.2e-28   95.1   0.0   1   1   5.9e-31   1.9e-28   94.5   0.0     5   159   219   365   216   366 0.93 -
GT5.hmm              -            472 KW1-S11_156_cg347_14 -            404   2.2e-21   71.3   0.0   1   1   2.3e-21   7.2e-19   63.0   0.0   290   470   221   389   199   391 0.90 -
GT2_Glycos_transf_2.hmm PF00535.25   170 KW1-S11_156_cg347_15 -            351   3.9e-27   90.4   0.0   1   1   3.2e-29   6.9e-27   89.6   0.0     1   166     7   161     7   164 0.89 Glycosyl transferase family 2
GT27.hmm                -            295 KW1-S11_156_cg347_15 -            351   6.2e-20   67.0   0.0   1   1   3.8e-21   8.1e-19   63.3   0.0    31   226    34   206     7   234 0.82 -
GT2_Glyco_tranf_2_3.hmm PF13641.5    230 KW1-S11_156_cg347_15 -            351   2.2e-17   59.0   0.0   1   1   1.5e-19   3.2e-17   58.5   0.0     1   222     4   214     4   216 0.83 Glycosyltransferase like family 2
CE4.hmm              -            130 KW1-S11_156_cg347_18 -            288   1.1e-29   98.5   0.0   1   1   3.1e-32     2e-29   97.7   0.0     4   117    80   210    77   218 0.86 -
#
# Program:         hmmscan
# Version:         3.3.1 (Jul 2020)
# Pipeline mode:   SCAN
# Query file:      /beegfs/home/lxd/2_sea_metagenomics/6.metabat2/bins_redup_refinem_drep/derep_70_10/derepbins_prodigal/KW1-S11_156.proteins.faa
# Target file:     /beegfs/home/lxd/4_salt_metagenomics/tools/CAZy/dbCAN-HMMdb-V8.txt
# Option settings: hmmscan --tblout KW1-S11_156.tbl --domtblout KW1-S11_156_dom.tbl --acc --noali --notextw -E 1e-14 --domE 1e-14 --cpu 30 /beegfs/home/lxd/4_salt_metagenomics/tools/CAZy/dbCAN-HMMdb-V8.txt /beegfs/home/lxd/2_sea_metagenomics/6.metabat2/bins_redup_refinem_drep/derep_70_10/derepbins_prodigal/KW1-S11_156.proteins.faa 
# Current dir:     /beegfs/home/lxd/2_sea_metagenomics/6.metabat2/bins_redup_refinem_drep/derep_70_10/derepbins_cazy
# Date:            Thu Mar  4 14:28:11 2021
# [ok]
