#                                                                            --- full sequence --- -------------- this domain -------------   hmm coord   ali coord   env coord
# target name        accession   tlen query name           accession   qlen   E-value  score  bias   #  of  c-Evalue  i-Evalue  score  bias  from    to  from    to  from    to  acc description of target
#------------------- ---------- ----- -------------------- ---------- ----- --------- ------ ----- --- --- --------- --------- ------ ----- ----- ----- ----- ----- ----- ----- ---- ---------------------
GT41.hmm             -            705 KW1-S08_226_cg3_4    -            227   1.8e-34  114.6   3.1   1   2   4.1e-22   2.6e-19   64.5   0.1    81   191     5   105     1   108 0.92 -
GT41.hmm             -            705 KW1-S08_226_cg3_4    -            227   1.8e-34  114.6   3.1   2   2   2.3e-17   1.5e-14   48.8   0.7    86   208   112   216   107   224 0.87 -
GT51.hmm             -            177 KW1-S08_226_cg17_11  -            886   7.9e-70  229.2   0.0   1   1   2.2e-72   1.4e-69  228.4   0.0     1   177    69   245    69   245 0.99 -
GT41.hmm             -            705 KW1-S08_226_cg21_5   -            127   1.8e-18   61.7   0.1   1   1   3.6e-20   2.3e-17   58.1   0.1    73   191     4   112     1   118 0.93 -
GH23.hmm             -            135 KW1-S08_226_cg32_1   -            621   5.5e-25   83.8   5.9   1   1   1.6e-26     1e-23   79.7   0.0    18   124   466   592   457   605 0.91 -
GT81.hmm             -            293 KW1-S08_226_cg38_2   -            403   4.4e-63  208.1   0.0   1   1   1.5e-65   9.6e-63  207.0   0.0    14   265    28   319    14   339 0.78 -
GT4.hmm              -            160 KW1-S08_226_cg41_2   -            393     1e-37  124.6   0.0   1   1   4.6e-40   1.5e-37  124.1   0.0     4   160   203   364   200   364 0.97 -
GT5.hmm              -            472 KW1-S08_226_cg41_2   -            393   1.3e-17   58.8   0.0   1   1   2.7e-17   8.6e-15   49.6   0.0   277   436   195   353   153   369 0.84 -
GT4.hmm              -            160 KW1-S08_226_cg49_4   -            418   1.9e-32  107.4   0.0   1   1   4.3e-35   2.8e-32  106.9   0.0     4   159   221   386   218   387 0.94 -
GT2_Glycos_transf_2.hmm PF00535.25   170 KW1-S08_226_cg50_3   -            240   1.5e-24   82.0   0.0   1   1   3.2e-27     2e-24   81.6   0.0     1   153     4   150     4   158 0.84 Glycosyl transferase family 2
GT4.hmm              -            160 KW1-S08_226_cg56_1   -            412   9.3e-30   98.7   0.0   1   1   2.3e-32   1.5e-29   98.0   0.0     5   147   202   366   199   370 0.88 -
GH15.hmm             -            361 KW1-S08_226_cg56_2   -            654   1.4e-83  276.3   0.4   1   1   2.7e-86   1.7e-83  276.0   0.4    13   358   280   639   269   642 0.90 -
CE10.hmm             -            341 KW1-S08_226_cg56_3   -            348   3.1e-39  130.8   0.0   1   1   6.5e-42   4.2e-39  130.4   0.0    66   313    51   313    38   332 0.81 -
GT5.hmm              -            472 KW1-S08_226_cg70_4   -            500  3.1e-167  552.2   0.0   1   1  1.1e-169  3.5e-167  552.1   0.0     1   472    12   496    12   496 0.96 -
GT4.hmm              -            160 KW1-S08_226_cg70_4   -            500   8.6e-16   53.3   0.0   1   1   4.8e-18   1.5e-15   52.5   0.0     5   157   312   468   309   471 0.85 -
GH113.hmm            -            306 KW1-S08_226_cg79_1   -            250   2.4e-59  196.1   0.1   1   1   4.2e-62   2.7e-59  196.0   0.1     3   200    45   249    43   250 0.95 -
GT2_Glyco_trans_2_3.hmm PF13632.5    197 KW1-S08_226_cg80_1   -            410     3e-23   78.0   1.1   1   1   1.4e-25     3e-23   78.0   1.1     2   194    41   262    40   291 0.81 Glycosyl transferase family group 2
GT2_Glyco_tranf_2_3.hmm PF13641.5    230 KW1-S08_226_cg80_1   -            410     2e-21   72.2   0.0   1   1   1.7e-23   3.6e-21   71.4   0.0    59   228    11   179     5   181 0.92 Glycosyltransferase like family 2
GT2_Glycos_transf_2.hmm PF00535.25   170 KW1-S08_226_cg80_1   -            410   3.4e-15   51.5   0.0   1   1   2.6e-17   5.5e-15   50.9   0.0    47   164     4   122     2   128 0.84 Glycosyl transferase family 2
GT9.hmm              -            225 KW1-S08_226_cg82_7   -            224   1.6e-35  118.3   0.0   1   1   2.9e-38   1.9e-35  118.1   0.0    53   218    10   199     1   208 0.84 -
CE10.hmm             -            341 KW1-S08_226_cg86_1   -            569   2.3e-39  131.2   0.0   1   1   4.3e-42   2.8e-39  131.0   0.0    57   193   108   264    46   379 0.88 -
CBM50.hmm            -             40 KW1-S08_226_cg87_1   -            558   6.2e-42  137.1  11.1   1   3   5.6e-17   1.8e-14   49.2   0.2     1    40   383   425   383   425 0.93 -
CBM50.hmm            -             40 KW1-S08_226_cg87_1   -            558   6.2e-42  137.1  11.1   2   3   2.4e-16   7.8e-14   47.1   0.0     1    40   444   486   444   486 0.93 -
CBM50.hmm            -             40 KW1-S08_226_cg87_1   -            558   6.2e-42  137.1  11.1   3   3   8.8e-15   2.8e-12   42.1   0.2     1    40   508   550   508   550 0.92 -
GH23.hmm             -            135 KW1-S08_226_cg87_1   -            558   9.2e-28   92.7   0.3   1   1   5.9e-30   1.9e-27   91.7   0.3     2   120   145   279   144   289 0.95 -
AA2.hmm              -            255 KW1-S08_226_cg112_3  -            363   1.8e-23   78.6   0.0   1   1     5e-17   3.2e-14   48.3   0.0    14   117    99   203    87   206 0.84 -
GH15.hmm             -            361 KW1-S08_226_cg116_6  -            450   1.3e-17   59.3   0.1   1   1     1e-19   6.5e-17   57.0   0.1    37   359    42   434    35   436 0.75 -
GT41.hmm             -            705 KW1-S08_226_cg126_1  -            206   3.7e-30  100.3   2.3   1   1   4.6e-16   2.9e-13   44.5   0.0   123   191    55   123    54   124 0.98 -
AA10.hmm             -            178 KW1-S08_226_cg127_2  -            409   7.8e-50  165.1   0.0   1   1   4.5e-52   1.4e-49  164.3   0.0     1   177    29   210    29   211 0.86 -
CBM73.hmm            -             54 KW1-S08_226_cg127_2  -            409   1.3e-20   68.4   2.5   1   1     1e-22   3.3e-20   67.1   2.5     7    52   359   404   352   406 0.92 -
GT28.hmm             -            157 KW1-S08_226_cg132_7  -            357   1.9e-51  169.2   0.0   1   1   4.3e-54   2.8e-51  168.7   0.0     2   157   183   341   182   341 0.96 -
CBM2.hmm             -            101 KW1-S08_226_cg136_8  -            232   6.6e-44  143.9  19.2   1   2   1.6e-25     1e-22   75.9   4.7     6    91     2    83     1    86 0.91 -
CBM2.hmm             -            101 KW1-S08_226_cg136_8  -            232   6.6e-44  143.9  19.2   2   2   5.6e-25   3.6e-22   74.1   6.6     2    83   152   230   151   231 0.95 -
GH25.hmm             -            177 KW1-S08_226_cg143_3  -            241   4.7e-49  162.4   0.0   1   1   8.6e-52   5.5e-49  162.1   0.0     1   177    42   216    42   216 0.93 -
GT20.hmm             -            475 KW1-S08_226_cg155_2  -            733  4.4e-185  611.0   0.0   1   1  8.5e-188  5.4e-185  610.6   0.0    13   474     2   464     1   465 0.96 -
GT41.hmm             -            705 KW1-S08_226_cg165_5  -            334   2.4e-26   87.7  10.1   1   2   5.8e-17   3.7e-14   47.4   2.4    64   191    94   241    86   242 0.94 -
GT41.hmm             -            705 KW1-S08_226_cg165_5  -            334   2.4e-26   87.7  10.1   2   2   4.5e-16   2.9e-13   44.5   1.4   130   228   214   303   212   330 0.52 -
GT41.hmm             -            705 KW1-S08_226_cg179_6  -            595   3.6e-43  143.3   3.0   1   2   9.1e-18   5.9e-15   50.1   0.0    59   191   134   290   128   290 0.91 -
GT41.hmm             -            705 KW1-S08_226_cg179_6  -            595   3.6e-43  143.3   3.0   2   2     3e-15   1.9e-12   41.8   1.3    50   191   363   495   352   502 0.90 -
AA12.hmm             -            401 KW1-S08_226_cg183_4  -            367   6.7e-35  115.7   0.0   1   2   1.1e-18   7.2e-16   53.0   0.0     7   234    24   225    20   245 0.82 -
AA12.hmm             -            401 KW1-S08_226_cg183_4  -            367   6.7e-35  115.7   0.0   2   2   8.9e-21   5.7e-18   59.9   0.0   283   399   246   358   239   360 0.81 -
GH23.hmm             -            135 KW1-S08_226_cg210_1  -            264   8.9e-27   89.5   0.0   1   1   2.2e-29   1.4e-26   88.9   0.0    14   101   172   257   164   262 0.94 -
GH3.hmm              -            216 KW1-S08_226_cg213_4  -            499     1e-61  203.6   0.0   1   1   2.3e-64   1.5e-61  203.0   0.0     7   215    57   278    52   279 0.94 -
AA7.hmm              -            458 KW1-S08_226_cg217_1  -            714   1.9e-17   59.3   0.0   1   1   5.6e-17   3.6e-14   48.5   0.0    11   147    42   181    38   191 0.85 -
GT41.hmm             -            705 KW1-S08_226_cg224_2  -            865   1.7e-33  111.3   5.3   1   1   8.1e-17   5.2e-14   47.0   0.1    63   191   494   619   472   623 0.92 -
AA4.hmm              -            522 KW1-S08_226_cg232_2  -            444   9.8e-19   62.6   0.0   1   1   3.1e-19     2e-16   55.0   0.0    43   260    25   236     3   250 0.87 -
AA4.hmm              -            522 KW1-S08_226_cg232_3  -            496   1.2e-29   98.6   0.0   1   1     4e-28   1.3e-25   85.3   0.5    16   252    15   241     6   273 0.87 -
AA7.hmm              -            458 KW1-S08_226_cg232_3  -            496   1.5e-19   66.3   0.6   1   1   1.1e-21   3.4e-19   65.1   0.6    13   194    49   237    45   251 0.86 -
GT4.hmm              -            160 KW1-S08_226_cg243_4  -            382   1.8e-19   65.3   0.1   1   1   7.7e-22   4.9e-19   63.9   0.1     8   157   199   356   192   359 0.93 -
GH5_1.hmm            -            310 KW1-S08_226_cg244_1  -             87   1.3e-20   69.5   0.0   1   1   2.3e-23   1.4e-20   69.4   0.0     2    57    31    86    30    87 0.96 -
GT4.hmm              -            160 KW1-S08_226_cg248_4  -            403   3.2e-32  106.7   0.0   1   1     8e-35   5.1e-32  106.1   0.0     4   156   192   356   189   361 0.89 -
#
# Program:         hmmscan
# Version:         3.3.1 (Jul 2020)
# Pipeline mode:   SCAN
# Query file:      /beegfs/home/lxd/2_sea_metagenomics/6.metabat2/bins_redup_refinem_drep/derep_70_10/derepbins_prodigal/KW1-S08_226.proteins.faa
# Target file:     /beegfs/home/lxd/4_salt_metagenomics/tools/CAZy/dbCAN-HMMdb-V8.txt
# Option settings: hmmscan --tblout KW1-S08_226.tbl --domtblout KW1-S08_226_dom.tbl --acc --noali --notextw -E 1e-14 --domE 1e-14 --cpu 30 /beegfs/home/lxd/4_salt_metagenomics/tools/CAZy/dbCAN-HMMdb-V8.txt /beegfs/home/lxd/2_sea_metagenomics/6.metabat2/bins_redup_refinem_drep/derep_70_10/derepbins_prodigal/KW1-S08_226.proteins.faa 
# Current dir:     /beegfs/home/lxd/2_sea_metagenomics/6.metabat2/bins_redup_refinem_drep/derep_70_10/derepbins_cazy
# Date:            Thu Mar  4 12:54:58 2021
# [ok]
