#                                                                            --- full sequence --- -------------- this domain -------------   hmm coord   ali coord   env coord
# target name        accession   tlen query name           accession   qlen   E-value  score  bias   #  of  c-Evalue  i-Evalue  score  bias  from    to  from    to  from    to  acc description of target
#------------------- ---------- ----- -------------------- ---------- ----- --------- ------ ----- --- --- --------- --------- ------ ----- ----- ----- ----- ----- ----- ----- ---- ---------------------
GT41.hmm             -            705 KW1-S15_262_cg7_1    -            288     9e-30   99.1   1.3   1   2   1.8e-18   1.2e-15   52.4   0.0    51   191    57   187    20   188 0.92 -
GT41.hmm             -            705 KW1-S15_262_cg7_1    -            288     9e-30   99.1   1.3   2   2   2.9e-16   1.9e-13   45.1   0.2   123   191   187   255   186   273 0.93 -
GH23.hmm             -            135 KW1-S15_262_cg13_9   -            745     2e-32  107.8   0.2   1   1   1.7e-34   1.1e-31  105.5   0.0    13   125   596   728   584   734 0.92 -
GH23.hmm             -            135 KW1-S15_262_cg36_6   -            439   2.2e-25   85.0   0.5   1   1   9.7e-28   6.2e-25   83.6   0.3    11   124   169   299   159   307 0.92 -
GT4.hmm              -            160 KW1-S15_262_cg42_5   -            401   2.7e-22   74.5   0.0   1   1     7e-25   4.5e-22   73.7   0.0     2   159   209   370   208   371 0.87 -
GH13_16.hmm          -            353 KW1-S15_262_cg42_6   -            551  2.4e-179  591.2   0.0   1   1  1.4e-180  2.8e-179  590.9   0.0     1   353    29   381    29   381 1.00 -
GH13_36.hmm          -            314 KW1-S15_262_cg42_6   -            551   6.9e-92  303.4   0.0   1   1   1.8e-92   3.8e-91  301.0   0.0     1   312    29   380    29   382 0.94 -
GH13_23.hmm          -            344 KW1-S15_262_cg42_6   -            551   6.4e-88  290.8   4.1   1   1   8.8e-74   1.8e-72  240.0   6.8     1   181    29   209    29   217 0.97 -
GH13_31.hmm          -            349 KW1-S15_262_cg42_6   -            551   7.5e-84  277.3   1.7   1   1   1.9e-83   3.8e-82  271.7   1.7     1   347    29   380    29   382 0.82 -
GH13.hmm             -            299 KW1-S15_262_cg42_6   -            551   6.1e-75  248.5   5.8   1   1   4.9e-76     1e-74  247.8   5.8    13   291    29   381    23   384 0.82 -
GH13_17.hmm          -            350 KW1-S15_262_cg42_6   -            551   7.6e-75  247.5   0.7   1   1   8.7e-67   1.8e-65  216.7   3.2     1   186    29   211    29   216 0.95 -
GH13_30.hmm          -            365 KW1-S15_262_cg42_6   -            551   7.3e-72  237.7   0.4   1   1   4.3e-71   8.8e-70  230.9   0.4     1   363    29   379    29   381 0.85 -
GH13_4.hmm           -            400 KW1-S15_262_cg42_6   -            551   8.2e-72  237.4   0.0   1   1   1.8e-68   3.7e-67  222.0   0.0     2   309    29   327    28   336 0.93 -
GH13_40.hmm          -            359 KW1-S15_262_cg42_6   -            551   1.9e-67  223.0   2.7   1   1   6.7e-65   1.4e-63  210.3   3.5     1   182    29   205    29   213 0.95 -
GH13_29.hmm          -            344 KW1-S15_262_cg42_6   -            551   1.3e-65  217.1   1.4   1   1   1.8e-63   3.7e-62  205.7   0.5     1   180    28   209    28   270 0.89 -
GH13_35.hmm          -            351 KW1-S15_262_cg42_6   -            551   4.5e-62  205.6   0.8   1   1   2.4e-55   4.9e-54  179.1   0.4     1   184    29   210    29   233 0.92 -
GH13_21.hmm          -            308 KW1-S15_262_cg42_6   -            551   2.7e-58  193.0   0.1   1   1   4.8e-59     1e-57  191.2   0.1     1   306    29   381    29   383 0.77 -
GH13_20.hmm          -            300 KW1-S15_262_cg42_6   -            551   7.7e-52  171.8   0.0   1   1   9.1e-53   1.9e-51  170.5   0.0     1   295    29   380    29   382 0.79 -
GH13_18.hmm          -            343 KW1-S15_262_cg42_6   -            551   7.4e-50  165.1   0.0   1   1   1.4e-50   2.9e-49  163.2   0.0     3   264    48   316    46   331 0.91 -
GH13_39.hmm          -            316 KW1-S15_262_cg42_6   -            551   8.4e-38  125.8   0.0   1   1     6e-39   1.2e-37  125.2   0.0     1   310    29   380    29   383 0.86 -
GH13_2.hmm           -            310 KW1-S15_262_cg42_6   -            551     1e-30  102.5   0.3   1   1   1.4e-26     3e-25   84.6   0.2     2   175    29   206    28   216 0.83 -
GH13_14.hmm          -            289 KW1-S15_262_cg42_6   -            551   3.4e-29   97.3   0.0   1   1   2.1e-29   4.4e-28   93.7   0.0     1   289    38   376    38   376 0.73 -
GH13_41.hmm          -            294 KW1-S15_262_cg42_6   -            551   2.3e-28   94.8   0.0   1   1     6e-29   1.2e-27   92.3   0.0     1   291    29   380    29   382 0.77 -
GH13_10.hmm          -            313 KW1-S15_262_cg42_6   -            551   1.2e-27   92.3   0.0   1   1   3.1e-26   6.5e-25   83.4   0.0     5   163    29   234    26   254 0.86 -
GH13_9.hmm           -            301 KW1-S15_262_cg42_6   -            551   2.1e-26   88.1   0.0   1   1   6.1e-15   1.3e-13   46.2   0.0     1    71    39   108    39   124 0.94 -
GH13_42.hmm          -            421 KW1-S15_262_cg42_6   -            551   1.6e-24   82.0   1.8   1   1   4.2e-16   8.8e-15   49.9   0.0     2    83    29   107    28   113 0.84 -
GH13_1.hmm           -            306 KW1-S15_262_cg42_6   -            551   4.4e-24   80.4   0.0   1   1     2e-22   4.1e-21   70.6   0.0     2   173    29   205    28   326 0.78 -
GH13_3.hmm           -            210 KW1-S15_262_cg42_6   -            551   2.7e-22   74.5   0.1   1   1   2.4e-22   5.1e-21   70.4   0.1     3   177    36   245    34   266 0.82 -
GH13_19.hmm          -            360 KW1-S15_262_cg42_6   -            551   2.8e-20   68.0   1.3   1   1   7.7e-17   1.6e-15   52.3   0.5     1    96    29   108    29   156 0.80 -
GH13_6.hmm           -            289 KW1-S15_262_cg42_6   -            551   3.1e-19   64.9   0.1   1   1   2.3e-20   4.8e-19   64.2   0.1     2   152    39   203    38   372 0.80 -
GH13_32.hmm          -            269 KW1-S15_262_cg42_6   -            551   5.2e-19   64.1   0.0   1   1   5.2e-20   1.1e-18   63.0   0.0     2   250    46   316    45   331 0.68 -
GH13_37.hmm          -            320 KW1-S15_262_cg42_6   -            551   7.6e-19   63.0   0.2   1   1   1.4e-18     3e-17   57.8   0.2     8   130    28   148    23   378 0.88 -
GH13_11.hmm          -            351 KW1-S15_262_cg42_6   -            551   1.1e-18   62.8   0.0   1   1   1.9e-18     4e-17   57.8   0.0     2   189    29   229    28   251 0.79 -
GH13_12.hmm          -            284 KW1-S15_262_cg42_6   -            551   1.9e-18   62.4   0.0   1   1   5.5e-18   1.1e-16   56.6   0.0     1   154    29   204    29   214 0.90 -
GH13_13.hmm          -            361 KW1-S15_262_cg42_6   -            551   3.6e-18   61.0   0.8   1   1     6e-15   1.2e-13   46.1   0.4    62   181    63   204    57   212 0.83 -
GT81.hmm             -            293 KW1-S15_262_cg42_8   -            425   5.3e-75  247.3   0.0   1   1   1.1e-77   7.1e-75  246.9   0.0    17   264    18   275     6   307 0.92 -
GT4.hmm              -            160 KW1-S15_262_cg50_5   -            361   1.1e-34  114.7   0.0   1   1   3.1e-37     2e-34  113.9   0.0     6   157   163   319   159   322 0.92 -
AA6.hmm              -            195 KW1-S15_262_cg53_2   -            201   2.3e-30  100.8   5.8   1   1   2.8e-32   1.8e-29   97.9   5.8     2   194    34   193    33   194 0.93 -
GT41.hmm             -            705 KW1-S15_262_cg63_6   -            229   7.5e-19   63.0   1.2   1   1   8.5e-18   5.5e-15   50.2   0.1   104   191    53   136    27   139 0.81 -
GH13_11.hmm          -            351 KW1-S15_262_cg67_2   -            711  8.6e-177  582.9   0.0   1   1  3.1e-178  1.3e-176  582.3   0.0     1   351   182   535   182   535 1.00 -
GH13_10.hmm          -            313 KW1-S15_262_cg67_2   -            711   3.8e-57  189.3   0.0   1   1   5.7e-58   2.4e-56  186.6   0.0     4   313   182   533   180   533 0.89 -
GH13.hmm             -            299 KW1-S15_262_cg67_2   -            711   1.6e-53  178.2   0.5   1   1   8.5e-55   3.6e-53  177.0   0.5    12   296   182   541   168   544 0.86 -
GH13_14.hmm          -            289 KW1-S15_262_cg67_2   -            711   2.7e-51  169.9   0.0   1   1   8.3e-53   3.6e-51  169.5   0.0     1   289   194   531   194   531 0.84 -
GH13_41.hmm          -            294 KW1-S15_262_cg67_2   -            711   1.1e-37  125.3   0.0   1   1   4.5e-39   1.9e-37  124.6   0.0     8   293   192   537   183   538 0.85 -
GH13_13.hmm          -            361 KW1-S15_262_cg67_2   -            711   8.3e-35  115.7   0.0   1   1     5e-34   2.1e-32  107.8   0.0     5   361   197   532   193   532 0.76 -
GH13_12.hmm          -            284 KW1-S15_262_cg67_2   -            711   6.3e-25   83.7   0.0   1   1     3e-26   1.3e-24   82.6   0.0    10   154   194   352   184   366 0.85 -
GH13_37.hmm          -            320 KW1-S15_262_cg67_2   -            711   3.4e-24   80.6   0.1   1   1   2.9e-22   1.2e-20   68.9   0.0    17   161   193   357   179   422 0.81 -
GH13_32.hmm          -            269 KW1-S15_262_cg67_2   -            711   1.3e-22   75.9   0.0   1   1   6.9e-23     3e-21   71.4   0.0     1   255   201   470   201   477 0.78 -
GH13_9.hmm           -            301 KW1-S15_262_cg67_2   -            711   2.8e-20   68.0   0.0   1   1   1.5e-21   6.3e-20   66.8   0.0     2   139   196   355   195   366 0.87 -
GH13_28.hmm          -            266 KW1-S15_262_cg67_2   -            711   8.7e-20   66.3   0.0   1   1   5.9e-21   2.5e-19   64.8   0.0    10   182   194   371   189   381 0.82 -
CBM48.hmm            -             76 KW1-S15_262_cg67_2   -            711   3.1e-18   61.5   0.1   1   1   2.3e-19   9.8e-18   59.9   0.1     2    71    10   102     9   108 0.85 -
GH13_20.hmm          -            300 KW1-S15_262_cg67_2   -            711   2.2e-16   55.3   0.0   1   1   8.3e-17   3.5e-15   51.4   0.0    10   296   194   536   191   540 0.77 -
GT81.hmm             -            293 KW1-S15_262_cg67_3   -            261   4.7e-55  181.8   0.0   1   1   8.8e-58   5.6e-55  181.6   0.0   115   265     1   174     1   204 0.91 -
GT9.hmm              -            225 KW1-S15_262_cg69_9   -            347   7.9e-36  119.3   1.6   1   1   1.8e-38   1.2e-35  118.8   1.6    20   215    71   309    58   319 0.78 -
GT35.hmm             -            674 KW1-S15_262_cg76_6   -            151   2.2e-29   97.7   0.0   1   1   1.6e-31     1e-28   95.5   0.0   494   573     1    80     1    94 0.82 -
GH74.hmm             -            233 KW1-S15_262_cg87_2   -            351   3.5e-53  175.6  19.8   1   3     2e-15   1.3e-12   42.9   1.1    41   113    41   109    26   121 0.84 -
GH74.hmm             -            233 KW1-S15_262_cg87_2   -            351   3.5e-53  175.6  19.8   2   3   3.8e-15   2.5e-12   42.0   0.1    33   123   168   262   157   267 0.83 -
GH74.hmm             -            233 KW1-S15_262_cg87_2   -            351   3.5e-53  175.6  19.8   3   3   8.7e-17   5.6e-14   47.4   0.0    29   110   259   336   253   341 0.89 -
GT4.hmm              -            160 KW1-S15_262_cg122_2  -            368   4.2e-31  103.1   0.0   1   1   9.5e-34   6.1e-31  102.6   0.0     8   158   187   336   182   339 0.96 -
GT9.hmm              -            225 KW1-S15_262_cg122_3  -            260   1.4e-62  206.8   0.2   1   1   2.7e-65   1.7e-62  206.5   0.2    17   219     1   231     1   236 0.86 -
GH13_9.hmm           -            301 KW1-S15_262_cg133_5  -            734  5.8e-160  526.7   0.4   1   1    1e-161  7.3e-160  526.3   0.4     2   301   283   582   282   582 1.00 -
GH13_8.hmm           -            293 KW1-S15_262_cg133_5  -            734   9.9e-47  154.8   0.2   1   1   2.3e-48   1.7e-46  154.0   0.2     1   247   305   547   305   558 0.87 -
GH13_10.hmm          -            313 KW1-S15_262_cg133_5  -            734   1.7e-37  124.7   0.1   1   1   3.7e-38   2.6e-36  120.8   0.1     6   238   272   529   269   543 0.81 -
GH13_3.hmm           -            210 KW1-S15_262_cg133_5  -            734   1.3e-31  105.0   0.7   1   1     3e-33   2.1e-31  104.3   0.7     5   209   281   501   277   502 0.92 -
GH13.hmm             -            299 KW1-S15_262_cg133_5  -            734   1.3e-31  106.2   9.8   1   1   3.3e-33   2.4e-31  105.4   9.8    21   291   279   584   272   591 0.70 -
CBM48.hmm            -             76 KW1-S15_262_cg133_5  -            734   2.2e-28   94.0   0.1   1   1   1.2e-21   8.5e-20   66.5   0.1     3    70   127   212   125   218 0.88 -
GH13_11.hmm          -            351 KW1-S15_262_cg133_5  -            734   1.3e-21   72.5   0.3   1   1   4.2e-23     3e-21   71.3   0.1     3   171   272   419   271   476 0.87 -
GH13_14.hmm          -            289 KW1-S15_262_cg133_5  -            734   2.4e-18   61.7   0.0   1   1   5.8e-20   4.1e-18   60.9   0.0     2   152   282   416   281   420 0.87 -
GH13_10.hmm          -            313 KW1-S15_262_cg133_7  -            581  1.2e-137  453.7   0.1   1   1  3.3e-139  1.4e-137  453.5   0.1     1   313    81   396    81   396 0.99 -
GH13.hmm             -            299 KW1-S15_262_cg133_7  -            581   2.5e-42  141.4   1.1   1   1   9.3e-44     4e-42  140.8   1.1     9   290    81   398    78   402 0.75 -
GH13_9.hmm           -            301 KW1-S15_262_cg133_7  -            581   7.6e-40  132.2   0.0   1   1   3.4e-39   1.5e-37  124.7   0.0     5   300   100   396    95   397 0.77 -
GH13_11.hmm          -            351 KW1-S15_262_cg133_7  -            581   5.2e-31  103.4   0.2   1   1   3.3e-29   1.4e-27   92.1   0.1     2   273    85   353    84   357 0.78 -
GH13_14.hmm          -            289 KW1-S15_262_cg133_7  -            581     2e-29   98.1   0.0   1   1   1.1e-30   4.9e-29   96.8   0.0     1   289    94   394    94   394 0.69 -
GH13_41.hmm          -            294 KW1-S15_262_cg133_7  -            581     1e-22   76.2   0.0   1   1   4.5e-24   1.9e-22   75.3   0.0     1   291    85   398    85   400 0.77 -
GH13_13.hmm          -            361 KW1-S15_262_cg133_7  -            581   1.3e-21   72.3   0.1   1   1   7.6e-22   3.2e-20   67.7   0.2    58   360   117   394   105   395 0.75 -
GH13_37.hmm          -            320 KW1-S15_262_cg133_7  -            581   2.7e-20   67.8   0.1   1   1     1e-21   4.3e-20   67.1   0.1     3   175    79   244    77   396 0.83 -
GH13_12.hmm          -            284 KW1-S15_262_cg133_7  -            581   2.2e-19   65.5   0.0   1   1     1e-20   4.4e-19   64.5   0.0     1   284    85   398    85   398 0.79 -
GH13_20.hmm          -            300 KW1-S15_262_cg133_7  -            581   5.5e-19   63.9   0.1   1   1   6.4e-15   2.7e-13   45.2   0.0     1    79    85   166    85   172 0.94 -
GH13_1.hmm           -            306 KW1-S15_262_cg133_7  -            581   6.4e-18   60.1   0.0   1   1   5.1e-15   2.2e-13   45.2   0.0     2    88    85   166    84   185 0.87 -
GH13_8.hmm           -            293 KW1-S15_262_cg133_7  -            581   4.7e-16   54.1   0.1   1   1   2.5e-17   1.1e-15   52.9   0.1     2   114   120   226   119   239 0.85 -
GT41.hmm             -            705 KW1-S15_262_cg137_6  -            567   3.4e-47  156.6   4.5   1   2   1.2e-28   7.6e-26   86.1   6.1    48   191    23   156     2   157 0.90 -
GT41.hmm             -            705 KW1-S15_262_cg137_6  -            567   3.4e-47  156.6   4.5   2   2   7.4e-21   4.7e-18   60.3   0.0   124   211   157   386   155   405 0.60 -
GT5.hmm              -            472 KW1-S15_262_cg155_1  -            428    1e-149  494.4   0.0   1   1  1.8e-152  1.2e-149  494.3   0.0     1   399    17   428    17   428 0.96 -
GT51.hmm             -            177 KW1-S15_262_cg172_2  -            251   7.8e-62  203.2   0.0   1   1   1.6e-64     1e-61  202.8   0.0    10   176    74   240    65   241 0.96 -
GT41.hmm             -            705 KW1-S15_262_cg176_2  -            271   1.6e-23   78.4   2.7   1   1   1.3e-18   8.5e-16   52.9   0.1    59   191    19   149     2   166 0.87 -
AA7.hmm              -            458 KW1-S15_262_cg180_4  -            949   2.5e-19   65.5   0.0   1   1   1.4e-18     9e-16   53.8   0.0    14   101    45   132    40   172 0.94 -
GT30.hmm             -            177 KW1-S15_262_cg187_2  -            804     3e-66  217.5   0.1   1   1   8.5e-69   5.4e-66  216.7   0.1     3   176    31   210    30   211 0.97 -
GT9.hmm              -            225 KW1-S15_262_cg187_3  -            442   6.5e-67  221.0   0.0   1   1   1.7e-69   1.1e-66  220.3   0.0     2   223    76   327    75   329 0.89 -
GT41.hmm             -            705 KW1-S15_262_cg188_1  -            288   6.7e-42  139.1  19.1   1   3   5.8e-18   3.7e-15   50.7   0.6    51   191    57   187     9   188 0.88 -
GT41.hmm             -            705 KW1-S15_262_cg188_1  -            288   6.7e-42  139.1  19.1   2   3   5.4e-17   3.5e-14   47.5   0.4   119   191   148   221   145   221 0.96 -
GT41.hmm             -            705 KW1-S15_262_cg188_1  -            288   6.7e-42  139.1  19.1   3   3   1.7e-16   1.1e-13   45.9   1.4   119   191   182   255   181   259 0.95 -
GH13_26.hmm          -            296 KW1-S15_262_cg192_2  -            978  5.8e-119  392.3   0.0   1   1  9.7e-121  1.2e-118  391.2   0.0     2   296    37   418    36   418 0.98 -
GH13_20.hmm          -            300 KW1-S15_262_cg192_2  -            978     1e-21   72.8   0.1   1   1   2.4e-20   3.1e-18   61.4   0.0    10   111    37   143    32   170 0.88 -
GH13.hmm             -            299 KW1-S15_262_cg192_2  -            978   6.7e-19   64.5   3.5   1   1   6.3e-19   8.1e-17   57.7   0.2    21   130    36   211    23   449 0.72 -
GH13_30.hmm          -            365 KW1-S15_262_cg192_2  -            978   4.1e-16   54.3   0.3   1   1   2.5e-15   3.2e-13   44.8   0.0    10    96    37   127    31   136 0.88 -
GH13_36.hmm          -            314 KW1-S15_262_cg192_2  -            978   6.4e-16   53.9   0.0   1   1   2.6e-17   3.3e-15   51.6   0.0    11   178    38   358    34   393 0.86 -
GT41.hmm             -            705 KW1-S15_262_cg197_7  -            207   3.9e-17   57.3  11.1   1   1   1.8e-17   1.2e-14   49.1   3.0    63   209    17   157     1   174 0.83 -
GT2_Glycos_transf_2.hmm PF00535.25   170 KW1-S15_262_cg214_3  -            226   6.3e-25   83.2   0.0   1   1   2.7e-27   8.6e-25   82.8   0.0     1   129     3   121     3   153 0.82 Glycosyl transferase family 2
GT2_Glyco_tranf_2_3.hmm PF13641.5    230 KW1-S15_262_cg214_3  -            226   2.3e-15   52.4   0.0   1   1   1.4e-17   4.6e-15   51.4   0.0     4   190     2   166     1   177 0.79 Glycosyltransferase like family 2
GH23.hmm             -            135 KW1-S15_262_cg238_5  -            229   9.2e-34  112.2   0.1   1   1   2.1e-36   1.3e-33  111.7   0.1    11   124    88   200    81   208 0.94 -
GT4.hmm              -            160 KW1-S15_262_cg239_1  -            322   1.2e-31  104.9   0.0   1   1   4.9e-34   3.1e-31  103.5   0.0     6   137   193   322   188   322 0.98 -
GT4.hmm              -            160 KW1-S15_262_cg239_4  -            385     8e-19   63.2   0.0   1   1   1.8e-21   1.2e-18   62.6   0.0     7   154   201   344   197   350 0.91 -
GT2_Glycos_transf_2.hmm PF00535.25   170 KW1-S15_262_cg242_6  -            234   4.9e-20   67.3   0.0   1   1   1.2e-22   7.4e-20   66.7   0.0     1   127     4   126     4   160 0.82 Glycosyl transferase family 2
GH3.hmm              -            216 KW1-S15_262_cg270_4  -            367   2.1e-65  215.6   0.0   1   1   4.2e-68   2.7e-65  215.2   0.0     8   215    62   283    55   284 0.96 -
GH23.hmm             -            135 KW1-S15_262_cg288_8  -            439   1.4e-26   88.9   0.5   1   1   5.1e-29   3.2e-26   87.7   0.5     6   123   164   298   159   307 0.92 -
GH23.hmm             -            135 KW1-S15_262_cg296_6  -            237   1.2e-25   85.9   0.2   1   1   3.2e-28   2.1e-25   85.1   0.2    11   121    80   229    71   234 0.93 -
GT4.hmm              -            160 KW1-S15_262_cg296_8  -            417   5.3e-28   93.0   0.0   1   1   1.7e-30   1.1e-27   92.0   0.0     5   135   191   345   188   356 0.86 -
#
# Program:         hmmscan
# Version:         3.3.1 (Jul 2020)
# Pipeline mode:   SCAN
# Query file:      /beegfs/home/lxd/2_sea_metagenomics/6.metabat2/bins_redup_refinem_drep/derep_70_10/derepbins_prodigal/KW1-S15_262.proteins.faa
# Target file:     /beegfs/home/lxd/4_salt_metagenomics/tools/CAZy/dbCAN-HMMdb-V8.txt
# Option settings: hmmscan --tblout KW1-S15_262.tbl --domtblout KW1-S15_262_dom.tbl --acc --noali --notextw -E 1e-14 --domE 1e-14 --cpu 30 /beegfs/home/lxd/4_salt_metagenomics/tools/CAZy/dbCAN-HMMdb-V8.txt /beegfs/home/lxd/2_sea_metagenomics/6.metabat2/bins_redup_refinem_drep/derep_70_10/derepbins_prodigal/KW1-S15_262.proteins.faa 
# Current dir:     /beegfs/home/lxd/2_sea_metagenomics/6.metabat2/bins_redup_refinem_drep/derep_70_10/derepbins_cazy
# Date:            Thu Mar  4 17:00:35 2021
# [ok]
