#                                                                            --- full sequence --- -------------- this domain -------------   hmm coord   ali coord   env coord
# target name        accession   tlen query name           accession   qlen   E-value  score  bias   #  of  c-Evalue  i-Evalue  score  bias  from    to  from    to  from    to  acc description of target
#------------------- ---------- ----- -------------------- ---------- ----- --------- ------ ----- --- --- --------- --------- ------ ----- ----- ----- ----- ----- ----- ----- ---- ---------------------
GT41.hmm             -            705 KW1-S05_77_cg1_7     -            414   7.9e-25   82.7   0.6   1   1   1.4e-23   9.1e-21   69.3   0.6    13   189    16   182     1   223 0.55 -
GH23.hmm             -            135 KW1-S05_77_cg2_8     -            727   7.7e-26   86.5   0.4   1   1   2.8e-28   1.8e-25   85.3   0.4    15   124   555   704   544   713 0.91 -
GH23.hmm             -            135 KW1-S05_77_cg8_3     -            654   4.7e-29   96.9   0.1   1   1   1.5e-31   9.7e-29   95.9   0.1     8   124   496   632   490   641 0.90 -
GT19.hmm             -            354 KW1-S05_77_cg10_8    -            389  1.4e-122  404.0   0.0   1   1  2.4e-125  1.6e-122  403.8   0.0     1   352     7   361     7   363 0.98 -
GT5.hmm              -            472 KW1-S05_77_cg14_2    -            521    4e-123  406.8   0.0   1   1  1.5e-125  4.7e-123  406.6   0.0     1   471     3   517     3   518 0.87 -
GT4.hmm              -            160 KW1-S05_77_cg14_2    -            521   5.5e-18   60.5   0.0   1   1   3.2e-20     1e-17   59.6   0.0     7   151   330   480   324   488 0.82 -
GH13_9.hmm           -            301 KW1-S05_77_cg14_3    -            722  5.4e-156  513.6   0.3   1   1  1.1e-157    8e-156  513.1   0.3     2   301   273   570   272   570 0.99 -
GH13_8.hmm           -            293 KW1-S05_77_cg14_3    -            722   1.4e-43  144.5   0.3   1   1   2.7e-45   1.9e-43  144.0   0.3     1   247   295   535   295   544 0.87 -
GH13_10.hmm          -            313 KW1-S05_77_cg14_3    -            722   3.3e-36  120.5   0.2   1   1   1.2e-36   8.2e-35  115.9   0.1    13   203   270   481   262   516 0.83 -
GH13.hmm             -            299 KW1-S05_77_cg14_3    -            722   2.3e-32  108.7   5.2   1   1     6e-34   4.3e-32  107.8   5.2    22   296   271   577   261   580 0.69 -
CBM48.hmm            -             76 KW1-S05_77_cg14_3    -            722   1.2e-29   98.0   0.0   1   1   9.3e-21   6.6e-19   63.6   0.0     2    72   119   207   118   210 0.89 -
GH13_3.hmm           -            210 KW1-S05_77_cg14_3    -            722     2e-28   94.6   0.2   1   1   4.3e-30   3.1e-28   94.0   0.2     5   207   271   487   267   490 0.92 -
GH13_11.hmm          -            351 KW1-S05_77_cg14_3    -            722   1.2e-21   72.6   0.1   1   1   2.5e-23   1.8e-21   72.0   0.1     4   238   263   493   262   514 0.82 -
GH13_14.hmm          -            289 KW1-S05_77_cg14_3    -            722   1.8e-16   55.6   0.0   1   1   4.4e-18   3.1e-16   54.8   0.0     2   153   272   407   271   410 0.83 -
GH13_12.hmm          -            284 KW1-S05_77_cg14_3    -            722   3.8e-15   51.6   0.0   1   1     1e-16   7.2e-15   50.6   0.0     9   154   270   406   265   412 0.85 -
GT35.hmm             -            674 KW1-S05_77_cg14_4    -            296   2.1e-77  256.4   0.0   1   1   3.9e-80   2.5e-77  256.1   0.0     1   179   108   296   108   296 0.99 -
GT51.hmm             -            177 KW1-S05_77_cg27_3    -            673   6.7e-54  177.3   0.0   1   1   1.8e-56   1.1e-53  176.6   0.0    10   176    90   260    81   261 0.95 -
AA7.hmm              -            458 KW1-S05_77_cg36_4    -            197   1.3e-15   53.3   0.0   1   1   3.5e-16   2.3e-13   45.9   0.0   243   458     4   193     1   193 0.74 -
GH77.hmm             -            494 KW1-S05_77_cg40_2    -            740  3.1e-145  480.0   0.3   1   1  6.1e-148  3.9e-145  479.7   0.3     1   488   188   729   188   734 0.91 -
GH13_11.hmm          -            351 KW1-S05_77_cg40_3    -            713  9.4e-165  543.3   0.1   1   1  5.8e-166    2e-164  542.2   0.0     1   351   183   532   183   532 0.99 -
GH13.hmm             -            299 KW1-S05_77_cg40_3    -            713   3.2e-55  183.7   0.5   1   1   1.7e-56   5.8e-55  182.9   0.5    11   296   182   538   172   541 0.92 -
GH13_10.hmm          -            313 KW1-S05_77_cg40_3    -            713   3.3e-50  166.5   0.0   1   1   3.3e-51   1.1e-49  164.7   0.0     4   312   183   529   181   530 0.82 -
GH13_14.hmm          -            289 KW1-S05_77_cg40_3    -            713   1.3e-45  151.2   0.0   1   1   5.7e-47   1.9e-45  150.6   0.0     1   289   195   528   195   528 0.81 -
GH13_41.hmm          -            294 KW1-S05_77_cg40_3    -            713   3.8e-41  136.7   0.0   1   1   1.6e-42   5.4e-41  136.2   0.0     3   293   186   534   184   535 0.87 -
GH13_13.hmm          -            361 KW1-S05_77_cg40_3    -            713   7.8e-31  102.7   0.3   1   1   1.3e-30   4.4e-29   96.9   0.3    54   361   222   529   195   529 0.73 -
GH13_12.hmm          -            284 KW1-S05_77_cg40_3    -            713   6.4e-30  100.0   0.0   1   1   3.4e-31   1.1e-29   99.2   0.0    10   154   195   349   185   463 0.83 -
GH13_37.hmm          -            320 KW1-S05_77_cg40_3    -            713   2.5e-23   77.7   0.5   1   1   1.3e-21   4.5e-20   67.0   0.0     9   160   184   353   179   358 0.74 -
GH13_9.hmm           -            301 KW1-S05_77_cg40_3    -            713   3.3e-23   77.6   0.1   1   1   2.9e-24   9.9e-23   76.0   0.1     2   133   197   347   196   361 0.84 -
GH13_28.hmm          -            266 KW1-S05_77_cg40_3    -            713   1.3e-21   72.4   0.0   1   1   7.5e-23   2.5e-21   71.4   0.0    10   183   195   369   185   474 0.79 -
GH13_32.hmm          -            269 KW1-S05_77_cg40_3    -            713   1.3e-20   69.3   0.0   1   1   8.9e-22     3e-20   68.1   0.0     1   255   202   467   202   478 0.70 -
CBM48.hmm            -             76 KW1-S05_77_cg40_3    -            713   5.3e-19   63.9   0.2   1   1   5.1e-19   1.7e-17   59.1   0.0     2    71    12   103    11   109 0.83 -
GH13_1.hmm           -            306 KW1-S05_77_cg40_3    -            713   1.4e-16   55.8   0.1   1   1   1.2e-15     4e-14   47.7   0.0    11   174   195   351   184   371 0.84 -
GH13_2.hmm           -            310 KW1-S05_77_cg40_3    -            713   7.5e-16   53.7   1.0   1   1   1.3e-16   4.4e-15   51.2   0.2    11   118   195   310   184   352 0.81 -
GH13_8.hmm           -            293 KW1-S05_77_cg40_3    -            713   1.1e-15   52.9   0.1   1   1   5.3e-17   1.8e-15   52.2   0.1     2   123   229   359   228   371 0.78 -
GH13_39.hmm          -            316 KW1-S05_77_cg40_3    -            713   4.1e-15   51.2   0.0   1   1   2.7e-16     9e-15   50.1   0.0    10   280   195   475   184   530 0.76 -
GT41.hmm             -            705 KW1-S05_77_cg41_6    -            567   3.3e-26   87.3  19.7   1   1   1.4e-15   8.9e-13   42.9   0.2    57   191   392   517   379   531 0.90 -
CBM50.hmm            -             40 KW1-S05_77_cg44_19   -            241   1.1e-15   53.1   0.8   1   1   4.1e-18   2.6e-15   51.9   0.8     1    39    36    78    36    78 0.89 -
GH130.hmm            -            296 KW1-S05_77_cg54_2    -            317  4.9e-101  332.8   0.0   1   1  8.8e-104  5.6e-101  332.6   0.0     2   295    12   308    11   309 0.98 -
GT2_Glycos_transf_2.hmm PF00535.25   170 KW1-S05_77_cg56_10   -            284   6.9e-30   99.4   0.1   1   1   6.7e-32   1.1e-29   98.7   0.1     1   103     4   101     4   139 0.94 Glycosyl transferase family 2
GT2_Glyco_tranf_2_3.hmm PF13641.5    230 KW1-S05_77_cg56_10   -            284   7.6e-21   70.3   0.1   1   1   1.6e-22   2.5e-20   68.6   0.1     4   212     3   198     1   222 0.84 Glycosyltransferase like family 2
GT27.hmm                -            295 KW1-S05_77_cg56_10   -            284     6e-17   57.2   0.3   1   1   6.6e-19   1.1e-16   56.4   0.3     1   112     4   103     4   107 0.88 -
GT4.hmm              -            160 KW1-S05_77_cg59_4    -            415   4.3e-32  106.3   0.0   1   1   1.1e-34     7e-32  105.6   0.0    12   158   229   380   224   382 0.96 -
GT28.hmm             -            157 KW1-S05_77_cg76_10   -            365   1.9e-53  175.7   0.4   1   1   4.7e-56     3e-53  175.0   0.4     2   157   190   350   189   350 0.96 -
CE11.hmm             -            271 KW1-S05_77_cg85_11   -            304    2e-116  383.3   0.0   1   1  3.6e-119  2.3e-116  383.1   0.0     1   270     4   275     4   276 0.98 -
GT51.hmm             -            177 KW1-S05_77_cg117_9   -            841   3.5e-64  210.8   0.0   1   1   8.8e-67   5.6e-64  210.2   0.0     4   176    58   230    55   231 0.98 -
GH23.hmm             -            135 KW1-S05_77_cg126_4   -            286   6.3e-19   64.1   1.1   1   1   2.1e-21   1.3e-18   63.1   0.1     6    98   189   285   184   286 0.89 -
GT51.hmm             -            177 KW1-S05_77_cg130_2   -            885   3.4e-65  214.1   0.0   1   1   1.1e-67   6.8e-65  213.1   0.0     4   176    58   230    55   231 0.98 -
AA7.hmm              -            458 KW1-S05_77_cg133_2   -            981   1.5e-17   59.7   0.0   1   1   1.2e-17   7.4e-15   50.8   0.0    11   145    41   181    34   190 0.87 -
AA4.hmm              -            522 KW1-S05_77_cg162_5   -            518   7.8e-27   89.3   0.0   1   1   5.2e-23   1.7e-20   68.4   0.0     8   248    30   260    28   291 0.85 -
AA7.hmm              -            458 KW1-S05_77_cg162_5   -            518   2.2e-22   75.6   0.0   1   1   4.4e-24   1.4e-21   73.0   0.0    12   195    71   263    68   275 0.90 -
AA3_2.hmm            -            568 KW1-S05_77_cg168_10  -            548    4e-164  542.7   0.0   1   1  4.9e-166  6.3e-164  542.0   0.0     1   566     5   530     5   532 0.96 -
AA3.hmm              -            618 KW1-S05_77_cg168_10  -            548    2e-107  355.4   0.0   1   1  1.8e-109  2.3e-107  355.1   0.0    86   402     3   534     1   543 0.89 -
AA3_3.hmm            -            590 KW1-S05_77_cg168_10  -            548   2.6e-81  269.0   0.0   1   2   6.4e-64   8.3e-62  204.6   0.0     1   319     5   308     5   344 0.89 -
AA3_3.hmm            -            590 KW1-S05_77_cg168_10  -            548   2.6e-81  269.0   0.0   2   2   2.6e-18   3.3e-16   54.0   0.0   510   585   455   529   444   533 0.94 -
AA3_1.hmm            -            548 KW1-S05_77_cg168_10  -            548   4.2e-56  185.9   0.0   1   1   1.2e-57   1.5e-55  184.1   0.0    13   543     3   528     1   531 0.80 -
AA8.hmm              -            815 KW1-S05_77_cg168_10  -            548   2.9e-41  136.6   0.0   1   2   1.4e-28   1.8e-26   87.6   0.0   242   515     3   277     1   305 0.78 -
AA8.hmm              -            815 KW1-S05_77_cg168_10  -            548   2.9e-41  136.6   0.0   2   2   8.8e-16   1.1e-13   45.3   0.0   654   777   410   533   389   543 0.77 -
CE10.hmm             -            341 KW1-S05_77_cg194_7   -            285   2.4e-21   72.0   0.0   1   1   4.5e-24   2.9e-21   71.7   0.0    67   209    43   188    18   233 0.81 -
CE1.hmm              -            227 KW1-S05_77_cg199_3   -            223   1.9e-15   52.5   0.0   1   1   3.9e-18   2.5e-15   52.1   0.0    28   209    18   205    12   215 0.75 -
PL22.hmm             -            265 KW1-S05_77_cg211_4   -            424   1.9e-26   88.1   0.0   1   1   3.2e-16     2e-13   45.4   0.0   137   255   278   396   275   402 0.86 -
GT51.hmm             -            177 KW1-S05_77_cg213_4   -            244   2.3e-53  175.6   0.1   1   1   4.8e-56   3.1e-53  175.2   0.1    14   170    81   237    69   242 0.95 -
CBM50.hmm            -             40 KW1-S05_77_cg234_4   -            552   1.1e-38  126.7  12.4   1   2   3.2e-16     1e-13   46.8   0.2     1    39   433   475   433   475 0.93 -
CBM50.hmm            -             40 KW1-S05_77_cg234_4   -            552   1.1e-38  126.7  12.4   2   2   1.2e-16   3.9e-14   48.1   0.3     1    39   502   542   502   542 0.90 -
GH23.hmm             -            135 KW1-S05_77_cg234_4   -            552   1.5e-22   75.9   2.0   1   1   9.8e-25   3.1e-22   74.8   0.3     6   122   130   265   125   276 0.90 -
GT9.hmm              -            225 KW1-S05_77_cg265_4   -            355   3.1e-50  166.5   0.0   1   1   7.6e-53   4.9e-50  165.8   0.0     3   202    75   301    73   322 0.86 -
AA6.hmm              -            195 KW1-S05_77_cg269_1   -            189   4.2e-57  188.1   0.0   1   1   7.2e-60   4.6e-57  187.9   0.0     6   191     1   182     1   186 0.93 -
GH23.hmm             -            135 KW1-S05_77_cg289_3   -            526   2.4e-23   78.4   1.0   1   1   7.7e-26   4.9e-23   77.4   0.3     6   124   355   512   351   520 0.93 -
GH23.hmm             -            135 KW1-S05_77_cg302_3   -            459   1.4e-19   66.2   0.4   1   1   4.5e-22   2.9e-19   65.2   0.4    14   120   310   455   297   458 0.87 -
AA3_2.hmm            -            568 KW1-S05_77_cg308_14  -            127   3.6e-51  169.8   0.0   1   1   3.1e-53   3.9e-51  169.6   0.0     1   126     3   127     3   127 0.95 -
AA3.hmm              -            618 KW1-S05_77_cg308_14  -            127   4.3e-40  132.9   0.0   1   1   3.7e-42   4.7e-40  132.8   0.0    86   196     1   126     1   127 0.82 -
AA3_3.hmm            -            590 KW1-S05_77_cg308_14  -            127     4e-28   93.4   0.0   1   1   3.5e-30   4.5e-28   93.2   0.0     2   124     4   126     3   127 0.88 -
AA3_1.hmm            -            548 KW1-S05_77_cg308_14  -            127   8.4e-19   62.8   0.3   1   1   1.5e-20   1.9e-18   61.6   0.3    14   137     2   124     1   126 0.73 -
GH23.hmm             -            135 KW1-S05_77_cg330_6   -            196   3.4e-19   65.0   0.0   1   1   9.7e-22   6.2e-19   64.1   0.0    10   105    89   184    81   195 0.85 -
GH3.hmm              -            216 KW1-S05_77_cg336_8   -            355   3.3e-51  169.2   0.0   1   1   6.4e-54   4.1e-51  168.9   0.0     8   216    55   282    48   282 0.90 -
AA3_2.hmm            -            568 KW1-S05_77_cg343_3   -            437  1.6e-123  408.7   0.0   1   1  1.4e-125  1.8e-123  408.5   0.0    95   566     2   432     1   434 0.96 -
AA3.hmm              -            618 KW1-S05_77_cg343_3   -            437   2.4e-74  246.1   0.0   1   1   2.1e-76   2.6e-74  245.9   0.0   167   401     1   435     1   436 0.89 -
AA3_3.hmm            -            590 KW1-S05_77_cg343_3   -            437   7.1e-58  191.6   0.2   1   1   3.9e-43   4.9e-41  136.0   0.0    99   319     3   210     1   246 0.88 -
AA3_1.hmm            -            548 KW1-S05_77_cg343_3   -            437   8.2e-43  142.0   0.0   1   1     1e-44   1.3e-42  141.3   0.0   119   546    11   433     2   435 0.80 -
AA8.hmm              -            815 KW1-S05_77_cg343_3   -            437   1.2e-34  114.7   0.0   1   1   2.6e-36   3.3e-34  113.2   0.0   414   776    82   434     8   436 0.77 -
#
# Program:         hmmscan
# Version:         3.3.1 (Jul 2020)
# Pipeline mode:   SCAN
# Query file:      /beegfs/home/lxd/2_sea_metagenomics/6.metabat2/bins_redup_refinem_drep/derep_70_10/derepbins_prodigal/KW1-S05_77.proteins.faa
# Target file:     /beegfs/home/lxd/4_salt_metagenomics/tools/CAZy/dbCAN-HMMdb-V8.txt
# Option settings: hmmscan --tblout KW1-S05_77.tbl --domtblout KW1-S05_77_dom.tbl --acc --noali --notextw -E 1e-14 --domE 1e-14 --cpu 30 /beegfs/home/lxd/4_salt_metagenomics/tools/CAZy/dbCAN-HMMdb-V8.txt /beegfs/home/lxd/2_sea_metagenomics/6.metabat2/bins_redup_refinem_drep/derep_70_10/derepbins_prodigal/KW1-S05_77.proteins.faa 
# Current dir:     /beegfs/home/lxd/2_sea_metagenomics/6.metabat2/bins_redup_refinem_drep/derep_70_10/derepbins_cazy
# Date:            Thu Mar  4 11:36:50 2021
# [ok]
