#                                                                            --- full sequence --- -------------- this domain -------------   hmm coord   ali coord   env coord
# target name        accession   tlen query name           accession   qlen   E-value  score  bias   #  of  c-Evalue  i-Evalue  score  bias  from    to  from    to  from    to  acc description of target
#------------------- ---------- ----- -------------------- ---------- ----- --------- ------ ----- --- --- --------- --------- ------ ----- ----- ----- ----- ----- ----- ----- ---- ---------------------
CBM9.hmm             -            182 KW1-S21_189_cg2_4    -            780   2.5e-16   55.6   0.0   1   1     1e-18   6.6e-16   54.2   0.0     1   146    79   233    79   247 0.87 -
GT2_Glycos_transf_2.hmm PF00535.25   170 KW1-S21_189_cg15_3   -            643   1.6e-23   78.6   0.0   1   1   8.6e-26   5.5e-23   76.9   0.0     1   115    21   130    21   183 0.93 Glycosyl transferase family 2
AA3_2.hmm            -            568 KW1-S21_189_cg30_1   -            329   7.3e-82  271.1   0.0   1   1   7.5e-84   9.6e-82  270.7   0.0     3   325     3   313     2   328 0.89 -
AA3.hmm              -            618 KW1-S21_189_cg30_1   -            329   5.9e-54  178.7   0.0   1   1   5.1e-56   6.5e-54  178.6   0.0    90   285     3   310     1   328 0.77 -
AA3_3.hmm            -            590 KW1-S21_189_cg30_1   -            329   5.8e-44  145.7   0.0   1   1   5.7e-46   7.3e-44  145.3   0.0     3   316     3   306     1   322 0.84 -
AA3_1.hmm            -            548 KW1-S21_189_cg30_1   -            329   6.4e-32  106.1   0.0   1   1   2.7e-33   3.5e-31  103.7   0.0    17   322     3   304     1   318 0.76 -
GH105.hmm            -            332 KW1-S21_189_cg30_2   -            334   1.5e-46  154.5   0.0   1   1   3.8e-49   2.5e-46  153.8   0.0   115   332   123   328    21   328 0.84 -
CE4.hmm              -            130 KW1-S21_189_cg36_2   -            275   1.4e-20   69.1   0.0   1   1     5e-23   3.2e-20   67.9   0.0     5   127     2   146     1   149 0.84 -
GH33.hmm             -            342 KW1-S21_189_cg41_2   -            384   1.9e-15   52.3   0.3   1   1     2e-17   1.3e-14   49.5   0.3    65   326   104   359    62   373 0.75 -
AA4.hmm              -            522 KW1-S21_189_cg52_3   -            455     1e-22   75.7   0.1   1   1   2.5e-22   1.6e-19   65.2   0.0    52   202    34   184    16   223 0.91 -
AA6.hmm              -            195 KW1-S21_189_cg55_4   -            179   8.1e-15   50.1   0.0   1   1   3.2e-17     2e-14   48.8   0.0     2   121    41   143    40   149 0.84 -
AA1.hmm              -            943 KW1-S21_189_cg68_6   -            620     5e-74  245.3  11.7   1   2   1.5e-56   2.4e-54  180.2   3.1   451   680    68   340    21   360 0.86 -
AA1.hmm              -            943 KW1-S21_189_cg68_6   -            620     5e-74  245.3  11.7   2   2   2.4e-23   3.9e-21   70.3   1.5   456   547   521   614   496   618 0.90 -
AA1_2.hmm            -            337 KW1-S21_189_cg68_6   -            620   9.8e-51  168.0   0.3   1   1   9.5e-48   1.5e-45  150.9   0.0     5   238    70   342    67   356 0.90 -
AA1_3.hmm            -            312 KW1-S21_189_cg68_6   -            620   3.1e-49  163.1   0.6   1   1     3e-48   4.8e-46  152.6   0.0    15   269    50   336    40   354 0.88 -
AA1_1.hmm            -            303 KW1-S21_189_cg68_6   -            620   1.1e-35  118.5   0.0   1   1   1.4e-24   2.3e-22   74.7   0.1     3   143    62   190    60   205 0.88 -
GT22.hmm             -            389 KW1-S21_189_cg73_1   -            315   1.6e-17   59.1  20.6   1   1     3e-20   1.9e-17   58.8  20.6   143   310     9   181     1   212 0.79 -
GH33.hmm             -            342 KW1-S21_189_cg101_4  -            384   1.1e-81  270.1   3.1   1   1   4.1e-84   1.3e-81  269.8   3.1    14   340     8   370     3   372 0.85 -
CE1.hmm              -            227 KW1-S21_189_cg118_4  -            367   6.6e-18   60.6   0.1   1   1   2.4e-20   1.6e-17   59.3   0.0    10   210   172   351   168   360 0.80 -
GH165.hmm            -            635 KW1-S21_189_cg119_3  -            327   5.4e-47  155.7   0.0   1   1   1.1e-49   6.9e-47  155.3   0.0   145   444    23   307    10   325 0.84 -
GT4.hmm              -            160 KW1-S21_189_cg120_1  -            271   3.8e-25   83.7   0.0   1   1   8.4e-28   5.4e-25   83.2   0.0    12   152    90   228    83   236 0.95 -
GT4.hmm              -            160 KW1-S21_189_cg120_2  -            375   1.1e-28   95.3   0.0   1   1   2.6e-31   1.7e-28   94.6   0.0    10   158   193   343   185   345 0.93 -
CE11.hmm             -            271 KW1-S21_189_cg123_4  -            305  6.5e-112  368.5   0.0   1   1  1.1e-114  7.4e-112  368.3   0.0     1   270     5   276     5   277 0.98 -
CE10.hmm             -            341 KW1-S21_189_cg131_1  -            422   2.9e-40  134.2   0.3   1   1   5.9e-43   3.8e-40  133.8   0.3    71   213   109   265    74   306 0.85 -
AA3_2.hmm            -            568 KW1-S21_189_cg145_3  -            573  1.1e-162  537.9   0.0   1   1    1e-164  1.3e-162  537.7   0.0     2   566    14   540    13   542 0.96 -
AA3.hmm              -            618 KW1-S21_189_cg145_3  -            573  1.2e-106  352.7   0.0   1   1  1.3e-108  1.7e-106  352.3   0.0    88   405    13   547     2   565 0.87 -
AA3_3.hmm            -            590 KW1-S21_189_cg145_3  -            573   1.7e-75  249.8   0.0   1   2   5.7e-61   7.3e-59  194.9   0.0     2   312    14   311    13   362 0.89 -
AA3_3.hmm            -            590 KW1-S21_189_cg145_3  -            573   1.7e-75  249.8   0.0   2   2   1.3e-15   1.6e-13   45.1   0.0   509   585   464   539   461   544 0.93 -
AA3_1.hmm            -            548 KW1-S21_189_cg145_3  -            573   7.1e-62  204.9   0.0   1   1   1.3e-63   1.6e-61  203.7   0.0    14   544    12   539     4   543 0.76 -
AA8.hmm              -            815 KW1-S21_189_cg145_3  -            573   2.1e-48  160.1   0.0   1   1   4.5e-50   5.8e-48  158.7   0.0   240   777     9   543     1   567 0.75 -
GT22.hmm             -            389 KW1-S21_189_cg154_1  -            404   4.5e-34  113.5  32.1   1   1   8.8e-37   5.6e-34  113.2  32.1     4   310    55   370    52   390 0.86 -
CE10.hmm             -            341 KW1-S21_189_cg161_4  -            173   6.9e-19   63.9   0.1   1   1   1.1e-21   6.9e-19   63.9   0.1    74   140    89   153    39   173 0.86 -
GT4.hmm              -            160 KW1-S21_189_cg204_6  -            466   1.6e-31  104.5   0.0   1   1   9.5e-26   6.1e-23   76.6   0.0     8   158   286   435   280   437 0.92 -
GT9.hmm              -            225 KW1-S21_189_cg212_4  -            340   5.4e-56  185.3   0.0   1   1   1.1e-58   7.2e-56  184.9   0.0     2   222    79   325    78   328 0.86 -
GT9.hmm              -            225 KW1-S21_189_cg212_5  -            345   1.2e-45  151.5   0.2   1   1   2.4e-48   1.5e-45  151.1   0.2     3   219    73   304    71   308 0.85 -
GT4.hmm              -            160 KW1-S21_189_cg212_6  -            408   8.6e-21   69.6   0.0   1   1     2e-23   1.3e-20   69.0   0.0     7   155   196   343   191   348 0.91 -
CE10.hmm             -            341 KW1-S21_189_cg238_2  -            490   1.4e-37  125.4   0.7   1   1   3.2e-40     2e-37  124.8   0.7    76   188    76   201    29   247 0.88 -
CE10.hmm             -            341 KW1-S21_189_cg242_2  -            532   3.8e-45  150.2   0.0   1   1   8.9e-48   5.7e-45  149.7   0.0    35   216    66   261    35   329 0.80 -
AA3_2.hmm            -            568 KW1-S21_189_cg258_3  -            516  7.1e-114  376.8   0.0   1   2   1.8e-80   2.3e-78  259.6   0.0     3   321     8   310     7   346 0.88 -
AA3_2.hmm            -            568 KW1-S21_189_cg258_3  -            516  7.1e-114  376.8   0.0   2   2   5.6e-37   7.1e-35  116.0   0.0   407   564   339   505   311   508 0.88 -
AA3.hmm              -            618 KW1-S21_189_cg258_3  -            516   1.3e-81  270.1   0.0   1   1   1.3e-83   1.6e-81  269.8   0.0    90   398     8   507     4   512 0.86 -
AA3_3.hmm            -            590 KW1-S21_189_cg258_3  -            516   7.6e-61  201.4   0.0   1   1   3.6e-51   4.6e-49  162.5   0.0     3   313     8   304     7   320 0.84 -
AA3_1.hmm            -            548 KW1-S21_189_cg258_3  -            516   2.1e-43  143.9   0.0   1   1   1.5e-34   1.9e-32  107.8   0.0    16   334     7   317     2   336 0.77 -
AA8.hmm              -            815 KW1-S21_189_cg258_3  -            516     2e-32  107.3   0.0   1   1   6.2e-25   7.9e-23   75.6   0.1   244   563     6   317     2   328 0.75 -
AA3.hmm              -            618 KW1-S21_189_cg261_2  -            531   3.7e-51  169.5   0.0   1   1   3.7e-53   4.8e-51  169.1   0.0    87   398    13   525     5   527 0.80 -
AA3_2.hmm            -            568 KW1-S21_189_cg261_2  -            531   3.5e-27   90.6   0.2   1   1   3.9e-16     5e-14   47.1   0.0   496   566   455   525   428   526 0.95 -
AA3_1.hmm            -            548 KW1-S21_189_cg261_2  -            531   1.7e-23   78.3   0.0   1   1   3.4e-16   4.3e-14   47.2   0.0   475   543   457   523   394   527 0.85 -
GT83.hmm             -            540 KW1-S21_189_cg277_2  -            453   3.1e-22   74.1  42.7   1   1   5.5e-25   3.5e-22   73.9  42.7     7   382     5   372     1   435 0.71 -
CE10.hmm             -            341 KW1-S21_189_cg300_2  -            292   5.6e-33  110.2   2.1   1   1   1.1e-35   6.9e-33  109.9   2.1    69   331    27   286    16   290 0.83 -
CE1.hmm              -            227 KW1-S21_189_cg336_3  -            365   1.3e-34  115.2   0.0   1   1     3e-37   1.9e-34  114.7   0.0     7   209    33   347    30   362 0.87 -
GT2_Glycos_transf_2.hmm PF00535.25   170 KW1-S21_189_cg361_9  -            238   4.5e-35  116.3   0.1   1   1   1.8e-37   5.8e-35  115.9   0.1     1   169     4   164     4   165 0.96 Glycosyl transferase family 2
GT2_Glyco_tranf_2_3.hmm PF13641.5    230 KW1-S21_189_cg361_9  -            238   2.5e-15   52.3   0.0   1   1     1e-17   3.3e-15   51.9   0.0     4   120     3   114     1   132 0.90 Glycosyltransferase like family 2
CE10.hmm             -            341 KW1-S21_189_cg369_4  -            298   7.8e-56  185.4   0.5   1   1   1.4e-58   8.8e-56  185.2   0.5    94   335    69   295     3   297 0.81 -
GH78.hmm             -            504 KW1-S21_189_cg405_3  -            891  6.1e-116  383.3   0.0   1   1  2.3e-118  7.3e-116  383.0   0.0     4   503   333   845   330   846 0.93 -
CBM67.hmm            -            176 KW1-S21_189_cg405_3  -            891   6.8e-42  138.4   0.1   1   1   4.1e-44   1.3e-41  137.5   0.1     1   171   121   302   121   306 0.95 -
GT26.hmm             -            171 KW1-S21_189_cg409_1  -            113   4.9e-28   93.2   0.0   1   1   9.3e-31   5.9e-28   92.9   0.0     3    94    21   112    20   113 0.98 -
GT2_Glycos_transf_2.hmm PF00535.25   170 KW1-S21_189_cg417_6  -            229   5.7e-16   54.1   0.0   1   1   1.2e-18   7.5e-16   53.7   0.0     1    97    12    97    12   141 0.89 Glycosyl transferase family 2
GT4.hmm              -            160 KW1-S21_189_cg420_3  -            379   1.7e-36  120.6   0.0   1   1   4.4e-39   2.9e-36  119.9   0.0     7   159   197   347   192   348 0.96 -
CE11.hmm             -            271 KW1-S21_189_cg426_2  -            284   1.7e-91  301.6   0.0   1   1     3e-94   1.9e-91  301.4   0.0    23   270     1   249     1   250 0.99 -
GT41.hmm             -            705 KW1-S21_189_cg455_3  -            274   1.1e-16   55.8   0.6   1   1   2.9e-19   1.9e-16   55.0   0.6    89   191   129   239    48   270 0.71 -
GT19.hmm             -            354 KW1-S21_189_cg464_3  -            297   1.2e-84  279.2   0.0   1   1   2.2e-87   1.4e-84  279.0   0.0    85   353     1   280     1   281 0.93 -
GT19.hmm             -            354 KW1-S21_189_cg464_4  -            108   4.9e-21   70.0   0.0   1   1   8.5e-24   5.5e-21   69.8   0.0     1    75    31   105    31   107 0.95 -
CE15.hmm             -            269 KW1-S21_189_cg468_1  -            313   1.1e-64  213.8   0.0   1   1     2e-67   1.3e-64  213.6   0.0     1   179    37   313    37   313 0.97 -
GH74.hmm             -            233 KW1-S21_189_cg471_1  -           1097   1.5e-53  176.8  31.7   1   2   5.1e-16   3.3e-13   44.8   1.6    40   114   119   196   100   211 0.77 -
GH74.hmm             -            233 KW1-S21_189_cg471_1  -           1097   1.5e-53  176.8  31.7   2   2   2.9e-16   1.9e-13   45.7   0.3    46   118   242   316   228   324 0.85 -
CE10.hmm             -            341 KW1-S21_189_cg488_4  -            285   1.2e-24   82.8   0.2   1   1   2.3e-27   1.5e-24   82.5   0.2    79   322    31   269     2   281 0.78 -
CE10.hmm             -            341 KW1-S21_189_cg498_2  -            308     3e-32  107.8   0.4   1   1   5.5e-35   3.5e-32  107.6   0.4    65   316    56   294    38   307 0.83 -
CE10.hmm             -            341 KW1-S21_189_cg501_15 -            308   2.2e-69  230.0   0.1   1   1     4e-72   2.6e-69  229.7   0.1    39   321    22   290     4   306 0.88 -
GT73.hmm             -            245 KW1-S21_189_cg502_1  -            212   1.3e-22   75.5   0.0   1   1   2.4e-25   1.5e-22   75.3   0.0     6   151    75   212    70   212 0.90 -
CE10.hmm             -            341 KW1-S21_189_cg505_2  -            291   3.2e-42  140.7   0.3   1   1   5.7e-45   3.7e-42  140.4   0.3    66   309    39   268    10   289 0.73 -
CE11.hmm             -            271 KW1-S21_189_cg509_3  -            277   1.1e-90  298.8   0.0   1   1     2e-93   1.3e-90  298.7   0.0    23   270     1   248     1   249 0.99 -
GH23.hmm             -            135 KW1-S21_189_cg511_4  -            213   8.9e-18   60.4   0.0   1   1   2.2e-20   1.4e-17   59.8   0.0    12   101    85   174    75   194 0.82 -
GT19.hmm             -            354 KW1-S21_189_cg532_3  -            385  2.4e-112  370.3   0.0   1   1  4.4e-115  2.8e-112  370.1   0.0     1   353     5   368     5   369 0.94 -
CBM9.hmm             -            182 KW1-S21_189_cg533_3  -            795     1e-18   63.4   0.1   1   1     3e-21   1.9e-18   62.5   0.1     2   164   105   282   104   300 0.81 -
CE10.hmm             -            341 KW1-S21_189_cg549_3  -            535     2e-45  151.2   0.2   1   1   4.4e-48   2.8e-45  150.7   0.2    76   218   108   264    48   326 0.85 -
GH2.hmm              -            752 KW1-S21_189_cg555_2  -            843    1e-106  353.4   9.2   1   1    2e-107  6.3e-105  347.5   5.4    20   411   134   585   119   676 0.78 -
AA1.hmm              -            943 KW1-S21_189_cg577_1  -            141   5.5e-21   69.8   1.3   1   1   1.1e-23   6.9e-21   69.4   1.3   463   548    49   136    41   139 0.87 -
AA6.hmm              -            195 KW1-S21_189_cg580_3  -            199   3.7e-63  207.8   0.0   1   1   6.4e-66   4.1e-63  207.7   0.0     2   193     5   193     4   195 0.96 -
CE10.hmm             -            341 KW1-S21_189_cg581_4  -            371   4.7e-27   90.8   0.1   1   1   9.5e-30   6.1e-27   90.4   0.1    63   324   100   353    53   363 0.78 -
GT41.hmm             -            705 KW1-S21_189_cg594_2  -            513     4e-20   67.1   0.0   1   1   5.2e-15   3.3e-12   41.0   0.7    83   189     5   101     1   136 0.77 -
AA3_2.hmm            -            568 KW1-S21_189_cg596_7  -            111   2.6e-43  143.8   0.0   1   1   2.2e-45   2.9e-43  143.7   0.0     2   110     3   110     2   111 0.93 -
AA3.hmm              -            618 KW1-S21_189_cg596_7  -            111   2.7e-32  107.2   0.0   1   1   2.2e-34   2.9e-32  107.1   0.0    89   181     3   109     1   111 0.88 -
AA3_3.hmm            -            590 KW1-S21_189_cg596_7  -            111   3.1e-24   80.5   0.0   1   1   2.6e-26   3.3e-24   80.4   0.0     2   112     3   110     2   111 0.91 -
AA3_1.hmm            -            548 KW1-S21_189_cg596_7  -            111   2.5e-17   57.9   0.1   1   1   4.7e-19   6.1e-17   56.6   0.1    16   122     3   105     1   110 0.84 -
AA8.hmm              -            815 KW1-S21_189_cg596_7  -            111   9.6e-16   52.1   0.1   1   1     2e-17   2.6e-15   50.7   0.1   245   351     3   105     1   108 0.90 -
GT2_Glycos_transf_2.hmm PF00535.25   170 KW1-S21_189_cg617_5  -            235   3.9e-25   83.9   0.4   1   1   7.7e-28   4.9e-25   83.6   0.4     1   163     9   166     9   172 0.84 Glycosyl transferase family 2
GT83.hmm             -            540 KW1-S21_189_cg617_7  -            355   7.2e-87  287.4  45.7   1   1   1.2e-89   7.9e-87  287.3  45.7     5   332     4   348     1   355 0.93 -
CE11.hmm             -            271 KW1-S21_189_cg643_2  -            278   2.1e-93  307.8   0.0   1   1   3.6e-96   2.3e-93  307.7   0.0    23   270     1   249     1   250 0.99 -
GT4.hmm              -            160 KW1-S21_189_cg646_3  -            367   3.2e-26   87.2   0.0   1   1   8.3e-29   5.3e-26   86.5   0.0     5   153   183   324   179   326 0.96 -
CE10.hmm             -            341 KW1-S21_189_cg647_3  -            641   1.2e-28   96.0   0.3   1   1   2.9e-31   1.8e-28   95.4   0.3    84   323   386   616   367   623 0.85 -
GT41.hmm             -            705 KW1-S21_189_cg654_8  -            566   1.2e-30  101.9   5.9   1   2   6.2e-20     4e-17   57.3   3.6    56   190    15   168     3   169 0.66 -
GT41.hmm             -            705 KW1-S21_189_cg654_8  -            566   1.2e-30  101.9   5.9   2   2     5e-16   3.2e-13   44.3   0.0   147   192   166   238   165   304 0.62 -
AA3_2.hmm            -            568 KW1-S21_189_cg670_6  -            533    9e-169  558.0   0.0   1   1  8.1e-171    1e-168  557.8   0.0     2   566     2   527     1   529 0.96 -
AA3.hmm              -            618 KW1-S21_189_cg670_6  -            533  3.4e-106  351.3   0.0   1   1    3e-108  3.8e-106  351.1   0.0    89   400     2   529     1   532 0.88 -
AA3_3.hmm            -            590 KW1-S21_189_cg670_6  -            533     9e-83  273.8   0.0   1   2   2.9e-66   3.7e-64  212.4   0.0     2   325     2   309     1   321 0.90 -
AA3_3.hmm            -            590 KW1-S21_189_cg670_6  -            533     9e-83  273.8   0.0   2   2   3.1e-16     4e-14   47.1   0.0   522   585   464   526   452   530 0.91 -
AA3_1.hmm            -            548 KW1-S21_189_cg670_6  -            533   1.6e-55  184.0   0.0   1   1     2e-57   2.5e-55  183.3   0.0    16   542     2   524     1   528 0.78 -
AA8.hmm              -            815 KW1-S21_189_cg670_6  -            533   2.2e-44  146.9   0.0   1   1   2.1e-45   2.7e-43  143.2   0.0   245   771     2   524     1   528 0.80 -
GH23.hmm             -            135 KW1-S21_189_cg685_2  -            735   6.1e-28   93.3   0.2   1   1   1.9e-30   1.2e-27   92.3   0.2    14   125   569   722   556   730 0.89 -
CBM50.hmm            -             40 KW1-S21_189_cg700_5  -            442   1.6e-16   55.8   0.1   1   1   1.4e-18   9.1e-16   53.3   0.2     1    40   397   439   397   439 0.93 -
CE10.hmm             -            341 KW1-S21_189_cg711_1  -            287     5e-41  136.7   0.6   1   1   8.9e-44   5.7e-41  136.5   0.6    66   207   104   259    50   281 0.86 -
GT4.hmm              -            160 KW1-S21_189_cg717_2  -            401   1.6e-23   78.5   0.0   1   1     4e-26   2.5e-23   77.8   0.0     5   151   212   357   208   365 0.90 -
CE10.hmm             -            341 KW1-S21_189_cg722_3  -            490   4.4e-38  127.0   1.1   1   1     1e-40   6.4e-38  126.5   1.1    76   186    76   198    47   236 0.90 -
GH103.hmm            -            295 KW1-S21_189_cg724_3  -            334  7.3e-100  329.1   0.0   1   1  1.3e-102  8.5e-100  328.9   0.0     8   295    32   323    26   323 0.93 -
GT2_Glycos_transf_2.hmm PF00535.25   170 KW1-S21_189_cg725_1  -            202   2.6e-28   94.2   0.1   1   1   9.7e-31   3.1e-28   94.0   0.1     1   122    14   131    14   184 0.87 Glycosyl transferase family 2
GT27.hmm                -            295 KW1-S21_189_cg725_1  -            202     6e-18   60.4   0.0   1   1   4.4e-20   1.4e-17   59.2   0.0     1   191    14   194    14   202 0.75 -
GT2_Glycos_transf_2.hmm PF00535.25   170 KW1-S21_189_cg732_6  -            269   3.8e-15   51.4   0.0   1   1   8.5e-18   5.4e-15   50.9   0.0     3   127    23   146    22   177 0.89 Glycosyl transferase family 2
CE10.hmm             -            341 KW1-S21_189_cg733_3  -            429   1.9e-24   82.2   0.2   1   1   8.3e-27   2.7e-24   81.7   0.2    54   312   160   407   135   424 0.83 -
CE1.hmm              -            227 KW1-S21_189_cg733_3  -            429   3.6e-15   51.6   0.0   1   1   1.7e-17   5.5e-15   51.0   0.0     6   208   184   404   182   417 0.73 -
GT83.hmm             -            540 KW1-S21_189_cg741_2  -            468     1e-26   88.9  47.2   1   1     2e-29   1.3e-26   88.5  47.2     6   372    21   387    16   437 0.70 -
CE1.hmm              -            227 KW1-S21_189_cg747_2  -            365   1.4e-34  115.0   0.0   1   1   3.4e-37   2.2e-34  114.5   0.0     8   208    34   346    30   361 0.86 -
GT2_Glycos_transf_2.hmm PF00535.25   170 KW1-S21_189_cg748_5  -            212   2.3e-22   74.9   0.0   1   1   4.2e-25   2.7e-22   74.7   0.0     1   119     4   121     4   162 0.82 Glycosyl transferase family 2
AA1.hmm              -            943 KW1-S21_189_cg751_3  -            561   3.7e-33  110.1   6.5   1   1   2.3e-35   4.9e-33  109.7   6.5   459   666   189   442   187   480 0.79 -
AA1_2.hmm            -            337 KW1-S21_189_cg751_3  -            561   9.8e-24   79.2   1.4   1   1   1.3e-17   2.8e-15   51.4   0.4    12   106   190   288   188   302 0.87 -
AA1_3.hmm            -            312 KW1-S21_189_cg751_3  -            561   9.5e-22   72.8   0.5   1   1   2.8e-23     6e-21   70.2   0.5    40   263   188   449   173   492 0.76 -
GT4.hmm              -            160 KW1-S21_189_cg768_3  -            422   1.1e-33  111.5   0.0   1   1   5.9e-36   1.9e-33  110.7   0.0    15   159   250   392   241   393 0.95 -
GT5.hmm              -            472 KW1-S21_189_cg768_3  -            422   7.1e-23   76.2   0.0   1   1   3.6e-21   1.1e-18   62.4   0.0   204   471   193   417   131   418 0.79 -
CBM4.hmm             -            126 KW1-S21_189_cg769_1  -            886   3.6e-19   64.8   0.8   1   1   1.1e-21   6.9e-19   64.0   0.8     6   125   746   862   740   863 0.93 -
CE10.hmm             -            341 KW1-S21_189_cg791_6  -            703   1.7e-22   75.7   0.2   1   1   1.6e-24   5.1e-22   74.2   0.1    76   311   465   682   447   702 0.81 -
CE1.hmm              -            227 KW1-S21_189_cg791_6  -            703   3.1e-15   51.8   0.1   1   1   2.1e-17   6.6e-15   50.7   0.1    24   210   481   682   463   692 0.61 -
GT41.hmm             -            705 KW1-S21_189_cg797_3  -            274   6.5e-15   49.9   0.9   1   1   1.9e-17   1.2e-14   49.0   0.7    82   188   122   236    50   239 0.66 -
CE4.hmm              -            130 KW1-S21_189_cg802_2  -            289   3.9e-23   77.4   0.0   1   1   1.8e-25   1.1e-22   75.9   0.0    10   127     4   144     2   147 0.83 -
GH23.hmm             -            135 KW1-S21_189_cg807_1  -            245     8e-23   76.7   0.0   1   1   1.9e-25   1.2e-22   76.2   0.0     6   119   129   234   123   241 0.87 -
GH109.hmm            -            126 KW1-S21_189_cg824_4  -            186   3.2e-16   55.2   0.0   1   1     1e-18   6.5e-16   54.2   0.0     2   123     5   117     4   120 0.93 -
#
# Program:         hmmscan
# Version:         3.3.1 (Jul 2020)
# Pipeline mode:   SCAN
# Query file:      /beegfs/home/lxd/2_sea_metagenomics/6.metabat2/bins_redup_refinem_drep/derep_70_10/derepbins_prodigal/KW1-S21_189.proteins.faa
# Target file:     /beegfs/home/lxd/4_salt_metagenomics/tools/CAZy/dbCAN-HMMdb-V8.txt
# Option settings: hmmscan --tblout KW1-S21_189.tbl --domtblout KW1-S21_189_dom.tbl --acc --noali --notextw -E 1e-14 --domE 1e-14 --cpu 30 /beegfs/home/lxd/4_salt_metagenomics/tools/CAZy/dbCAN-HMMdb-V8.txt /beegfs/home/lxd/2_sea_metagenomics/6.metabat2/bins_redup_refinem_drep/derep_70_10/derepbins_prodigal/KW1-S21_189.proteins.faa 
# Current dir:     /beegfs/home/lxd/2_sea_metagenomics/6.metabat2/bins_redup_refinem_drep/derep_70_10/derepbins_cazy
# Date:            Thu Mar  4 18:44:56 2021
# [ok]
