#                                                                            --- full sequence --- -------------- this domain -------------   hmm coord   ali coord   env coord
# target name        accession   tlen query name           accession   qlen   E-value  score  bias   #  of  c-Evalue  i-Evalue  score  bias  from    to  from    to  from    to  acc description of target
#------------------- ---------- ----- -------------------- ---------- ----- --------- ------ ----- --- --- --------- --------- ------ ----- ----- ----- ----- ----- ----- ----- ---- ---------------------
GH109.hmm            -            126 KW1-S11_65_cg1_3     -            323   8.2e-15   50.6   0.1   1   1   2.8e-17   1.8e-14   49.5   0.1     2   118     4   115     3   122 0.73 -
GH3.hmm              -            216 KW1-S11_65_cg15_4    -            534   4.6e-52  172.0   0.0   1   1     1e-54   6.6e-52  171.5   0.0     4   215    65   292    62   293 0.93 -
CE1.hmm              -            227 KW1-S11_65_cg19_3    -            859     3e-15   51.9   1.0   1   1     1e-17   6.5e-15   50.8   1.0    15   212   605   824   600   833 0.67 -
GH109.hmm            -            126 KW1-S11_65_cg31_3    -            350   1.2e-17   59.8   0.0   1   1   3.4e-20   2.2e-17   59.0   0.0     1   114     2   106     2   118 0.90 -
GT28.hmm             -            157 KW1-S11_65_cg34_6    -            270   2.7e-46  152.5   0.0   1   1   6.4e-49   4.1e-46  151.9   0.0     2   157    94   252    93   252 0.95 -
CE10.hmm             -            341 KW1-S11_65_cg41_1    -            318   1.6e-40  135.0   0.1   1   1   2.9e-43   1.9e-40  134.8   0.1    68   309    44   287     5   313 0.81 -
CBM50.hmm            -             40 KW1-S11_65_cg53_3    -            712   1.8e-55  180.4  11.9   1   3   3.5e-16   1.1e-13   46.6   0.1     1    40   445   487   445   487 0.94 -
CBM50.hmm            -             40 KW1-S11_65_cg53_3    -            712   1.8e-55  180.4  11.9   2   3   1.9e-17     6e-15   50.7   0.6     1    39   616   657   616   657 0.94 -
CBM50.hmm            -             40 KW1-S11_65_cg53_3    -            712   1.8e-55  180.4  11.9   3   3     1e-16   3.3e-14   48.3   0.3     1    39   668   709   668   709 0.93 -
GH23.hmm             -            135 KW1-S11_65_cg53_3    -            712   1.1e-27   92.5   0.5   1   1   7.6e-30   2.4e-27   91.4   0.5     2   119   210   347   209   362 0.95 -
AA3.hmm              -            618 KW1-S11_65_cg67_2    -            579   3.8e-60  199.2   0.0   1   1   3.7e-62   4.8e-60  198.9   0.0    86   404     6   573     3   577 0.80 -
AA3_2.hmm            -            568 KW1-S11_65_cg67_2    -            579   5.2e-31  103.2   0.0   1   1   1.2e-21   1.5e-19   65.4   0.0     3   280    10   300     8   301 0.83 -
AA3_4.hmm            -            549 KW1-S11_65_cg67_2    -            579   7.2e-24   79.7   0.2   1   1   2.8e-17   3.6e-15   50.9   0.0   417   547   434   568   423   570 0.93 -
GT2_Glyco_tranf_2_3.hmm PF13641.5    230 KW1-S11_65_cg68_7    -            690   4.9e-29   97.1   0.0   1   1   3.5e-31   7.5e-29   96.5   0.0     3   218    24   264    22   276 0.87 Glycosyltransferase like family 2
GT2_Glycos_transf_2.hmm PF00535.25   170 KW1-S11_65_cg68_7    -            690   5.8e-29   96.4   0.0   1   1   4.6e-31   9.8e-29   95.6   0.0     1   166    26   208    26   210 0.90 Glycosyl transferase family 2
GT27.hmm                -            295 KW1-S11_65_cg68_7    -            690   4.8e-15   50.9   0.5   1   1   2.2e-16   4.6e-14   47.7   0.5     1   224    26   258    26   267 0.74 -
GT5.hmm              -            472 KW1-S11_65_cg84_2    -            487  8.7e-176  580.4   0.0   1   1  1.5e-178  9.8e-176  580.3   0.0     1   471     2   477     2   478 0.97 -
GT35.hmm             -            674 KW1-S11_65_cg95_7    -            680  3.2e-115  381.3   0.0   1   2   2.8e-15   1.8e-12   41.8   0.1    20    69    99   150    93   157 0.88 -
GT35.hmm             -            674 KW1-S11_65_cg95_7    -            680  3.2e-115  381.3   0.0   2   2  9.7e-104  6.2e-101  334.1   0.0   208   553   245   591   213   673 0.91 -
GT4.hmm              -            160 KW1-S11_65_cg95_11   -            402   2.7e-19   64.7   0.0   1   1     1e-21   6.5e-19   63.5   0.0     7   156   193   344   189   348 0.93 -
AA1.hmm              -            943 KW1-S11_65_cg96_2    -            381   2.1e-33  110.9   8.5   1   1   5.6e-32   1.2e-29   98.4   2.5   450   573   118   259    69   281 0.78 -
AA1_3.hmm            -            312 KW1-S11_65_cg96_2    -            381   8.3e-26   86.2   2.8   1   1   5.7e-27   1.2e-24   82.3   0.2     7   164    93   250    86   296 0.84 -
AA1_2.hmm            -            337 KW1-S11_65_cg96_2    -            381   5.5e-19   63.6   2.1   1   1   1.5e-18   3.3e-16   54.5   0.4     7   114   124   230   121   260 0.88 -
GT4.hmm              -            160 KW1-S11_65_cg118_10  -            139   7.8e-16   53.5   0.0   1   1   1.5e-18   9.8e-16   53.1   0.0     7    96    47   137    43   138 0.94 -
CE1.hmm              -            227 KW1-S11_65_cg133_2   -            266   2.8e-27   91.2   0.0   1   1   5.9e-30   3.8e-27   90.8   0.0     1   220    47   259    47   263 0.82 -
PL22.hmm             -            265 KW1-S11_65_cg136_16  -            820     2e-18   61.8   0.0   1   1   5.7e-18   3.6e-15   51.1   0.0   141   244   107   215    92   223 0.92 -
CE10.hmm             -            341 KW1-S11_65_cg137_5   -            691   2.7e-22   75.1   0.1   1   1   6.5e-25   4.1e-22   74.5   0.1    87   316   442   660   387   674 0.83 -
GH97.hmm             -            631 KW1-S11_65_cg143_3   -            791  1.5e-237  785.0   0.0   1   1  2.8e-240  1.8e-237  784.7   0.0     5   630    30   689    24   690 0.97 -
PL22.hmm             -            265 KW1-S11_65_cg144_3   -            302   3.7e-29   97.0   0.1   1   1   7.8e-17   2.5e-14   48.4   0.0    59   183   133   247   132   249 0.90 -
CE1.hmm              -            227 KW1-S11_65_cg147_1   -            283   6.6e-17   57.3   0.0   1   1   1.3e-19   8.4e-17   56.9   0.0    10   193    48   264    40   283 0.59 -
CE10.hmm             -            341 KW1-S11_65_cg163_7   -            762   1.7e-15   52.8   0.1   1   1   4.2e-18   2.7e-15   52.1   0.1    83   312   521   742   473   759 0.74 -
GT41.hmm             -            705 KW1-S11_65_cg163_13  -            404   6.1e-19   63.3   7.3   1   1   2.4e-16   1.5e-13   45.4   1.0    38   191   107   250    72   251 0.86 -
GH74.hmm             -            233 KW1-S11_65_cg188_3   -           1086   9.6e-43  141.5  28.0   1   1   1.4e-18   9.2e-16   53.2   5.6    45   213    71   248    69   248 0.87 -
GT4.hmm              -            160 KW1-S11_65_cg195_8   -            360   9.9e-30   98.6   0.0   1   1   6.3e-32     2e-29   97.6   0.0     7   153   178   327   174   333 0.94 -
GT5.hmm              -            472 KW1-S11_65_cg195_8   -            360   7.4e-18   59.7   0.0   1   1   2.9e-20   9.4e-18   59.3   0.0   238   468   132   355    68   358 0.81 -
GT4.hmm              -            160 KW1-S11_65_cg195_9   -            411   1.7e-30  101.1   0.0   1   1     9e-33   2.9e-30  100.4   0.0     7   157   216   360   211   363 0.95 -
GT5.hmm              -            472 KW1-S11_65_cg195_9   -            411   6.1e-18   60.0   0.0   1   1   2.5e-20   8.1e-18   59.6   0.0   281   451   209   367   184   387 0.84 -
GH109.hmm            -            126 KW1-S11_65_cg203_6   -            390   2.2e-20   68.7   0.1   1   1   1.1e-22   7.2e-20   67.0   0.0    19   118     4    99     1   106 0.93 -
AA3.hmm              -            618 KW1-S11_65_cg213_7   -            566   6.1e-46  152.2   0.0   1   1   3.5e-48   7.5e-46  152.0   0.0    83   400     2   557     1   564 0.74 -
GT94.hmm             -            283 KW1-S11_65_cg214_6   -            383     1e-21   72.4   0.0   1   1   4.9e-24   1.6e-21   71.8   0.0    34   236   116   329   110   360 0.82 -
GT4.hmm              -            160 KW1-S11_65_cg214_6   -            383   1.2e-21   72.3   0.0   1   1   1.6e-23   5.2e-21   70.3   0.0     4   153   200   349   197   353 0.91 -
GT2_Glycos_transf_2.hmm PF00535.25   170 KW1-S11_65_cg214_7   -            321   1.3e-31  105.0   0.0   1   1   3.2e-34     2e-31  104.4   0.0     1   168     7   168     7   169 0.90 Glycosyl transferase family 2
GH74.hmm             -            233 KW1-S11_65_cg218_1   -            765   1.2e-54  180.5  26.0   1   3   1.4e-16   9.1e-14   46.7   0.8    41   113    77   156    59   164 0.89 -
GH74.hmm             -            233 KW1-S11_65_cg218_1   -            765   1.2e-54  180.5  26.0   2   3   3.6e-16   2.3e-13   45.3   0.2    28   117   170   270   161   275 0.84 -
GH74.hmm             -            233 KW1-S11_65_cg218_1   -            765   1.2e-54  180.5  26.0   3   3   1.5e-18   9.6e-16   53.1   0.1    41   127   242   330   219   344 0.84 -
GT2_Glycos_transf_2.hmm PF00535.25   170 KW1-S11_65_cg219_2   -            833   1.3e-38  127.8   0.3   1   1   8.4e-41   2.7e-38  126.7   0.3     1   115    13   126    13   130 0.98 Glycosyl transferase family 2
GT2_Glyco_tranf_2_3.hmm PF13641.5    230 KW1-S11_65_cg219_2   -            833   1.5e-17   59.5   0.0   1   1   7.5e-20   2.4e-17   58.9   0.0     1   126    10   129     9   248 0.77 Glycosyltransferase like family 2
GT2_Glycos_transf_2.hmm PF00535.25   170 KW1-S11_65_cg224_3   -            303   1.2e-20   69.3   0.1   1   1   1.8e-22   5.8e-20   67.1   0.1     2   115    17   136    16   172 0.81 Glycosyl transferase family 2
GT2_Glyco_tranf_2_3.hmm PF13641.5    230 KW1-S11_65_cg224_3   -            303   6.1e-16   54.3   0.1   1   1   2.8e-16   9.1e-14   47.2   0.1     5   210    16   205    13   229 0.83 Glycosyltransferase like family 2
AA1.hmm              -            943 KW1-S11_65_cg233_5   -            366     4e-39  129.8   1.8   1   1   1.5e-41   4.9e-39  129.5   1.8   448   673    28   274     4   296 0.84 -
AA1_2.hmm            -            337 KW1-S11_65_cg233_5   -            366   3.4e-16   54.5   0.1   1   1     1e-17   3.2e-15   51.2   0.1     6   221    33   265    28   277 0.79 -
CBM9.hmm             -            182 KW1-S11_65_cg260_2   -            771     3e-18   61.9   0.2   1   1   8.2e-21   5.3e-18   61.1   0.2     1   164    62   228    62   236 0.82 -
GH74.hmm             -            233 KW1-S11_65_cg265_1   -            326     7e-29   96.1  13.7   1   1   3.1e-17     2e-14   48.9   1.3    47   110   148   214   144   217 0.91 -
GH13_19.hmm          -            360 KW1-S11_65_cg276_8   -            441     8e-59  194.8   0.0   1   2   1.4e-21   2.9e-19   64.6   0.0     1   101    74   163    74   194 0.89 -
GH13_19.hmm          -            360 KW1-S11_65_cg276_8   -            441     8e-59  194.8   0.0   2   2   3.9e-41   8.3e-39  128.9   0.0   181   360   174   359   165   359 0.92 -
GH13.hmm             -            299 KW1-S11_65_cg276_8   -            441   2.6e-21   72.4   0.0   1   1   2.7e-23   5.8e-21   71.3   0.0    11   286    72   358    68   362 0.69 -
GH13_36.hmm          -            314 KW1-S11_65_cg276_8   -            441   5.7e-17   57.3   0.0   1   1   2.5e-16   5.3e-14   47.6   0.0     1    72    74   151    74   156 0.89 -
GT5.hmm              -            472 KW1-S11_65_cg279_3   -            254   6.6e-37  122.5   0.0   1   1   1.3e-39   8.2e-37  122.2   0.0     1   210     2   214     2   217 0.91 -
GH74.hmm             -            233 KW1-S11_65_cg286_5   -           1019   8.2e-54  177.7  32.7   1   3   3.4e-15   2.2e-12   42.2   4.6    40   113    58   137    44   144 0.90 -
GH74.hmm             -            233 KW1-S11_65_cg286_5   -           1019   8.2e-54  177.7  32.7   2   3   1.4e-15   8.8e-13   43.5   0.0    35   116   158   249   144   257 0.84 -
GH74.hmm             -            233 KW1-S11_65_cg286_5   -           1019   8.2e-54  177.7  32.7   3   3   1.2e-15   7.7e-13   43.6   0.3    46   138   575   674   566   675 0.89 -
GH109.hmm            -            126 KW1-S11_65_cg288_5   -            342   1.3e-20   69.4   0.1   1   1   6.1e-23   3.9e-20   67.8   0.1     1   126     5   121     5   121 0.90 -
AA3.hmm              -            618 KW1-S11_65_cg290_1   -            553   4.4e-55  182.4   0.0   1   1   3.5e-57   5.6e-55  182.1   0.0    86   399     7   545     3   551 0.77 -
CE14.hmm             -            124 KW1-S11_65_cg305_2   -            300   2.7e-15   52.5   0.0   1   1   8.6e-18   5.5e-15   51.5   0.0     1   116    31   162    31   169 0.86 -
GT2_Glyco_tranf_2_3.hmm PF13641.5    230 KW1-S11_65_cg311_3   -            511   1.3e-28   95.7   0.1   1   1   7.8e-31   1.7e-28   95.4   0.1     1   228    58   286    57   288 0.92 Glycosyltransferase like family 2
GT2_Glycos_transf_2.hmm PF00535.25   170 KW1-S11_65_cg311_3   -            511   5.4e-25   83.4   0.1   1   1   4.5e-27   9.6e-25   82.6   0.1     3   162    63   226    61   233 0.86 Glycosyl transferase family 2
GT2_Glyco_trans_2_3.hmm PF13632.5    197 KW1-S11_65_cg311_3   -            511   1.6e-21   72.4   0.8   1   1   7.7e-24   1.6e-21   72.4   0.8     2   186   148   352   147   397 0.77 Glycosyl transferase family group 2
GT2_Glycos_transf_2.hmm PF00535.25   170 KW1-S11_65_cg313_5   -             81     3e-15   51.7   0.0   1   1   5.2e-18   3.3e-15   51.6   0.0     1    64     7    67     7    72 0.95 Glycosyl transferase family 2
GT4.hmm              -            160 KW1-S11_65_cg332_3   -            399   5.1e-29   96.3   0.1   1   1   5.3e-30   1.7e-27   91.4   0.0     6   159   196   368   193   369 0.91 -
GT4.hmm              -            160 KW1-S11_65_cg332_4   -            369   2.3e-16   55.2   0.0   1   1   6.2e-19   3.9e-16   54.4   0.0    22   159   211   339   192   340 0.83 -
GH109.hmm            -            126 KW1-S11_65_cg343_6   -            471   5.4e-17   57.7   0.4   1   1   4.7e-19     3e-16   55.3   0.4     1   123    52   189    52   192 0.79 -
GH109.hmm            -            126 KW1-S11_65_cg343_8   -            423   8.9e-19   63.4   0.0   1   1   2.8e-21   1.8e-18   62.5   0.0     1   122    48   160    48   164 0.93 -
GH95.hmm             -            722 KW1-S11_65_cg347_5   -            814  1.1e-273  905.1   0.0   1   1  2.3e-276  1.4e-273  904.8   0.0     5   714    30   776    25   781 0.97 -
GT2_Glycos_transf_2.hmm PF00535.25   170 KW1-S11_65_cg352_5   -            359   2.3e-29   97.7   0.0   1   1   1.5e-31   3.1e-29   97.2   0.0     1   167    23   199    23   202 0.87 Glycosyl transferase family 2
GT27.hmm                -            295 KW1-S11_65_cg352_5   -            359   4.8e-23   77.2   0.0   1   1   2.8e-25     6e-23   76.8   0.0     1   235    23   250    23   274 0.81 -
GT2_Glyco_tranf_2_3.hmm PF13641.5    230 KW1-S11_65_cg352_5   -            359   1.7e-17   59.4   0.0   1   1   1.4e-19     3e-17   58.5   0.0     4   224    22   251    20   252 0.86 Glycosyltransferase like family 2
GT51.hmm             -            177 KW1-S11_65_cg362_3   -            781   3.3e-62  204.4   0.0   1   1   8.2e-65   5.2e-62  203.7   0.0     1   177   103   280   103   280 0.95 -
AA1.hmm              -            943 KW1-S11_65_cg366_5   -            382   5.2e-27   89.7   1.8   1   1   4.3e-29   6.9e-27   89.3   1.8   430   549   251   372   226   381 0.86 -
AA1_3.hmm            -            312 KW1-S11_65_cg366_5   -            382   7.7e-22   73.1   0.2   1   1     7e-24   1.1e-21   72.6   0.2    29   132   269   371   257   376 0.89 -
AA1_2.hmm            -            337 KW1-S11_65_cg366_5   -            382   2.7e-21   71.2   0.3   1   1   2.4e-23   3.8e-21   70.7   0.3     5   105   275   373   273   380 0.87 -
AA1_1.hmm            -            303 KW1-S11_65_cg366_5   -            382   3.3e-16   54.5   0.1   1   1     3e-18   4.8e-16   54.0   0.1    14   114   278   372   269   379 0.84 -
GT2_Glyco_tranf_2_3.hmm PF13641.5    230 KW1-S11_65_cg381_4   -            517     2e-38  127.8   0.0   1   1   1.6e-40   2.6e-38  127.5   0.0     1   230   147   373   147   373 0.92 Glycosyltransferase like family 2
GT2_Glycos_transf_2.hmm PF00535.25   170 KW1-S11_65_cg381_4   -            517     3e-33  110.3   0.0   1   1   3.1e-35     5e-33  109.6   0.0     1   165   150   315   150   318 0.89 Glycosyl transferase family 2
GT2_Glyco_trans_2_3.hmm PF13632.5    197 KW1-S11_65_cg381_4   -            517   4.4e-29   97.1   1.0   1   1   2.7e-31   4.4e-29   97.1   1.0     5   184   237   437   233   451 0.75 Glycosyl transferase family group 2
GT21.hmm                -            233 KW1-S11_65_cg381_4   -            517   1.2e-18   62.7   0.0   1   1   9.7e-21   1.6e-18   62.4   0.0     1   231   147   372   147   374 0.95 -
#
# Program:         hmmscan
# Version:         3.3.1 (Jul 2020)
# Pipeline mode:   SCAN
# Query file:      /beegfs/home/lxd/2_sea_metagenomics/6.metabat2/bins_redup_refinem_drep/derep_70_10/derepbins_prodigal/KW1-S11_65.proteins.faa
# Target file:     /beegfs/home/lxd/4_salt_metagenomics/tools/CAZy/dbCAN-HMMdb-V8.txt
# Option settings: hmmscan --tblout KW1-S11_65.tbl --domtblout KW1-S11_65_dom.tbl --acc --noali --notextw -E 1e-14 --domE 1e-14 --cpu 30 /beegfs/home/lxd/4_salt_metagenomics/tools/CAZy/dbCAN-HMMdb-V8.txt /beegfs/home/lxd/2_sea_metagenomics/6.metabat2/bins_redup_refinem_drep/derep_70_10/derepbins_prodigal/KW1-S11_65.proteins.faa 
# Current dir:     /beegfs/home/lxd/2_sea_metagenomics/6.metabat2/bins_redup_refinem_drep/derep_70_10/derepbins_cazy
# Date:            Thu Mar  4 15:05:57 2021
# [ok]
