#                                                                            --- full sequence --- -------------- this domain -------------   hmm coord   ali coord   env coord
# target name        accession   tlen query name           accession   qlen   E-value  score  bias   #  of  c-Evalue  i-Evalue  score  bias  from    to  from    to  from    to  acc description of target
#------------------- ---------- ----- -------------------- ---------- ----- --------- ------ ----- --- --- --------- --------- ------ ----- ----- ----- ----- ----- ----- ----- ---- ---------------------
GT41.hmm             -            705 KW1-S15_16_cg9_15    -            739     3e-39  130.4   0.2   1   2   4.7e-17     3e-14   47.7   0.2   123   191    71   139    70   140 0.93 -
GT41.hmm             -            705 KW1-S15_16_cg9_15    -            739     3e-39  130.4   0.2   2   2   1.2e-18   7.8e-16   53.0   0.0   123   192   139   235   138   602 0.80 -
AA3.hmm              -            618 KW1-S15_16_cg10_1    -            196   6.3e-17   56.4   0.0   1   1   9.8e-20   6.3e-17   56.4   0.0   328   398   108   184    14   192 0.72 -
GT41.hmm             -            705 KW1-S15_16_cg11_8    -            531   1.8e-16   55.1   0.3   1   1   1.7e-15   1.1e-12   42.6   0.0    62   191   228   389   185   420 0.82 -
GT41.hmm             -            705 KW1-S15_16_cg17_10   -            723   3.8e-63  209.4  25.4   1   3   1.1e-24   6.8e-22   73.0   2.9    50   191    19   150     7   150 0.93 -
GT41.hmm             -            705 KW1-S15_16_cg17_10   -            723   3.8e-63  209.4  25.4   2   3   6.1e-18   3.9e-15   50.7   0.2   124   191   117   184   116   185 0.97 -
GT41.hmm             -            705 KW1-S15_16_cg17_10   -            723   3.8e-63  209.4  25.4   3   3     2e-18   1.3e-15   52.3   0.1   120   191   146   218   146   224 0.95 -
GT41.hmm             -            705 KW1-S15_16_cg17_13   -            589   1.6e-23   78.4   2.8   1   1   4.4e-16   2.8e-13   44.5   0.2    62   190   115   233    99   320 0.86 -
GT41.hmm             -            705 KW1-S15_16_cg17_16   -            557   8.5e-28   92.5   0.0   1   1   3.8e-17   2.4e-14   48.1   0.5    51   191    10   140     1   142 0.92 -
GT51.hmm             -            177 KW1-S15_16_cg20_16   -            818   1.6e-66  218.5   0.0   1   1   3.6e-69   2.3e-66  217.9   0.0     1   176    74   249    74   250 0.99 -
CE1.hmm              -            227 KW1-S15_16_cg23_5    -            271   8.1e-17   57.0   0.0   1   1   1.7e-19   1.1e-16   56.6   0.0     7   155    38   198    34   237 0.71 -
GT41.hmm             -            705 KW1-S15_16_cg23_11   -            635    3e-110  365.0   0.0   1   1  9.3e-113    6e-110  364.1   0.0    74   516    76   626     3   633 0.91 -
GT41.hmm             -            705 KW1-S15_16_cg40_2    -            700  2.6e-158  524.0  14.9   1   3   1.2e-15   7.4e-13   43.1   0.6   118   191   106   180   104   186 0.96 -
GT41.hmm             -            705 KW1-S15_16_cg40_2    -            700  2.6e-158  524.0  14.9   2   3   2.2e-54   1.4e-51  171.1   0.0   517   679   304   467   290   471 0.92 -
GT41.hmm             -            705 KW1-S15_16_cg40_2    -            700  2.6e-158  524.0  14.9   3   3     3e-77   1.9e-74  246.7   0.0   306   516   466   693   463   698 0.96 -
GT41.hmm             -            705 KW1-S15_16_cg41_4    -            452   1.8e-31  104.7  16.3   1   2   1.3e-15   8.6e-13   42.9   0.5   120   191    93   165    91   168 0.91 -
GT41.hmm             -            705 KW1-S15_16_cg41_4    -            452   1.8e-31  104.7  16.3   2   2   1.6e-16     1e-13   46.0   2.6    76   191   162   266   160   280 0.93 -
AA12.hmm             -            401 KW1-S15_16_cg45_14   -            418   3.6e-28   93.5   0.0   1   1   1.5e-30   9.6e-28   92.1   0.0    11   399    26   409    17   411 0.79 -
GT51.hmm             -            177 KW1-S15_16_cg52_36   -            223   1.8e-52  172.7   0.0   1   1   3.7e-55   2.4e-52  172.3   0.0    14   171    60   217    51   221 0.96 -
GT30.hmm             -            177 KW1-S15_16_cg58_24   -            426   5.3e-71  233.0   0.0   1   1   5.6e-72   3.6e-69  227.1   0.0     2   176    33   210    32   211 0.97 -
GT9.hmm              -            225 KW1-S15_16_cg58_30   -            346   3.6e-51  169.5   0.0   1   1   7.1e-54   4.5e-51  169.2   0.0     2   222    77   322    76   325 0.85 -
GT4.hmm              -            160 KW1-S15_16_cg58_32   -            364   4.9e-31  102.9   0.0   1   1   1.3e-33   8.1e-31  102.2   0.0     8   159   180   326   175   327 0.95 -
CE10.hmm             -            341 KW1-S15_16_cg64_12   -            684   1.3e-25   86.1   0.5   1   1     6e-28   1.9e-25   85.5   0.5    64   322   418   665   404   678 0.85 -
CE1.hmm              -            227 KW1-S15_16_cg64_18   -            801     9e-24   79.7   0.7   1   1   7.3e-26   2.3e-23   78.4   0.3    10   210   558   777   549   792 0.72 -
CE10.hmm             -            341 KW1-S15_16_cg64_18   -            801     2e-22   75.6   1.7   1   1   1.7e-24   5.6e-22   74.1   0.4    78   320   554   784   526   796 0.81 -
GT83.hmm             -            540 KW1-S15_16_cg68_2    -            577   9.8e-87  287.0  54.5   1   1   1.8e-89   1.2e-86  286.7  54.5     5   487    10   491     6   539 0.76 -
GT4.hmm              -            160 KW1-S15_16_cg71_8    -            362   8.8e-32  105.3   0.0   1   1   5.7e-34   1.8e-31  104.3   0.0     6   159   179   330   174   331 0.97 -
GT5.hmm              -            472 KW1-S15_16_cg71_8    -            362   5.8e-17   56.7   0.0   1   1     3e-19   9.7e-17   56.0   0.0   282   471   174   355   149   356 0.87 -
GT9.hmm              -            225 KW1-S15_16_cg71_9    -            367   9.3e-54  178.0   0.0   1   1   2.4e-56   1.6e-53  177.2   0.0     3   217    93   335    91   346 0.86 -
GT41.hmm             -            705 KW1-S15_16_cg77_7    -            258   2.3e-19   64.6   4.2   1   1     2e-16   1.3e-13   45.7   0.2    86   191    39   134    24   137 0.91 -
GT9.hmm              -            225 KW1-S15_16_cg79_13   -            377   6.6e-49  162.1   0.6   1   1   1.3e-51   8.5e-49  161.8   0.6     2   204    80   314    79   345 0.86 -
CE1.hmm              -            227 KW1-S15_16_cg80_14   -            287   3.6e-46  153.0   0.0   1   1   6.4e-49   4.1e-46  152.8   0.0     1   225    29   282    29   284 0.85 -
AA4.hmm              -            522 KW1-S15_16_cg81_4    -            475   3.7e-26   87.1   0.0   1   1   4.9e-24   1.6e-21   71.8   0.0    16   194    13   191     6   232 0.91 -
AA7.hmm              -            458 KW1-S15_16_cg81_4    -            475   4.1e-17   58.2   1.5   1   1   5.9e-19   1.9e-16   56.0   1.3    11   210    47   256    41   292 0.90 -
GT41.hmm             -            705 KW1-S15_16_cg87_7    -            603   1.5e-38  128.1   0.0   1   2   8.4e-15   5.4e-12   40.3   0.1    83   191     6   104     2   111 0.89 -
GT41.hmm             -            705 KW1-S15_16_cg87_7    -            603   1.5e-38  128.1   0.0   2   2   6.7e-22   4.3e-19   63.7   0.2    86   191   110   205   105   206 0.94 -
GT28.hmm             -            157 KW1-S15_16_cg89_14   -            377   6.9e-51  167.4   0.4   1   1   1.5e-53   9.5e-51  166.9   0.4     2   156   189   348   188   349 0.97 -
CE11.hmm             -            271 KW1-S15_16_cg89_21   -            289  3.7e-109  359.5   0.0   1   1  6.5e-112  4.2e-109  359.3   0.0    13   270     1   260     1   261 0.99 -
GH103.hmm            -            295 KW1-S15_16_cg99_8    -            344   2.1e-93  307.9   0.0   1   1   3.8e-96   2.4e-93  307.7   0.0     8   295    46   335    40   335 0.94 -
CE10.hmm             -            341 KW1-S15_16_cg109_10  -            671   1.6e-24   82.5   0.2   1   1   3.6e-27   2.3e-24   81.9   0.2    87   317   428   655   331   664 0.87 -
GT19.hmm             -            354 KW1-S15_16_cg111_6   -            390  3.4e-124  409.3   0.0   1   1    6e-127  3.9e-124  409.1   0.0     2   353    10   368     9   369 0.97 -
CE10.hmm             -            341 KW1-S15_16_cg125_13  -            647   8.9e-27   89.8   0.0   1   1   4.3e-29   1.4e-26   89.2   0.0    93   323   398   622   352   633 0.80 -
CE7.hmm              -            313 KW1-S15_16_cg125_13  -            647   7.5e-16   53.2   0.2   1   1   1.5e-16   4.9e-14   47.2   0.2    55   306   375   613   356   618 0.82 -
CBM50.hmm            -             40 KW1-S15_16_cg131_9   -            546   4.1e-45  147.2   5.4   1   2   1.2e-17   3.8e-15   51.3   0.0     1    39   428   470   428   470 0.93 -
CBM50.hmm            -             40 KW1-S15_16_cg131_9   -            546   4.1e-45  147.2   5.4   2   2   5.6e-18   1.8e-15   52.4   0.0     1    38   493   534   493   535 0.88 -
GH23.hmm             -            135 KW1-S15_16_cg131_9   -            546   2.6e-24   81.5   0.2   1   1   1.7e-26   5.4e-24   80.5   0.2    23   123   141   261    97   269 0.91 -
GH23.hmm             -            135 KW1-S15_16_cg133_13  -            193   1.2e-17   60.0   0.0   1   1   2.4e-20   1.6e-17   59.6   0.0     9   122    85   186    78   192 0.87 -
AA6.hmm              -            195 KW1-S15_16_cg133_17  -            202   1.4e-63  209.2   0.0   1   1   2.4e-66   1.5e-63  209.1   0.0     2   194     5   194     4   195 0.93 -
AA3.hmm              -            618 KW1-S15_16_cg146_1   -            529   1.8e-47  157.3   0.0   1   1   1.1e-49   2.3e-47  156.9   0.0    86   398    18   517     7   525 0.73 -
AA3_1.hmm            -            548 KW1-S15_16_cg146_1   -            529   2.5e-25   84.3   1.3   1   1   1.5e-16   3.3e-14   47.6   0.5    16   276    21   270     8   277 0.81 -
GH23.hmm             -            135 KW1-S15_16_cg147_2   -            468   6.1e-24   80.4   0.2   1   1     2e-26   1.3e-23   79.3   0.2    13   122   288   436   278   444 0.93 -
AA1.hmm              -            943 KW1-S15_16_cg169_8   -            545     3e-59  196.4   0.3   1   1   2.5e-61   4.1e-59  196.0   0.3   451   680    74   346    23   372 0.81 -
AA1_3.hmm            -            312 KW1-S15_16_cg169_8   -            545   7.3e-50  165.2   0.2   1   1   3.3e-51   5.3e-49  162.3   0.2    14   267    55   340    44   352 0.86 -
AA1_2.hmm            -            337 KW1-S15_16_cg169_8   -            545   6.2e-47  155.5   0.1   1   1   2.5e-48   4.1e-46  152.8   0.1     1   233    72   342    72   355 0.88 -
AA1_1.hmm            -            303 KW1-S15_16_cg169_8   -            545   7.5e-36  119.0   0.0   1   1   5.2e-27   8.3e-25   82.8   0.0     4   166    69   218    66   243 0.87 -
GT41.hmm             -            705 KW1-S15_16_cg170_4   -            563   1.5e-25   85.1   0.9   1   1   2.1e-22   1.3e-19   65.4   0.4    58   191   115   238   100   545 0.86 -
GT9.hmm              -            225 KW1-S15_16_cg170_10  -            366   3.3e-54  179.4   0.0   1   1     9e-57   5.8e-54  178.7   0.0     2   217    91   335    90   345 0.84 -
GT4.hmm              -            160 KW1-S15_16_cg170_11  -            362   4.3e-35  116.0   0.0   1   1   2.5e-37     8e-35  115.2   0.0     4   159   177   330   174   331 0.98 -
GT5.hmm              -            472 KW1-S15_16_cg170_11  -            362   1.9e-17   58.3   0.0   1   1   1.1e-19   3.4e-17   57.5   0.0   284   471   174   355   151   356 0.82 -
GH3.hmm              -            216 KW1-S15_16_cg177_20  -            348   5.1e-52  171.8   0.0   1   1   9.8e-55   6.3e-52  171.5   0.0     3   216    50   281    48   281 0.92 -
#
# Program:         hmmscan
# Version:         3.3.1 (Jul 2020)
# Pipeline mode:   SCAN
# Query file:      /beegfs/home/lxd/2_sea_metagenomics/6.metabat2/bins_redup_refinem_drep/derep_70_10/derepbins_prodigal/KW1-S15_16.proteins.faa
# Target file:     /beegfs/home/lxd/4_salt_metagenomics/tools/CAZy/dbCAN-HMMdb-V8.txt
# Option settings: hmmscan --tblout KW1-S15_16.tbl --domtblout KW1-S15_16_dom.tbl --acc --noali --notextw -E 1e-14 --domE 1e-14 --cpu 30 /beegfs/home/lxd/4_salt_metagenomics/tools/CAZy/dbCAN-HMMdb-V8.txt /beegfs/home/lxd/2_sea_metagenomics/6.metabat2/bins_redup_refinem_drep/derep_70_10/derepbins_prodigal/KW1-S15_16.proteins.faa 
# Current dir:     /beegfs/home/lxd/2_sea_metagenomics/6.metabat2/bins_redup_refinem_drep/derep_70_10/derepbins_cazy
# Date:            Thu Mar  4 16:15:56 2021
# [ok]
