#                                                                            --- full sequence --- -------------- this domain -------------   hmm coord   ali coord   env coord
# target name        accession   tlen query name           accession   qlen   E-value  score  bias   #  of  c-Evalue  i-Evalue  score  bias  from    to  from    to  from    to  acc description of target
#------------------- ---------- ----- -------------------- ---------- ----- --------- ------ ----- --- --- --------- --------- ------ ----- ----- ----- ----- ----- ----- ----- ---- ---------------------
GH23.hmm             -            135 KW1-S08_12_cg6_8     -            183   1.1e-26   89.2   0.1   1   1   2.4e-29   1.5e-26   88.8   0.1    13   124    52   164    38   173 0.89 -
GT4.hmm              -            160 KW1-S08_12_cg33_3    -            379   5.9e-35  115.6   0.0   1   1   1.5e-37   9.5e-35  114.9   0.0    11   159   200   348   191   349 0.96 -
AA4.hmm              -            522 KW1-S08_12_cg48_9    -            496   1.8e-28   94.8   0.0   1   1   2.1e-24   6.7e-22   73.0   0.2    11   251    11   241     4   251 0.86 -
AA7.hmm              -            458 KW1-S08_12_cg48_9    -            496   7.3e-22   73.9   0.6   1   1   4.6e-24   1.5e-21   72.9   0.6    12   194    49   238    46   249 0.90 -
GT51.hmm             -            177 KW1-S08_12_cg49_15   -            638   3.7e-64  210.8   0.0   1   1   8.8e-67   5.6e-64  210.2   0.0    14   177   104   267    92   267 0.97 -
AA4.hmm              -            522 KW1-S08_12_cg63_8    -            478   3.1e-22   74.2   0.0   1   1     1e-19   3.2e-17   57.6   0.0    17   251    16   240    12   259 0.79 -
AA7.hmm              -            458 KW1-S08_12_cg63_8    -            478   1.5e-17   59.6   0.3   1   1   4.1e-19   1.3e-16   56.6   0.3    17   223    53   267    46   308 0.86 -
AA3_2.hmm            -            568 KW1-S08_12_cg66_2    -            535  5.6e-170  562.0   0.0   1   1  5.2e-172  6.6e-170  561.8   0.0     2   568     6   532     5   532 0.94 -
AA3.hmm              -            618 KW1-S08_12_cg66_2    -            535  2.6e-107  355.0   0.0   1   1  2.5e-109  3.2e-107  354.7   0.0    88   400     5   532     2   534 0.88 -
AA3_3.hmm            -            590 KW1-S08_12_cg66_2    -            535     2e-83  276.0   0.0   1   2   6.9e-65   8.8e-63  207.8   0.0     3   325     7   313     5   354 0.89 -
AA3_3.hmm            -            590 KW1-S08_12_cg66_2    -            535     2e-83  276.0   0.0   2   2     1e-18   1.3e-16   55.3   0.0   510   588   455   532   452   533 0.95 -
AA3_1.hmm            -            548 KW1-S08_12_cg66_2    -            535   2.1e-60  200.1   0.0   1   1   4.4e-62   5.6e-60  198.7   0.0    14   546     4   531     1   533 0.80 -
AA8.hmm              -            815 KW1-S08_12_cg66_2    -            535   1.2e-50  167.5   0.0   1   1   7.8e-52   9.9e-50  164.5   0.0   243   775     4   531     1   534 0.77 -
GT41.hmm             -            705 KW1-S08_12_cg89_13   -            648   8.1e-71  234.7   0.5   1   1   1.7e-68   1.1e-65  217.8   0.0    80   516   137   647   127   647 0.92 -
GH103.hmm            -            295 KW1-S08_12_cg92_7    -            326  6.3e-118  388.4   0.0   1   1  1.1e-120  7.1e-118  388.2   0.0     1   295    29   323    29   323 0.99 -
GH109.hmm            -            126 KW1-S08_12_cg107_7   -            374   7.8e-15   50.7   0.1   1   1   2.4e-17   1.6e-14   49.7   0.1     3   122    10   120     8   124 0.91 -
GH109.hmm            -            126 KW1-S08_12_cg107_15  -            353   2.4e-15   52.3   0.2   1   1   9.9e-18   6.3e-15   51.0   0.2     2   118     5   113     4   120 0.84 -
AA4.hmm              -            522 KW1-S08_12_cg115_2   -            467   7.3e-32  105.9   0.0   1   1   2.4e-27   7.8e-25   82.7   0.0    16   251    14   237     7   249 0.79 -
AA7.hmm              -            458 KW1-S08_12_cg115_2   -            467   8.5e-24   80.3   2.0   1   1   7.3e-24   2.3e-21   72.2   2.7    12   212    46   254    41   306 0.92 -
GT9.hmm              -            225 KW1-S08_12_cg122_11  -            313     5e-42  139.6   0.1   1   1     1e-44   6.5e-42  139.3   0.1     5   204    79   294    75   308 0.85 -
GT4.hmm              -            160 KW1-S08_12_cg122_12  -            412   1.6e-30  101.2   0.0   1   1   8.7e-33   2.8e-30  100.4   0.0     6   156   217   374   213   378 0.88 -
GT5.hmm              -            472 KW1-S08_12_cg122_12  -            412   1.6e-17   58.6   0.0   1   1   6.7e-20   2.1e-17   58.2   0.0   224   471   167   403   161   404 0.77 -
GH23.hmm             -            135 KW1-S08_12_cg136_34  -            600   9.7e-22   73.2   0.0   1   1   3.6e-24   2.3e-21   72.0   0.0    17   120   431   557   426   565 0.91 -
CE10.hmm             -            341 KW1-S08_12_cg137_34  -            277   8.3e-31  103.1   1.9   1   1   1.7e-33   1.1e-30  102.7   1.9    71   313    37   256     5   274 0.77 -
GT19.hmm             -            354 KW1-S08_12_cg155_7   -            390  1.5e-119  394.0   0.1   1   1  2.8e-122  1.8e-119  393.8   0.1     1   348    10   361    10   367 0.95 -
CE10.hmm             -            341 KW1-S08_12_cg162_4   -            644   3.5e-23   78.0   0.3   1   1     8e-26   5.1e-23   77.5   0.3    93   316   396   609   362   624 0.84 -
GT4.hmm              -            160 KW1-S08_12_cg201_12  -            347   6.4e-35  115.5   0.0   1   1   2.8e-37   9.1e-35  115.0   0.0     8   154   168   308   162   314 0.96 -
GT5.hmm              -            472 KW1-S08_12_cg201_12  -            347   4.9e-18   60.3   0.0   1   1   1.9e-20   6.2e-18   59.9   0.0   286   472   163   339   153   339 0.90 -
GT9.hmm              -            225 KW1-S08_12_cg201_14  -            368   1.4e-39  131.7   0.3   1   1   3.3e-42   2.1e-39  131.0   0.3    11   202   117   318   106   342 0.77 -
AA1.hmm              -            943 KW1-S08_12_cg209_6   -            392   2.3e-30  100.8  11.9   1   1   2.9e-29   6.1e-27   89.5   1.4   450   550   138   240   103   269 0.81 -
AA1_3.hmm            -            312 KW1-S08_12_cg209_6   -            392     7e-19   63.4   0.6   1   1   7.6e-21   1.6e-18   62.2   0.6    11   139   118   243   104   379 0.65 -
AA1_2.hmm            -            337 KW1-S08_12_cg209_6   -            392   8.3e-15   49.9   1.3   1   1   3.3e-16   7.1e-14   46.8   1.4     7   235   145   375   141   378 0.81 -
GH109.hmm            -            126 KW1-S08_12_cg226_6   -            323   2.3e-15   52.4   0.3   1   1   3.7e-17   2.4e-14   49.1   0.3     1   119     5   111     5   116 0.87 -
CE4.hmm              -            130 KW1-S08_12_cg228_27  -            379   5.2e-28   93.1   0.0   1   1   1.3e-30   8.2e-28   92.5   0.0     5   124   120   246   116   251 0.93 -
GH73.hmm             -            128 KW1-S08_12_cg228_28  -            343   8.1e-19   63.7   0.0   1   1   1.9e-21   1.2e-18   63.1   0.0    10   125   189   314   185   317 0.79 -
CE4.hmm              -            130 KW1-S08_12_cg232_10  -            279   2.2e-22   75.0   0.0   1   1   7.5e-25   4.8e-22   73.8   0.0     7   127     2   145     1   147 0.82 -
AA3_2.hmm            -            568 KW1-S08_12_cg233_3   -            327   1.7e-79  263.3   0.0   1   1   1.6e-81   2.1e-79  263.0   0.0   227   567     2   317     1   318 0.94 -
AA3.hmm              -            618 KW1-S08_12_cg233_3   -            327   7.4e-49  161.9   0.0   1   1   6.8e-51   8.7e-49  161.6   0.0   225   400     3   318     1   322 0.90 -
AA3_1.hmm            -            548 KW1-S08_12_cg233_3   -            327   2.3e-29   97.6   0.0   1   1   2.5e-31   3.2e-29   97.2   0.0   224   544     3   315     1   319 0.80 -
AA3_3.hmm            -            590 KW1-S08_12_cg233_3   -            327   9.5e-29   95.4   0.0   1   2   3.9e-16     5e-14   46.8   0.0   260   315    34    89     1   101 0.83 -
AA3_3.hmm            -            590 KW1-S08_12_cg233_3   -            327   9.5e-29   95.4   0.0   2   2   6.4e-15   8.2e-13   42.8   0.0   508   585   238   315   234   318 0.89 -
AA8.hmm              -            815 KW1-S08_12_cg233_3   -            327   1.1e-23   78.4   0.0   1   1   2.7e-25   3.5e-23   76.7   0.0   483   773    29   315    13   322 0.76 -
CE10.hmm             -            341 KW1-S08_12_cg242_5   -            186   4.6e-37  123.7   0.0   1   1   8.4e-40   5.4e-37  123.4   0.0   147   334     1   179     1   183 0.89 -
CE4.hmm              -            130 KW1-S08_12_cg252_4   -            294     5e-22   73.8   0.0   1   1   4.2e-24   2.7e-21   71.4   0.0    23   127    42   147    34   150 0.95 -
GT41.hmm             -            705 KW1-S08_12_cg256_1   -             93   3.3e-17   57.5   0.4   1   1   5.6e-20   3.6e-17   57.4   0.4   426   516     2    92     1    92 0.98 -
GH23.hmm             -            135 KW1-S08_12_cg265_13  -            666   1.6e-30  101.7   0.1   1   1   2.5e-33   1.6e-30  101.7   0.1    12   121   502   636   494   647 0.87 -
CBM50.hmm            -             40 KW1-S08_12_cg276_5   -            337   5.4e-27   89.2   0.3   1   1     3e-17   1.9e-14   49.1   0.0     1    40   107   150   107   150 0.89 -
GH3.hmm              -            216 KW1-S08_12_cg276_16  -            338   1.5e-42  140.9   0.1   1   1   3.5e-45   2.2e-42  140.3   0.1    13   215    56   275    46   276 0.90 -
GT1.hmm              -            382 KW1-S08_12_cg283_5   -            393   2.6e-15   52.6   8.0   1   1   1.5e-17   9.4e-15   50.8   8.0    57   352    37   364     4   387 0.76 -
GT4.hmm              -            160 KW1-S08_12_cg283_7   -            386   3.2e-31  103.5   0.0   1   1   1.6e-33   5.2e-31  102.8   0.0     7   158   199   350   194   352 0.89 -
GT5.hmm              -            472 KW1-S08_12_cg283_7   -            386   1.7e-19   65.1   0.0   1   1   6.9e-22   2.2e-19   64.7   0.0   271   467   182   372   148   376 0.85 -
GT4.hmm              -            160 KW1-S08_12_cg283_8   -            433   4.1e-34  112.9   0.0   1   1   1.1e-36   6.8e-34  112.2   0.0    11   157   243   394   236   397 0.95 -
CE10.hmm             -            341 KW1-S08_12_cg285_8   -            317     2e-54  180.7   2.0   1   1   3.6e-57   2.3e-54  180.6   2.0    65   338    54   315    16   316 0.86 -
GH119.hmm            -           1070 KW1-S08_12_cg290_3   -           1065   1.5e-25   84.2   8.1   1   1   2.3e-28   1.5e-25   84.2   8.1   806   908   727   833   718   930 0.91 -
CE10.hmm             -            341 KW1-S08_12_cg292_9   -            325     8e-74  244.5   2.3   1   1   1.6e-76     1e-73  244.2   2.3    29   327    12   302     3   313 0.87 -
GT89.hmm             -            556 KW1-S08_12_cg297_5   -            229   1.2e-18   62.1  11.0   1   1   2.2e-21   1.4e-18   61.8  11.0     9   195    25   208    17   226 0.81 -
AA3_2.hmm            -            568 KW1-S08_12_cg305_8   -            539  1.6e-164  544.0   0.0   1   1  1.6e-166    2e-164  543.7   0.0     3   568     8   535     7   535 0.97 -
AA3.hmm              -            618 KW1-S08_12_cg305_8   -            539  1.5e-106  352.5   0.1   1   1  1.4e-108  1.8e-106  352.2   0.1    90   401     8   536     2   538 0.88 -
AA3_3.hmm            -            590 KW1-S08_12_cg305_8   -            539   1.6e-78  259.8   0.1   1   2   7.1e-61   9.1e-59  194.6   0.0     4   324     9   313     7   353 0.90 -
AA3_3.hmm            -            590 KW1-S08_12_cg305_8   -            539   1.6e-78  259.8   0.1   2   2   3.7e-16   4.7e-14   46.9   0.1   505   588   454   535   444   536 0.86 -
AA3_1.hmm            -            548 KW1-S08_12_cg305_8   -            539   3.4e-54  179.6   0.0   1   1   5.9e-56   7.6e-54  178.4   0.0    16   542     7   530     2   534 0.79 -
AA8.hmm              -            815 KW1-S08_12_cg305_8   -            539   4.5e-43  142.5   0.0   1   1   2.5e-38   3.2e-36  119.8   0.0   327   771    85   530    69   534 0.83 -
CE10.hmm             -            341 KW1-S08_12_cg306_27  -            291   1.9e-20   69.0   0.5   1   1   4.6e-23     3e-20   68.4   0.5    64   309    42   259     8   288 0.75 -
CE10.hmm             -            341 KW1-S08_12_cg311_7   -            310     6e-70  231.8   0.1   1   1   1.1e-72     7e-70  231.6   0.1    58   334    41   303    25   309 0.88 -
CE10.hmm             -            341 KW1-S08_12_cg311_11  -            277   1.1e-38  129.0   2.0   1   1   2.2e-41   1.4e-38  128.6   2.0    80   309    45   252    22   266 0.80 -
GT4.hmm              -            160 KW1-S08_12_cg315_4   -            344     3e-22   74.3   0.0   1   1   7.8e-25     5e-22   73.6   0.0     9   139   184   301   180   311 0.88 -
GT30.hmm             -            177 KW1-S08_12_cg315_6   -            453   1.5e-62  205.5   0.4   1   1   4.3e-65   2.8e-62  204.6   0.4     2   175    60   235    59   237 0.98 -
GT2_Glycos_transf_2.hmm PF00535.25   170 KW1-S08_12_cg316_5   -            321   2.1e-16   55.5   0.0   1   1   4.7e-19     3e-16   55.0   0.0     1   131    18   140    18   181 0.84 Glycosyl transferase family 2
CE10.hmm             -            341 KW1-S08_12_cg316_6   -            298   5.4e-28   93.9   1.6   1   1   1.1e-30   7.2e-28   93.4   1.6    67   309    57   274    28   292 0.84 -
CE9.hmm              -            373 KW1-S08_12_cg318_6   -            365  5.7e-113  372.5   1.7   1   1    1e-115  6.7e-113  372.3   1.7     4   373     6   358     4   358 0.95 -
CE4.hmm              -            130 KW1-S08_12_cg324_3   -            301   3.3e-15   51.7   0.0   1   1   8.9e-18   5.7e-15   51.0   0.0    23   125    80   183    67   187 0.79 -
AA7.hmm              -            458 KW1-S08_12_cg325_2   -            460  2.9e-101  335.6   5.0   1   1  5.5e-103  3.5e-100  332.0   5.0     3   458    34   455    32   455 0.96 -
AA3.hmm              -            618 KW1-S08_12_cg336_3   -            522   4.4e-53  175.9   0.0   1   1   3.3e-55   5.3e-53  175.6   0.0    85   375     7   520     3   522 0.78 -
AA3_1.hmm            -            548 KW1-S08_12_cg336_3   -            522   8.4e-30   99.1   0.1   1   1   7.6e-17   1.2e-14   49.0   0.0     8   123     3   120     1   124 0.86 -
AA3_2.hmm            -            568 KW1-S08_12_cg336_3   -            522     2e-27   91.4   0.0   1   1   3.7e-20   5.9e-18   60.1   0.0     3   280    12   302    10   302 0.77 -
GH102.hmm            -            157 KW1-S08_12_cg357_25  -            378   2.1e-48  159.6   0.0   1   1   4.6e-51   2.9e-48  159.1   0.0     2   157   120   275   119   275 0.98 -
CE10.hmm             -            341 KW1-S08_12_cg358_3   -            315   1.3e-74  247.1   0.7   1   1   2.4e-77   1.5e-74  246.9   0.7    54   336    37   311     4   313 0.87 -
AA3_2.hmm            -            568 KW1-S08_12_cg360_1   -            318   3.8e-86  285.3   0.0   1   1   3.7e-88   4.7e-86  284.9   0.0   244   566     1   306     1   308 0.86 -
AA3.hmm              -            618 KW1-S08_12_cg360_1   -            318   1.9e-59  196.8   0.1   1   1   1.9e-61   2.4e-59  196.5   0.1   237   402    14   310     3   316 0.93 -
AA3_3.hmm            -            590 KW1-S08_12_cg360_1   -            318   2.4e-37  123.8   0.1   1   2     4e-19   5.1e-17   56.7   0.0   256   464    14   212     5   224 0.80 -
AA3_3.hmm            -            590 KW1-S08_12_cg360_1   -            318   2.4e-37  123.8   0.1   2   2   6.8e-21   8.7e-19   62.5   0.0   510   586   231   306   227   308 0.93 -
AA3_1.hmm            -            548 KW1-S08_12_cg360_1   -            318   9.9e-30   98.8   0.0   1   1   2.6e-31   3.4e-29   97.1   0.0   246   546     7   307     1   309 0.76 -
AA8.hmm              -            815 KW1-S08_12_cg360_1   -            318   1.7e-23   77.7   0.0   1   1   1.2e-24   1.5e-22   74.6   0.0   481   778    11   310     5   316 0.74 -
GT28.hmm             -            157 KW1-S08_12_cg362_12  -            386   4.6e-46  151.7   0.0   1   1   1.1e-48   7.2e-46  151.1   0.0     2   156   193   354   192   355 0.96 -
CE11.hmm             -            271 KW1-S08_12_cg362_19  -            317  6.5e-114  375.1   0.0   1   1  1.2e-116  7.4e-114  374.9   0.0     1   270    14   285    14   286 0.98 -
GT4.hmm              -            160 KW1-S08_12_cg365_1   -            112   2.6e-23   77.8   0.0   1   1     5e-26   3.2e-23   77.5   0.0    80   159     2    81     1    82 0.97 -
GT51.hmm             -            177 KW1-S08_12_cg381_8   -            807   7.5e-65  213.0   0.0   1   1   1.8e-67   1.1e-64  212.4   0.0     1   177    55   234    55   234 0.97 -
GT2_Glycos_transf_2.hmm PF00535.25   170 KW1-S08_12_cg382_5   -            392   2.7e-24   81.2   0.0   1   1   6.2e-27   3.9e-24   80.6   0.0     1   166    15   174    15   176 0.97 Glycosyl transferase family 2
#
# Program:         hmmscan
# Version:         3.3.1 (Jul 2020)
# Pipeline mode:   SCAN
# Query file:      /beegfs/home/lxd/2_sea_metagenomics/6.metabat2/bins_redup_refinem_drep/derep_70_10/derepbins_prodigal/KW1-S08_12.proteins.faa
# Target file:     /beegfs/home/lxd/4_salt_metagenomics/tools/CAZy/dbCAN-HMMdb-V8.txt
# Option settings: hmmscan --tblout KW1-S08_12.tbl --domtblout KW1-S08_12_dom.tbl --acc --noali --notextw -E 1e-14 --domE 1e-14 --cpu 30 /beegfs/home/lxd/4_salt_metagenomics/tools/CAZy/dbCAN-HMMdb-V8.txt /beegfs/home/lxd/2_sea_metagenomics/6.metabat2/bins_redup_refinem_drep/derep_70_10/derepbins_prodigal/KW1-S08_12.proteins.faa 
# Current dir:     /beegfs/home/lxd/2_sea_metagenomics/6.metabat2/bins_redup_refinem_drep/derep_70_10/derepbins_cazy
# Date:            Thu Mar  4 12:04:44 2021
# [ok]
