#                                                                            --- full sequence --- -------------- this domain -------------   hmm coord   ali coord   env coord
# target name        accession   tlen query name           accession   qlen   E-value  score  bias   #  of  c-Evalue  i-Evalue  score  bias  from    to  from    to  from    to  acc description of target
#------------------- ---------- ----- -------------------- ---------- ----- --------- ------ ----- --- --- --------- --------- ------ ----- ----- ----- ----- ----- ----- ----- ---- ---------------------
AA7.hmm              -            458 KW1-S15_8_cg1_1      -            405   1.4e-16   56.4   2.6   1   1   4.4e-18   1.4e-15   53.2   2.2    57   194    15   158     5   251 0.84 -
AA4.hmm              -            522 KW1-S15_8_cg1_1      -            405   2.6e-16   54.6   0.1   1   1   2.6e-15   8.2e-13   43.1   0.1    92   245     6   155     1   167 0.81 -
GT28.hmm             -            157 KW1-S15_8_cg4_13     -            383   7.6e-46  151.0   0.2   1   1   1.2e-48   7.6e-46  151.0   0.2     2   155   195   355   194   357 0.95 -
CE11.hmm             -            271 KW1-S15_8_cg4_20     -            317  1.8e-106  350.7   0.0   1   1  3.2e-109  2.1e-106  350.5   0.0     1   270     7   278     7   279 0.98 -
GH23.hmm             -            135 KW1-S15_8_cg18_11    -            188   1.2e-26   89.1   0.2   1   1   2.8e-29   1.8e-26   88.6   0.2     6   119    59   173    56   183 0.91 -
CE4.hmm              -            130 KW1-S15_8_cg45_7     -            289   1.8e-18   62.3   0.0   1   1   4.6e-21     3e-18   61.6   0.0     8   126    18   159    12   163 0.80 -
GT21.hmm                -            233 KW1-S15_8_cg68_3     -            410   3.1e-74  244.7   0.0   1   1   2.8e-76     6e-74  243.7   0.0     2   233    45   275    44   275 0.99 -
GT2_Glyco_tranf_2_3.hmm PF13641.5    230 KW1-S15_8_cg68_3     -            410   4.3e-26   87.5   0.0   1   1   2.9e-28   6.2e-26   87.0   0.0     5   229    47   273    44   274 0.90 Glycosyltransferase like family 2
GT2_Glyco_trans_2_3.hmm PF13632.5    197 KW1-S15_8_cg68_3     -            410   3.9e-22   74.4   1.3   1   1   2.9e-24   6.2e-22   73.8   1.3     1   194   132   323   132   326 0.92 Glycosyl transferase family group 2
GT4.hmm              -            160 KW1-S15_8_cg80_2     -            385     6e-32  105.8   0.0   1   1   1.3e-34   8.6e-32  105.3   0.0    13   159   201   349   193   350 0.93 -
GT4.hmm              -            160 KW1-S15_8_cg98_7     -            410   1.4e-31  104.7   0.0   1   1   7.2e-34   2.3e-31  103.9   0.0     4   151   213   361   210   370 0.95 -
GT5.hmm              -            472 KW1-S15_8_cg98_7     -            410     1e-19   65.8   0.0   1   1   4.4e-22   1.4e-19   65.3   0.0   278   471   206   395   160   396 0.81 -
AA3_2.hmm            -            568 KW1-S15_8_cg107_2    -            541  8.3e-154  508.6   0.0   1   1    9e-156  1.2e-153  508.2   0.0     3   566     4   530     2   532 0.94 -
AA3.hmm              -            618 KW1-S15_8_cg107_2    -            541   1.5e-96  319.4   0.0   1   1   1.5e-98     2e-96  319.0   0.0    90   400     4   532     2   538 0.87 -
AA3_3.hmm            -            590 KW1-S15_8_cg107_2    -            541   2.8e-71  235.9   0.4   1   1   2.2e-57   2.8e-55  183.1   0.0     3   312     4   298     2   304 0.91 -
AA3_1.hmm            -            548 KW1-S15_8_cg107_2    -            541   3.7e-56  186.1   1.2   1   2   5.3e-32   6.8e-30   99.4   0.0    91   320    74   298    63   304 0.83 -
AA3_1.hmm            -            548 KW1-S15_8_cg107_2    -            541   3.7e-56  186.1   1.2   2   2   1.3e-19   1.7e-17   58.5   0.0   407   544   390   529   377   532 0.79 -
AA8.hmm              -            815 KW1-S15_8_cg107_2    -            541   1.4e-42  140.9   3.0   1   2     3e-21   3.9e-19   63.4   0.5   322   549    76   298    68   304 0.80 -
AA8.hmm              -            815 KW1-S15_8_cg107_2    -            541   1.4e-42  140.9   3.0   2   2     1e-18   1.3e-16   55.0   0.0   636   774   390   530   388   539 0.81 -
GT51.hmm             -            177 KW1-S15_8_cg119_2    -            619   2.8e-68  224.2   0.0   1   1   6.3e-71     4e-68  223.7   0.0     1   177    53   229    53   229 0.99 -
CE10.hmm             -            341 KW1-S15_8_cg125_7    -            292   5.6e-20   67.5   0.3   1   1   1.1e-22   7.1e-20   67.2   0.3    48   208    30   191     9   213 0.81 -
AA3_2.hmm            -            568 KW1-S15_8_cg130_6    -            535  4.3e-159  526.1   0.0   1   1  3.9e-161    5e-159  525.9   0.0     2   567     5   532     4   533 0.95 -
AA3.hmm              -            618 KW1-S15_8_cg130_6    -            535  2.6e-101  335.1   0.0   1   1  2.3e-103  2.9e-101  335.0   0.0    87   400     3   533     1   534 0.88 -
AA3_3.hmm            -            590 KW1-S15_8_cg130_6    -            535     5e-84  278.0   0.0   1   2   1.5e-67   1.9e-65  216.6   0.0     2   317     5   305     4   322 0.90 -
AA3_3.hmm            -            590 KW1-S15_8_cg130_6    -            535     5e-84  278.0   0.0   2   2   6.3e-15   8.1e-13   42.8   0.0   522   588   466   533   449   534 0.89 -
AA3_1.hmm            -            548 KW1-S15_8_cg130_6    -            535   3.3e-54  179.6   0.0   1   1   3.8e-56   4.8e-54  179.1   0.0    13   546     2   532     1   534 0.81 -
AA8.hmm              -            815 KW1-S15_8_cg130_6    -            535   6.8e-39  128.7   0.0   1   1   4.5e-40   5.8e-38  125.6   0.0   243   776     3   533     1   534 0.79 -
GT51.hmm             -            177 KW1-S15_8_cg139_7    -            827   5.3e-66  216.8   0.0   1   1   1.5e-68   9.5e-66  215.9   0.0     1   176    55   233    55   234 0.97 -
GT83.hmm             -            540 KW1-S15_8_cg141_6    -            538   4.1e-41  136.4  61.1   1   1   8.3e-44   5.3e-41  136.0  61.1    15   379    52   410    41   460 0.72 -
GT41.hmm             -            705 KW1-S15_8_cg149_3    -            474   1.1e-36  121.9   2.7   1   1   1.6e-17     1e-14   49.3   0.3    58   191    15   138     2   139 0.88 -
GT83.hmm             -            540 KW1-S15_8_cg154_2    -            558   1.5e-93  309.4  65.4   1   1   3.1e-96     2e-93  309.0  65.4     8   502    11   504     6   540 0.78 -
GT2_Glycos_transf_2.hmm PF00535.25   170 KW1-S15_8_cg154_3    -            245   7.4e-26   86.2   0.0   1   1   1.6e-28     1e-25   85.8   0.0     1   166     6   171     6   174 0.89 Glycosyl transferase family 2
CE4.hmm              -            130 KW1-S15_8_cg155_11   -            361   1.9e-30  101.0   0.0   1   1   5.9e-33   3.8e-30  100.1   0.0     5   124   101   227    97   232 0.94 -
GH73.hmm             -            128 KW1-S15_8_cg155_12   -            386   3.6e-16   55.1   0.0   1   1   9.6e-19   6.2e-16   54.4   0.0    12   128   238   367   233   367 0.76 -
GH23.hmm             -            135 KW1-S15_8_cg158_1    -            264     9e-27   89.5   0.1   1   1   2.8e-29   1.8e-26   88.6   0.1    17   122   112   242   102   250 0.91 -
GT81.hmm                -            293 KW1-S15_8_cg160_11   -            325   1.6e-19   65.2   0.0   1   1   6.3e-22     2e-19   64.8   0.0    20   215    18   197     7   242 0.86 -
GT2_Glycos_transf_2.hmm PF00535.25   170 KW1-S15_8_cg160_11   -            325   4.4e-17   57.7   0.0   1   1   1.9e-19     6e-17   57.3   0.0     2   140    23   149    22   178 0.86 Glycosyl transferase family 2
GT4.hmm              -            160 KW1-S15_8_cg165_2    -            353     2e-31  104.1   0.0   1   1   4.9e-34   3.1e-31  103.5   0.0    11   157   176   323   168   326 0.92 -
AA4.hmm              -            522 KW1-S15_8_cg190_4    -            496   8.4e-24   79.3   0.0   1   1   3.5e-20   1.1e-17   59.1   0.0    13   198    13   196     3   252 0.86 -
AA7.hmm              -            458 KW1-S15_8_cg190_4    -            496   2.4e-17   59.0   4.9   1   1   1.5e-19   4.8e-17   58.0   4.9    11   195    48   240    45   300 0.90 -
GT4.hmm              -            160 KW1-S15_8_cg195_10   -            433     3e-30  100.3   0.0   1   1   7.5e-33   4.8e-30   99.7   0.0    10   157   228   380   223   383 0.95 -
AA7.hmm              -            458 KW1-S15_8_cg197_8    -            612   1.3e-17   59.9   0.5   1   1   7.5e-19   2.4e-16   55.7   0.8    13   148    59   197    54   211 0.91 -
AA4.hmm              -            522 KW1-S15_8_cg197_8    -            612   5.7e-17   56.8   0.0   1   1   2.7e-17   8.7e-15   49.6   0.0    53   193    60   199    47   208 0.88 -
GT41.hmm             -            705 KW1-S15_8_cg199_4    -            488   1.5e-34  114.9   1.0   1   1   4.2e-18   2.7e-15   51.2   0.1    53   186    19   142     2   148 0.89 -
GT2_Glycos_transf_2.hmm PF00535.25   170 KW1-S15_8_cg202_2    -            329   3.5e-29   97.1   0.0   1   1   9.5e-32   6.1e-29   96.3   0.0     1   166    10   170    10   173 0.86 Glycosyl transferase family 2
GH3.hmm              -            216 KW1-S15_8_cg222_5    -            347   6.2e-45  148.7   0.0   1   1   1.7e-47   1.1e-44  147.9   0.0    13   215    61   285    52   286 0.89 -
GT4.hmm              -            160 KW1-S15_8_cg230_9    -            330   1.1e-28   95.2   0.0   1   1   5.3e-31   1.7e-28   94.6   0.0    12   153   182   328   177   330 0.97 -
GT5.hmm              -            472 KW1-S15_8_cg230_9    -            330   1.7e-15   51.9   0.0   1   1   6.9e-18   2.2e-15   51.5   0.0   274   436   164   324   133   328 0.85 -
GH109.hmm            -            126 KW1-S15_8_cg239_1    -            410     1e-15   53.5   0.0   1   1   4.8e-18   3.1e-15   52.0   0.0     3   122    12   122    10   125 0.93 -
GT41.hmm             -            705 KW1-S15_8_cg244_3    -            209   4.7e-28   93.4   0.2   1   2   1.7e-17   1.1e-14   49.2   0.1   124   191    55   122     9   123 0.86 -
GT41.hmm             -            705 KW1-S15_8_cg244_3    -            209   4.7e-28   93.4   0.2   2   2   1.7e-16   1.1e-13   45.9   0.0   120   197   118   191   117   202 0.91 -
GH37.hmm             -            491 KW1-S15_8_cg271_4    -            447  4.5e-122  403.7   0.2   1   1  7.9e-125  5.1e-122  403.6   0.2   113   489     1   424     1   426 0.94 -
GT19.hmm             -            354 KW1-S15_8_cg292_7    -            409  1.1e-112  371.4   0.0   1   1    2e-115  1.3e-112  371.2   0.0     1   351    18   377    18   380 0.96 -
GT2_Glycos_transf_2.hmm PF00535.25   170 KW1-S15_8_cg294_1    -            361   2.3e-22   74.9   0.1   1   1   5.4e-25   3.4e-22   74.3   0.1     4   129    52   177    49   213 0.88 Glycosyl transferase family 2
GH103.hmm            -            295 KW1-S15_8_cg312_3    -            343  4.8e-114  375.7   0.0   1   1  8.6e-117  5.5e-114  375.5   0.0     1   294    31   339    31   340 0.97 -
GT41.hmm             -            705 KW1-S15_8_cg333_1    -            593     9e-99  327.1   0.0   1   1   8.9e-94   5.7e-91  301.3   0.0   124   450   143   591   141   593 0.93 -
GT4.hmm              -            160 KW1-S15_8_cg338_4    -            346   1.8e-31  104.3   0.0   1   1   9.3e-34     3e-31  103.6   0.0     6   154   168   310   164   316 0.96 -
GT5.hmm              -            472 KW1-S15_8_cg338_4    -            346   2.2e-16   54.8   0.0   1   1   9.9e-19   3.2e-16   54.3   0.0   284   450   165   316   146   341 0.80 -
GH23.hmm             -            135 KW1-S15_8_cg346_2    -            624   6.1e-23   77.1   0.1   1   1   9.5e-26   6.1e-23   77.1   0.1    17   120   455   582   448   590 0.92 -
GT2_Glycos_transf_2.hmm PF00535.25   170 KW1-S15_8_cg346_5    -            243   1.6e-16   55.8   0.0   1   1   5.5e-19   3.5e-16   54.8   0.0     1   118    11   129    11   150 0.90 Glycosyl transferase family 2
GT41.hmm             -            705 KW1-S15_8_cg356_6    -            557   2.8e-36  120.6   2.0   1   1   4.4e-17   2.8e-14   47.8   0.1   123   191   180   248   179   306 0.80 -
GH102.hmm            -            157 KW1-S15_8_cg367_15   -            409   1.9e-58  192.2   0.0   1   1     4e-61   2.6e-58  191.8   0.0     1   157   146   302   146   302 0.99 -
GH130.hmm            -            296 KW1-S15_8_cg374_1    -            310     2e-99  327.5   0.0   1   1  3.7e-102   2.3e-99  327.3   0.0     2   295     5   301     4   302 0.98 -
GT83.hmm             -            540 KW1-S15_8_cg387_1    -            370   6.9e-26   86.1  44.4   1   1   1.3e-28   8.4e-26   85.8  44.4     7   329    22   334    17   365 0.79 -
GT41.hmm             -            705 KW1-S15_8_cg388_4    -            254   2.9e-28   94.1   0.3   1   2   1.5e-17   9.3e-15   49.4   0.0   122   191    98   167    45   168 0.85 -
GT41.hmm             -            705 KW1-S15_8_cg388_4    -            254   2.9e-28   94.1   0.3   2   2   5.5e-16   3.5e-13   44.2   0.0   123   197   167   236   166   247 0.91 -
GT4.hmm              -            160 KW1-S15_8_cg394_2    -            387   1.1e-28   95.2   0.0   1   1   5.1e-31   1.6e-28   94.7   0.0     6   151   198   342   193   351 0.94 -
GT5.hmm              -            472 KW1-S15_8_cg394_2    -            387   8.6e-17   56.2   0.0   1   1   3.3e-19     1e-16   55.9   0.0   254   471   165   376   128   377 0.84 -
#
# Program:         hmmscan
# Version:         3.3.1 (Jul 2020)
# Pipeline mode:   SCAN
# Query file:      /beegfs/home/lxd/2_sea_metagenomics/6.metabat2/bins_redup_refinem_drep/derep_70_10/derepbins_prodigal/KW1-S15_8.proteins.faa
# Target file:     /beegfs/home/lxd/4_salt_metagenomics/tools/CAZy/dbCAN-HMMdb-V8.txt
# Option settings: hmmscan --tblout KW1-S15_8.tbl --domtblout KW1-S15_8_dom.tbl --acc --noali --notextw -E 1e-14 --domE 1e-14 --cpu 30 /beegfs/home/lxd/4_salt_metagenomics/tools/CAZy/dbCAN-HMMdb-V8.txt /beegfs/home/lxd/2_sea_metagenomics/6.metabat2/bins_redup_refinem_drep/derep_70_10/derepbins_prodigal/KW1-S15_8.proteins.faa 
# Current dir:     /beegfs/home/lxd/2_sea_metagenomics/6.metabat2/bins_redup_refinem_drep/derep_70_10/derepbins_cazy
# Date:            Thu Mar  4 17:42:48 2021
# [ok]
