#                                                                            --- full sequence --- -------------- this domain -------------   hmm coord   ali coord   env coord
# target name        accession   tlen query name           accession   qlen   E-value  score  bias   #  of  c-Evalue  i-Evalue  score  bias  from    to  from    to  from    to  acc description of target
#------------------- ---------- ----- -------------------- ---------- ----- --------- ------ ----- --- --- --------- --------- ------ ----- ----- ----- ----- ----- ----- ----- ---- ---------------------
GT41.hmm             -            705 KW1-S11_15_cg2_11    -            586   1.3e-44  148.1  13.4   1   2   6.5e-21   4.1e-18   60.5   2.0    63   191    12   130     3   131 0.93 -
GT41.hmm             -            705 KW1-S11_15_cg2_11    -            586   1.3e-44  148.1  13.4   2   2   1.8e-16   1.2e-13   45.8   0.5    80   191    97   198    97   199 0.95 -
GH23.hmm             -            135 KW1-S11_15_cg3_4     -            223   1.3e-21   72.8   2.8   1   1   2.9e-24   1.8e-21   72.3   2.8     6   124    79   210    55   217 0.92 -
GT9.hmm              -            225 KW1-S11_15_cg23_2    -            347   4.2e-59  195.5   0.0   1   1   9.3e-62   5.9e-59  195.0   0.0     3   221    79   321    78   324 0.90 -
GT51.hmm             -            177 KW1-S11_15_cg23_4    -            792   3.4e-61  201.1   0.0   1   1   9.9e-64   6.4e-61  200.2   0.0     2   176    40   213    39   214 0.98 -
GT9.hmm              -            225 KW1-S11_15_cg26_10   -            342   5.4e-46  152.6   0.2   1   1   1.2e-48   7.4e-46  152.1   0.2     3   211    70   305    68   320 0.83 -
CE4.hmm              -            130 KW1-S11_15_cg34_5    -            300   1.2e-16   56.4   0.0   1   1   4.8e-19   3.1e-16   55.1   0.0    24   126    81   184    65   188 0.84 -
GT2_Glycos_transf_2.hmm PF00535.25   170 KW1-S11_15_cg49_2    -            226   3.2e-16   54.9   0.0   1   1   7.6e-19   4.9e-16   54.3   0.0     1   115     4   105     4   147 0.84 Glycosyl transferase family 2
GT4.hmm              -            160 KW1-S11_15_cg54_2    -            378   7.3e-30   99.1   0.0   1   1   1.7e-32   1.1e-29   98.5   0.0    12   159   197   348   188   349 0.94 -
GT4.hmm              -            160 KW1-S11_15_cg55_3    -            412   1.7e-31  104.4   0.0   1   1   3.9e-34   2.5e-31  103.8   0.0     6   159   220   378   217   379 0.95 -
GT1.hmm              -            382 KW1-S11_15_cg55_4    -            390   2.2e-22   75.8  25.5   1   1   9.9e-25   3.2e-22   75.3  25.5    31   381     9   379     3   386 0.92 -
GT28.hmm             -            157 KW1-S11_15_cg55_4    -            390   1.9e-15   52.3   0.0   1   1   2.1e-17   6.7e-15   50.5   0.0     2   140   213   357   212   374 0.80 -
GT19.hmm             -            354 KW1-S11_15_cg61_2    -            400  1.6e-108  357.8   0.0   1   1  2.9e-111  1.8e-108  357.6   0.0     2   352     4   357     3   359 0.98 -
GH23.hmm             -            135 KW1-S11_15_cg96_7    -            856   1.4e-17   59.8   0.0   1   1   1.5e-19   4.7e-17   58.1   0.0     8   104   361   459   355   502 0.83 -
GH102.hmm            -            157 KW1-S11_15_cg100_1   -            207   6.5e-32  106.0   0.0   1   1   1.4e-34   8.8e-32  105.6   0.0    74   157     3    86     1    86 0.98 -
GT20.hmm             -            475 KW1-S11_15_cg102_5   -            505  1.1e-171  566.8   0.0   1   1  2.2e-174  1.4e-171  566.4   0.0    12   472    11   475     2   475 0.95 -
CE10.hmm             -            341 KW1-S11_15_cg110_5   -            344   2.4e-33  111.4   0.2   1   1   4.8e-36   3.1e-33  111.1   0.2    32   309    61   315    29   337 0.82 -
GT9.hmm              -            225 KW1-S11_15_cg141_4   -            249   4.8e-53  175.6   2.8   1   1   8.9e-56   5.7e-53  175.4   2.8    24   221     2   222     1   226 0.84 -
GT28.hmm             -            157 KW1-S11_15_cg148_1   -            312   8.3e-34  111.9   0.2   1   1   1.9e-36   1.2e-33  111.3   0.2     2   117   190   311   189   312 0.95 -
AA4.hmm              -            522 KW1-S11_15_cg155_5   -            496   2.1e-31  104.4   0.0   1   1   4.5e-29   1.4e-26   88.4   0.1    14   248    14   238     3   253 0.83 -
AA7.hmm              -            458 KW1-S11_15_cg155_5   -            496   7.6e-16   54.0   2.4   1   1   3.9e-18   1.3e-15   53.3   2.4    12   194    49   238    45   253 0.88 -
AA4.hmm              -            522 KW1-S11_15_cg166_7   -            479   2.6e-29   97.5   0.5   1   1   1.4e-27   4.5e-25   83.5   0.9    10   247     4   233     1   249 0.85 -
AA7.hmm              -            458 KW1-S11_15_cg166_7   -            479   8.1e-20   67.1   5.7   1   1     8e-22   2.5e-19   65.5   5.7    17   198    48   238    43   249 0.83 -
GT41.hmm             -            705 KW1-S11_15_cg192_17  -            270   6.4e-45  149.1  11.2   1   3   4.8e-20   3.1e-17   57.6   0.4    81   191    74   174    72   175 0.95 -
GT41.hmm             -            705 KW1-S11_15_cg192_17  -            270   6.4e-45  149.1  11.2   2   3   1.4e-17   9.2e-15   49.4   0.1   120   191   136   208   133   208 0.94 -
GT41.hmm             -            705 KW1-S11_15_cg192_17  -            270   6.4e-45  149.1  11.2   3   3   4.9e-15   3.1e-12   41.1   0.0   122   191   173   242   171   256 0.93 -
GH103.hmm            -            295 KW1-S11_15_cg199_6   -            338   1.5e-46  154.1   0.1   1   1   2.9e-48   1.8e-45  150.5   0.0     8   205    43   266    37   273 0.90 -
GH23.hmm             -            135 KW1-S11_15_cg203_3   -            742   2.4e-26   88.1   0.1   1   1   3.8e-29   2.4e-26   88.1   0.1    14   122   584   711   572   718 0.88 -
GH15.hmm             -            361 KW1-S11_15_cg223_2   -            605   1.1e-76  253.7   0.1   1   1   2.1e-79   1.4e-76  253.3   0.1     2   360   225   590   224   591 0.88 -
GH15.hmm             -            361 KW1-S11_15_cg260_3   -            608   5.2e-86  284.3   0.3   1   1     1e-88   6.6e-86  284.0   0.3     2   360   225   594   224   595 0.86 -
GH84.hmm             -            295 KW1-S11_15_cg276_1   -            374   2.3e-59  196.3   0.0   1   1   4.3e-62   2.8e-59  196.0   0.0     2   290    12   315    11   322 0.97 -
GT2_Glycos_transf_2.hmm PF00535.25   170 KW1-S11_15_cg282_9   -            495   3.5e-17   58.0   0.0   1   1   1.3e-19   8.4e-17   56.8   0.0     2   167    92   271    91   273 0.91 Glycosyl transferase family 2
GT41.hmm             -            705 KW1-S11_15_cg296_6   -            293   5.9e-29   96.3   5.2   1   1   1.2e-15   7.6e-13   43.1   0.1    79   206    25   158     6   159 0.87 -
GT4.hmm              -            160 KW1-S11_15_cg341_3   -            418   5.7e-30   99.4   0.0   1   1   2.8e-32   9.1e-30   98.7   0.0    12   157   233   375   231   378 0.93 -
GT5.hmm              -            472 KW1-S11_15_cg341_3   -            418   1.2e-19   65.6   0.0   1   1   2.3e-18   7.2e-16   53.1   0.0   295   471   233   402   228   403 0.87 -
GT4.hmm              -            160 KW1-S11_15_cg341_4   -            415   7.6e-33  108.8   0.0   1   1   3.5e-35   1.1e-32  108.2   0.0     6   158   229   379   227   381 0.93 -
GT5.hmm              -            472 KW1-S11_15_cg341_4   -            415   1.5e-17   58.7   0.0   1   1   1.3e-16     4e-14   47.4   0.0   292   471   232   405   188   406 0.84 -
GT51.hmm             -            177 KW1-S11_15_cg366_2   -            747   1.1e-57  189.6   0.0   1   1   2.8e-60   1.8e-57  189.0   0.0     2   165    56   220    55   245 0.93 -
GH23.hmm             -            135 KW1-S11_15_cg391_4   -            542   5.5e-29   96.7   2.0   1   1   3.6e-31   1.1e-28   95.7   2.0    11   125   184   316   174   323 0.90 -
GT41.hmm             -            705 KW1-S11_15_cg426_1   -            219   1.5e-20   68.6   5.8   1   1   3.2e-15   2.1e-12   41.7   2.6   116   191    64   140    12   141 0.83 -
GT41.hmm             -            705 KW1-S11_15_cg429_2   -            575   2.9e-76  252.7  10.4   1   2   2.7e-19   1.7e-16   55.2   0.1    81   191   119   221   116   223 0.95 -
GT41.hmm             -            705 KW1-S11_15_cg429_2   -            575   2.9e-76  252.7  10.4   2   2     4e-18   2.5e-15   51.3   0.0   123   191   289   357   288   362 0.97 -
GH109.hmm            -            126 KW1-S11_15_cg446_3   -            317   1.7e-16   56.1   0.4   1   1   3.3e-17   2.1e-14   49.3   0.4     1   119     5   111     5   117 0.90 -
GT9.hmm              -            225 KW1-S11_15_cg459_3   -            375   8.1e-35  116.0   0.0   1   1   1.6e-37   1.1e-34  115.7   0.0     2   219    90   338    89   344 0.77 -
CE4.hmm              -            130 KW1-S11_15_cg515_3   -            299   5.1e-19   64.1   0.1   1   1   1.5e-21   9.7e-19   63.2   0.1    19   126    73   181    62   184 0.82 -
#
# Program:         hmmscan
# Version:         3.3.1 (Jul 2020)
# Pipeline mode:   SCAN
# Query file:      /beegfs/home/lxd/2_sea_metagenomics/6.metabat2/bins_redup_refinem_drep/derep_70_10/derepbins_prodigal/KW1-S11_15.proteins.faa
# Target file:     /beegfs/home/lxd/4_salt_metagenomics/tools/CAZy/dbCAN-HMMdb-V8.txt
# Option settings: hmmscan --tblout KW1-S11_15.tbl --domtblout KW1-S11_15_dom.tbl --acc --noali --notextw -E 1e-14 --domE 1e-14 --cpu 30 /beegfs/home/lxd/4_salt_metagenomics/tools/CAZy/dbCAN-HMMdb-V8.txt /beegfs/home/lxd/2_sea_metagenomics/6.metabat2/bins_redup_refinem_drep/derep_70_10/derepbins_prodigal/KW1-S11_15.proteins.faa 
# Current dir:     /beegfs/home/lxd/2_sea_metagenomics/6.metabat2/bins_redup_refinem_drep/derep_70_10/derepbins_cazy
# Date:            Thu Mar  4 14:33:50 2021
# [ok]
