#                                                                            --- full sequence --- -------------- this domain -------------   hmm coord   ali coord   env coord
# target name        accession   tlen query name           accession   qlen   E-value  score  bias   #  of  c-Evalue  i-Evalue  score  bias  from    to  from    to  from    to  acc description of target
#------------------- ---------- ----- -------------------- ---------- ----- --------- ------ ----- --- --- --------- --------- ------ ----- ----- ----- ----- ----- ----- ----- ---- ---------------------
GT2_Glycos_transf_2.hmm PF00535.25   170 KW1-S08_89_cg14_3    -            257   2.8e-25   84.4   0.0   1   1   4.7e-27   1.5e-24   82.0   0.0     2   126    12   139    11   181 0.92 Glycosyl transferase family 2
GT2_Glyco_tranf_2_3.hmm PF13641.5    230 KW1-S08_89_cg14_3    -            257   3.4e-15   51.8   0.0   1   1   1.2e-17   3.9e-15   51.6   0.0     3   230     9   245     6   245 0.86 Glycosyltransferase like family 2
GT9.hmm              -            225 KW1-S08_89_cg20_5    -            337   2.2e-58  193.1   0.5   1   1   4.4e-61   2.8e-58  192.8   0.5     2   221    76   320    75   324 0.88 -
AA1.hmm              -            943 KW1-S08_89_cg54_4    -            558   4.6e-34  113.1   9.2   1   1   3.1e-36   6.5e-34  112.6   9.2   459   692   187   472   186   481 0.79 -
AA1_3.hmm            -            312 KW1-S08_89_cg54_4    -            558   2.1e-23   78.2   0.8   1   1   8.2e-25   1.8e-22   75.2   0.8    41   273   187   457   175   483 0.73 -
AA1_2.hmm            -            337 KW1-S08_89_cg54_4    -            558   4.4e-23   77.1   1.4   1   1   3.4e-24   7.3e-22   73.1   1.4    12   230   188   446   185   466 0.74 -
CE11.hmm             -            271 KW1-S08_89_cg55_12   -            305  1.8e-113  373.6   0.0   1   1  3.2e-116  2.1e-113  373.4   0.0     1   270     5   276     5   277 0.99 -
GT51.hmm             -            177 KW1-S08_89_cg66_1    -            641   3.3e-59  194.6   0.0   1   1   1.1e-61   7.2e-59  193.5   0.0     1   176    59   234    59   235 0.98 -
CE1.hmm              -            227 KW1-S08_89_cg68_4    -            315   4.1e-23   77.6   0.0   1   1   8.1e-26   5.2e-23   77.3   0.0     8   143    37   196    33   285 0.78 -
CE10.hmm             -            341 KW1-S08_89_cg73_1    -            274   7.2e-17   57.3   0.3   1   1   1.4e-19   8.9e-17   57.0   0.3    81   284    41   272    16   273 0.75 -
AA3.hmm              -            618 KW1-S08_89_cg75_1    -            366   1.1e-26   88.7   0.0   1   1   2.1e-29   1.3e-26   88.4   0.0    89   308    15   332     7   359 0.67 -
AA4.hmm              -            522 KW1-S08_89_cg84_3    -            465   7.3e-24   79.5   1.1   1   1     6e-22   3.8e-19   63.9   0.2    15   260     2   237     1   264 0.86 -
GT4.hmm              -            160 KW1-S08_89_cg85_2    -            422   1.2e-37  124.4   0.0   1   1     4e-40   2.5e-37  123.3   0.0    12   160   192   343   188   343 0.95 -
GT19.hmm             -            354 KW1-S08_89_cg88_3    -            191     5e-40  132.5   0.0   1   1   8.9e-43   5.7e-40  132.3   0.0   200   353     3   160     1   161 0.95 -
CE1.hmm              -            227 KW1-S08_89_cg100_3   -            303   2.5e-17   58.6   0.0   1   1   5.2e-20   3.3e-17   58.3   0.0     1   193    14   229    14   282 0.64 -
CE10.hmm             -            341 KW1-S08_89_cg102_5   -            297   5.8e-56  185.8   0.5   1   1     1e-58   6.6e-56  185.6   0.5    81   336    55   294    20   296 0.84 -
GH103.hmm            -            295 KW1-S08_89_cg104_1   -            334  2.4e-104  343.8   0.5   1   1  4.5e-107  2.9e-104  343.6   0.5     6   294    30   322    26   323 0.94 -
GT30.hmm             -            177 KW1-S08_89_cg127_1   -            111   2.8e-23   77.6   0.0   1   1   5.1e-26   3.3e-23   77.4   0.0     2    75    34   110    33   111 0.94 -
GT4.hmm              -            160 KW1-S08_89_cg127_7   -            353   2.7e-28   94.0   0.0   1   1   1.1e-30   3.6e-28   93.5   0.0     5   157   181   326   177   330 0.94 -
GT5.hmm              -            472 KW1-S08_89_cg127_7   -            353   5.1e-15   50.3   0.0   1   1     2e-17   6.4e-15   50.0   0.0   229   466   123   348   109   352 0.82 -
CE1.hmm              -            227 KW1-S08_89_cg138_1   -            199   1.6e-26   88.8   0.1   1   1     3e-29   1.9e-26   88.5   0.1     8   141    33   180    29   198 0.79 -
CE10.hmm             -            341 KW1-S08_89_cg138_3   -            314   1.7e-62  207.3   0.1   1   1     3e-65   1.9e-62  207.1   0.1    63   330    47   305    25   313 0.84 -
GT83.hmm             -            540 KW1-S08_89_cg141_2   -            540   4.4e-19   63.7  42.8   1   1   9.1e-22   5.8e-19   63.3  42.8    13   360    23   385    16   438 0.69 -
GT19.hmm             -            354 KW1-S08_89_cg148_12  -            280   1.1e-84  279.4   0.0   1   1   1.9e-87   1.2e-84  279.2   0.0     1   268     5   280     5   280 0.96 -
CE1.hmm              -            227 KW1-S08_89_cg154_2   -            363     3e-15   51.9   0.0   1   1   9.7e-18   6.2e-15   50.8   0.0    10   210   170   349   163   354 0.79 -
GH103.hmm            -            295 KW1-S08_89_cg161_2   -            406    2e-115  380.2   0.0   1   1  3.6e-118  2.3e-115  380.0   0.0     1   295    28   322    28   322 0.99 -
GH73.hmm             -            128 KW1-S08_89_cg161_3   -            313   1.4e-18   62.9   0.0   1   1   3.6e-21   2.3e-18   62.2   0.0    10   127   161   287   150   288 0.79 -
AA12.hmm             -            401 KW1-S08_89_cg165_3   -            372   1.8e-18   61.6   0.0   1   1   1.1e-18   7.2e-16   53.0   0.0    12   338    36   317    29   329 0.80 -
GT2_Glycos_transf_2.hmm PF00535.25   170 KW1-S08_89_cg183_3   -            228   2.7e-16   55.1   0.0   1   1   5.9e-19   3.8e-16   54.7   0.0     1   101     5   101     5   136 0.91 Glycosyl transferase family 2
AA1.hmm              -            943 KW1-S08_89_cg216_6   -            436   9.9e-47  155.0  22.5   1   2   1.7e-34   2.8e-32  107.2   6.8   451   558    84   195    44   221 0.81 -
AA1.hmm              -            943 KW1-S08_89_cg216_6   -            436   9.9e-47  155.0  22.5   2   2   1.3e-18   2.1e-16   54.6   7.0   452   541   221   318   214   322 0.83 -
AA1_3.hmm            -            312 KW1-S08_89_cg216_6   -            436   9.3e-26   86.0   3.0   1   1   5.8e-28   9.3e-26   86.0   3.0    13   143    63   193    54   210 0.82 -
AA1_2.hmm            -            337 KW1-S08_89_cg216_6   -            436   3.7e-25   83.9   3.9   1   1   2.6e-25   4.2e-23   77.2   1.9     6   122    87   202    83   209 0.92 -
AA1_1.hmm            -            303 KW1-S08_89_cg216_6   -            436   1.4e-15   52.4   0.1   1   1   1.7e-17   2.7e-15   51.5   0.1    13   115    88   184    79   197 0.89 -
AA2.hmm              -            255 KW1-S08_89_cg227_6   -            237   7.9e-15   50.3   0.0   1   1     2e-17   1.3e-14   49.6   0.0    14   117    81   185    63   201 0.85 -
CE10.hmm             -            341 KW1-S08_89_cg230_6   -            675   1.2e-22   76.2   0.2   1   1   2.7e-25   1.8e-22   75.7   0.2    73   316   424   656   406   672 0.83 -
AA6.hmm              -            195 KW1-S08_89_cg253_9   -            199   1.4e-62  205.9   0.0   1   1   2.4e-65   1.6e-62  205.8   0.0     2   195     5   195     4   195 0.95 -
GH23.hmm             -            135 KW1-S08_89_cg253_13  -            204   8.4e-18   60.5   0.1   1   1   2.1e-20   1.3e-17   59.8   0.1    10   121    74   173    65   188 0.82 -
GH23.hmm             -            135 KW1-S08_89_cg264_4   -            630     6e-27   90.1   0.0   1   1   9.3e-30     6e-27   90.1   0.0    17   121   483   607   472   614 0.93 -
CBM44.hmm            -             64 KW1-S08_89_cg281_1   -            493   1.8e-15   52.2   0.5   1   1   8.1e-18   5.2e-15   50.7   0.5     6    63    64   122    63   123 0.91 -
CE10.hmm             -            341 KW1-S08_89_cg300_1   -            304   1.4e-67  224.0   0.2   1   1   2.6e-70   1.7e-67  223.7   0.2    65   339    43   302    20   303 0.85 -
CE1.hmm              -            227 KW1-S08_89_cg300_3   -            189   2.7e-21   71.6   0.0   1   1   4.8e-24   3.1e-21   71.5   0.0    59   211     4   172     1   185 0.76 -
CE14.hmm             -            124 KW1-S08_89_cg307_5   -            258     1e-20   70.0   0.2   1   1   2.6e-23   1.7e-20   69.3   0.2     1   124     8   117     8   117 0.94 -
CE10.hmm             -            341 KW1-S08_89_cg316_4   -            291   6.9e-32  106.7   3.4   1   1   1.4e-34   8.8e-32  106.3   3.4    93   332    51   287    14   289 0.85 -
CE10.hmm             -            341 KW1-S08_89_cg322_3   -            363   1.5e-18   62.8   0.1   1   1   3.4e-21   2.2e-18   62.3   0.1   141   193    11    67     6   149 0.80 -
GT51.hmm             -            177 KW1-S08_89_cg346_10  -            828   1.5e-58  192.5   0.0   1   1   3.6e-61   2.3e-58  191.9   0.0     2   176    52   226    51   227 0.98 -
AA4.hmm              -            522 KW1-S08_89_cg353_9   -            455   1.3e-21   72.1   0.1   1   1   1.9e-21   1.2e-18   62.3   0.0    41   201    22   182     2   196 0.88 -
GT28.hmm             -            157 KW1-S08_89_cg357_5   -            353   2.5e-38  126.6   0.2   1   1   1.2e-40   3.8e-38  126.0   0.2     2   144   188   326   187   338 0.91 -
GT1.hmm              -            382 KW1-S08_89_cg357_5   -            353   8.7e-19   64.0   1.6   1   1   5.4e-21   1.7e-18   63.0   0.4   162   381    59   351    46   352 0.87 -
GT4.hmm              -            160 KW1-S08_89_cg364_2   -            422     1e-22   75.8   0.0   1   1   4.1e-25   2.6e-22   74.5   0.0    12   159   250   389   244   390 0.90 -
GH32.hmm             -            293 KW1-S08_89_cg369_1   -            507   2.5e-54  180.2   0.6   1   1   5.4e-57   3.5e-54  179.8   0.6     1   289   148   426   148   430 0.84 -
GT41.hmm             -            705 KW1-S08_89_cg395_4   -            230   1.4e-16   55.5   0.0   1   1   2.5e-19   1.6e-16   55.2   0.0    48   188    74   205    28   217 0.85 -
CE1.hmm              -            227 KW1-S08_89_cg396_2   -            283   3.9e-19   64.6   0.0   1   1   7.5e-22   4.8e-19   64.3   0.0     1   208    38   264    38   274 0.76 -
GH103.hmm            -            295 KW1-S08_89_cg405_13  -            111   3.8e-20   67.4   0.0   1   1   6.6e-23   4.2e-20   67.3   0.0   199   294     1    99     1   100 0.86 -
CE3.hmm              -            194 KW1-S08_89_cg408_11  -            212   8.8e-15   50.4   0.0   1   1   1.2e-16   7.4e-14   47.4   0.0     2   191    29   201    28   203 0.86 -
CE11.hmm             -            271 KW1-S08_89_cg420_2   -            303  1.2e-105  347.9   0.0   1   1  2.2e-108  1.4e-105  347.7   0.0     1   270     4   274     4   275 0.99 -
CE10.hmm             -            341 KW1-S08_89_cg432_3   -            316   4.1e-49  163.3   2.3   1   1   8.3e-52   5.3e-49  162.9   2.3    33   309    31   285     8   311 0.80 -
GT4.hmm              -            160 KW1-S08_89_cg454_3   -            333   7.6e-22   73.0   0.0   1   1   3.3e-24   2.1e-21   71.6   0.0    10   134   167   278   165   291 0.87 -
AA3_2.hmm            -            568 KW1-S08_89_cg454_5   -            531    1e-157  521.6   0.0   1   1  9.7e-160  1.2e-157  521.3   0.0     3   565     4   523     2   526 0.93 -
AA3.hmm              -            618 KW1-S08_89_cg454_5   -            531  5.2e-106  350.7   0.0   1   1  4.5e-108  5.8e-106  350.5   0.0    90   402     4   528     1   530 0.88 -
AA3_3.hmm            -            590 KW1-S08_89_cg454_5   -            531   8.4e-85  280.5   0.0   1   2   2.3e-65   2.9e-63  209.4   0.0     3   330     4   313     2   334 0.91 -
AA3_3.hmm            -            590 KW1-S08_89_cg454_5   -            531   8.4e-85  280.5   0.0   2   2   6.5e-20   8.3e-18   59.3   0.0   507   586   451   524   434   528 0.89 -
AA3_1.hmm            -            548 KW1-S08_89_cg454_5   -            531   1.7e-54  180.6   0.0   1   1   2.2e-56   2.9e-54  179.8   0.0    16   546     3   525     1   527 0.77 -
AA8.hmm              -            815 KW1-S08_89_cg454_5   -            531   1.4e-45  150.8   0.0   1   1   2.5e-47   3.2e-45  149.6   0.0   245   779     3   529     1   530 0.77 -
GH3.hmm              -            216 KW1-S08_89_cg478_1   -            804   4.5e-68  224.3   0.0   1   1   1.1e-70   6.8e-68  223.7   0.0     4   216    25   244    22   244 0.97 -
CE10.hmm             -            341 KW1-S08_89_cg488_5   -            312   5.1e-64  212.3   0.3   1   1   9.7e-67   6.2e-64  212.0   0.3    39   328    18   300     3   308 0.81 -
GT4.hmm              -            160 KW1-S08_89_cg494_18  -            433   3.3e-33  109.9   0.0   1   1   1.9e-35     6e-33  109.1   0.0    19   157   265   401   252   404 0.96 -
GT5.hmm              -            472 KW1-S08_89_cg494_18  -            433   8.9e-24   79.2   0.0   1   1   3.4e-23   1.1e-20   69.0   0.0   205   470   205   427    38   429 0.64 -
CE4.hmm              -            130 KW1-S08_89_cg502_2   -            295   8.3e-19   63.4   0.0   1   1   2.5e-21   1.6e-18   62.4   0.0    24   127    43   148    30   151 0.91 -
CE10.hmm             -            341 KW1-S08_89_cg507_1   -            471   6.3e-19   64.0   0.4   1   1   1.5e-21   9.9e-19   63.4   0.4    79   314   233   453   210   468 0.82 -
AA6.hmm              -            195 KW1-S08_89_cg538_5   -            157   3.5e-16   54.5   0.0   1   1   1.5e-18   9.8e-16   53.1   0.0     2   124     7   112     6   117 0.85 -
AA3.hmm              -            618 KW1-S08_89_cg540_17  -            263     1e-22   75.5   0.0   1   1   1.6e-25     1e-22   75.5   0.0   284   402    81   259    19   262 0.76 -
GH23.hmm             -            135 KW1-S08_89_cg543_1   -            227   2.4e-28   94.6   0.1   1   1   5.7e-31   3.6e-28   94.0   0.1    16   124    25   134     9   144 0.88 -
GH78.hmm             -            504 KW1-S08_89_cg589_7   -            871   1.5e-84  279.7   0.0   1   1   6.6e-87   2.1e-84  279.2   0.0     8   503   337   833   332   834 0.92 -
CBM67.hmm            -            176 KW1-S08_89_cg589_7   -            871   2.7e-38  126.7   0.1   1   1   2.6e-40   8.4e-38  125.1   0.0     1   165   121   296   121   304 0.95 -
AA3.hmm              -            618 KW1-S08_89_cg595_7   -            540   5.7e-52  172.2   0.0   1   1   4.5e-54   7.2e-52  171.8   0.0    84   400     7   533     2   536 0.79 -
AA3_2.hmm            -            568 KW1-S08_89_cg595_7   -            540   1.5e-29   98.4   0.0   1   2   4.5e-17   7.2e-15   49.9   0.0     4   321    14   324    12   332 0.80 -
AA3_2.hmm            -            568 KW1-S08_89_cg595_7   -            540   1.5e-29   98.4   0.0   2   2   1.6e-15   2.6e-13   44.8   0.4   500   567   465   532   446   533 0.95 -
GT41.hmm             -            705 KW1-S08_89_cg600_7   -            236   4.3e-15   50.5   0.0   1   1   7.8e-18     5e-15   50.3   0.0    54   188    85   210    39   218 0.87 -
CBM9.hmm             -            182 KW1-S08_89_cg602_18  -            811   5.6e-21   70.8   0.1   1   1   1.6e-23   1.1e-20   69.9   0.1     2   165   122   300   121   316 0.83 -
GT4.hmm              -            160 KW1-S08_89_cg607_2   -            382   3.7e-38  126.0   0.0   1   1   3.6e-40   2.3e-37  123.4   0.0     7   156   198   347   193   351 0.96 -
AA3_2.hmm            -            568 KW1-S08_89_cg609_1   -            544  9.3e-147  485.4   0.0   1   1  8.7e-149  1.1e-146  485.1   0.0     2   568    10   543     9   543 0.92 -
AA3.hmm              -            618 KW1-S08_89_cg609_1   -            544   1.3e-97  323.0   0.0   1   1   1.1e-99   1.4e-97  322.8   0.0    83   400     4   543     1   544 0.86 -
AA3_3.hmm            -            590 KW1-S08_89_cg609_1   -            544     1e-72  240.6   0.0   1   2   1.5e-55     2e-53  176.9   0.0     2   315    10   309     9   354 0.87 -
AA3_3.hmm            -            590 KW1-S08_89_cg609_1   -            544     1e-72  240.6   0.0   2   2   8.7e-20   1.1e-17   58.9   0.1   510   588   466   543   455   544 0.92 -
AA3_1.hmm            -            548 KW1-S08_89_cg609_1   -            544   8.8e-60  198.0   0.0   1   1     3e-60   3.9e-58  192.6   0.0    12   546     6   542     1   544 0.79 -
AA8.hmm              -            815 KW1-S08_89_cg609_1   -            544     9e-49  161.4   0.0   1   1     3e-39   3.8e-37  122.9   0.0   327   774    89   541    81   544 0.81 -
#
# Program:         hmmscan
# Version:         3.3.1 (Jul 2020)
# Pipeline mode:   SCAN
# Query file:      /beegfs/home/lxd/2_sea_metagenomics/6.metabat2/bins_redup_refinem_drep/derep_70_10/derepbins_prodigal/KW1-S08_89.proteins.faa
# Target file:     /beegfs/home/lxd/4_salt_metagenomics/tools/CAZy/dbCAN-HMMdb-V8.txt
# Option settings: hmmscan --tblout KW1-S08_89.tbl --domtblout KW1-S08_89_dom.tbl --acc --noali --notextw -E 1e-14 --domE 1e-14 --cpu 30 /beegfs/home/lxd/4_salt_metagenomics/tools/CAZy/dbCAN-HMMdb-V8.txt /beegfs/home/lxd/2_sea_metagenomics/6.metabat2/bins_redup_refinem_drep/derep_70_10/derepbins_prodigal/KW1-S08_89.proteins.faa 
# Current dir:     /beegfs/home/lxd/2_sea_metagenomics/6.metabat2/bins_redup_refinem_drep/derep_70_10/derepbins_cazy
# Date:            Thu Mar  4 14:01:57 2021
# [ok]
