#                                                                            --- full sequence --- -------------- this domain -------------   hmm coord   ali coord   env coord
# target name        accession   tlen query name           accession   qlen   E-value  score  bias   #  of  c-Evalue  i-Evalue  score  bias  from    to  from    to  from    to  acc description of target
#------------------- ---------- ----- -------------------- ---------- ----- --------- ------ ----- --- --- --------- --------- ------ ----- ----- ----- ----- ----- ----- ----- ---- ---------------------
CBM66.hmm            -            155 KW1-S21_32_cg4_2     -            424   2.1e-18   62.5   0.0   1   1   5.7e-15   3.6e-12   42.2   0.0     2   144   255   404   254   410 0.83 -
GH109.hmm            -            126 KW1-S21_32_cg4_3     -            462   3.1e-25   84.3   1.1   1   1   7.8e-28     5e-25   83.6   1.1     1   123    50   174    50   177 0.92 -
GH74.hmm             -            233 KW1-S21_32_cg4_10    -           1037     3e-60  198.8  19.0   1   2   2.8e-16   9.1e-14   46.7   2.4    39   109    67   144    50   152 0.89 -
GH74.hmm             -            233 KW1-S21_32_cg4_10    -           1037     3e-60  198.8  19.0   2   2   3.3e-18   1.1e-15   53.0   0.0    42   114   234   308   215   325 0.86 -
GH74.hmm             -            233 KW1-S21_32_cg4_12    -           1085   1.8e-54  179.9  18.3   1   2   2.3e-16   7.2e-14   47.0   0.2    24   109   106   195    96   206 0.82 -
GH74.hmm             -            233 KW1-S21_32_cg4_12    -           1085   1.8e-54  179.9  18.3   2   2     1e-15   3.2e-13   44.9   0.5    34   113   226   307   219   316 0.86 -
CE10.hmm             -            341 KW1-S21_32_cg7_1     -            670   4.1e-24   81.1   0.2   1   1   2.1e-26   6.6e-24   80.4   0.2    73   317   413   646   397   660 0.82 -
GT41.hmm             -            705 KW1-S21_32_cg13_4    -           1219   6.4e-28   92.9  18.5   1   1   1.4e-16   9.2e-14   46.1   0.2    58   197   645   779   633   780 0.86 -
GH113.hmm            -            306 KW1-S21_32_cg17_18   -            345   1.6e-91  301.8   0.2   1   1   3.1e-94     2e-91  301.5   0.2     3   306    31   337    30   337 0.96 -
CE14.hmm             -            124 KW1-S21_32_cg17_21   -            835   5.7e-19   64.4   0.0   1   1     2e-21   1.3e-18   63.3   0.0     1   117    53   168    53   177 0.87 -
GT41.hmm             -            705 KW1-S21_32_cg20_6    -            337     1e-24   82.3   0.0   1   1   1.7e-15   1.1e-12   42.6   0.0    54   191    83   210    22   210 0.76 -
GT51.hmm             -            177 KW1-S21_32_cg20_8    -            272   2.5e-52  172.2   0.0   1   1   5.4e-55   3.5e-52  171.8   0.0    13   170    89   246    79   250 0.95 -
GH74.hmm             -            233 KW1-S21_32_cg20_12   -           1065   3.3e-50  165.9  19.3   1   1   3.6e-16   2.3e-13   45.4   0.4    37   110    56   135    41   139 0.89 -
GT41.hmm             -            705 KW1-S21_32_cg21_3    -            671   2.3e-21   71.3   1.1   1   1   3.2e-15   2.1e-12   41.7   2.7   117   190   574   648   570   652 0.90 -
PL22.hmm             -            265 KW1-S21_32_cg29_2    -            676   1.6e-24   81.8   0.6   1   1   1.5e-15   4.8e-13   44.2   0.0    98   199   272   362   269   381 0.90 -
CE10.hmm             -            341 KW1-S21_32_cg29_2    -            676   3.4e-15   51.8   0.1   1   1   1.8e-17   5.7e-15   51.0   0.1    93   331   422   649   352   654 0.81 -
CE10.hmm             -            341 KW1-S21_32_cg33_2    -            709   5.1e-23   77.5   0.1   1   1   1.3e-25   8.3e-23   76.8   0.1    81   321   460   686   432   691 0.81 -
GH84.hmm             -            295 KW1-S21_32_cg34_6    -            642   1.3e-94  312.0   0.0   1   1   2.8e-97   1.8e-94  311.6   0.0     2   289    35   327    34   334 0.96 -
CBM9.hmm             -            182 KW1-S21_32_cg35_27   -            911   1.5e-19   66.1   0.6   1   1     4e-22   2.6e-19   65.4   0.6     1   149    49   206    49   234 0.81 -
CBM9.hmm             -            182 KW1-S21_32_cg35_42   -            878   1.5e-18   62.9   0.2   1   1   4.5e-21   2.9e-18   61.9   0.2     1   150    49   208    49   235 0.81 -
CE10.hmm             -            341 KW1-S21_32_cg35_51   -            645   4.3e-16   54.7   0.1   1   1   9.5e-19   6.1e-16   54.2   0.1    64   336   370   638   350   642 0.80 -
GT2_Glyco_tranf_2_3.hmm PF13641.5    230 KW1-S21_32_cg44_24   -            487   8.6e-31  102.9   1.0   1   1     4e-33   8.6e-31  102.9   1.0     1   228    43   271    43   273 0.93 Glycosyltransferase like family 2
GT2_Glyco_trans_2_3.hmm PF13632.5    197 KW1-S21_32_cg44_24   -            487   1.3e-25   85.8   1.6   1   1   1.3e-27   2.7e-25   84.7   1.6     2   185   133   335   132   353 0.77 Glycosyl transferase family group 2
GT2_Glycos_transf_2.hmm PF00535.25   170 KW1-S21_32_cg44_24   -            487   1.8e-24   81.7   0.0   1   1   1.4e-26     3e-24   81.0   0.0     2   132    47   182    46   217 0.84 Glycosyl transferase family 2
CE10.hmm             -            341 KW1-S21_32_cg51_9    -            763   3.7e-26   87.8   0.2   1   1   1.9e-28     6e-26   87.1   0.2    81   319   488   714   401   724 0.77 -
GH23.hmm             -            135 KW1-S21_32_cg56_39   -            231   1.7e-23   78.9   0.0   1   1   5.4e-26   3.5e-23   77.9   0.0    16   123   115   224   106   228 0.93 -
CBM50.hmm            -             40 KW1-S21_32_cg56_40   -            512   6.4e-30   98.6   0.3   1   1   4.1e-18   1.3e-15   52.8   0.1     1    39   466   509   466   509 0.91 -
GH23.hmm             -            135 KW1-S21_32_cg56_40   -            512   2.5e-23   78.4   0.6   1   1   1.4e-25   4.4e-23   77.6   0.6     6   123   167   306   161   316 0.91 -
AA1.hmm              -            943 KW1-S21_32_cg62_15   -            563   8.2e-66  218.1  10.4   1   2   1.3e-48   2.1e-46  153.9   1.7   449   667   104   328    86   387 0.85 -
AA1.hmm              -            943 KW1-S21_32_cg62_15   -            563   8.2e-66  218.1  10.4   2   2   5.1e-23   8.1e-21   69.2   1.7   465   548   464   556   444   560 0.88 -
AA1_2.hmm            -            337 KW1-S21_32_cg62_15   -            563     7e-37  122.5   0.0   1   1     1e-36   1.6e-34  114.7   0.0     4   235   107   336   106   430 0.81 -
AA1_3.hmm            -            312 KW1-S21_32_cg62_15   -            563   7.7e-31  102.7   0.2   1   1   2.8e-30   4.4e-28   93.6   0.0    28   255   101   321    86   339 0.80 -
AA1_1.hmm            -            303 KW1-S21_32_cg62_15   -            563   9.1e-24   79.4   0.0   1   1     9e-26   1.4e-23   78.7   0.0    13   234   110   323   101   377 0.86 -
AA3.hmm              -            618 KW1-S21_32_cg62_21   -            549   9.4e-43  141.7   0.0   1   1   3.8e-45   1.2e-42  141.4   0.0    89   404     6   530     2   544 0.76 -
CE10.hmm             -            341 KW1-S21_32_cg64_17   -            703   5.1e-25   84.1   0.5   1   1   1.3e-27   8.4e-25   83.4   0.5    74   320   450   683   430   689 0.81 -
AA4.hmm              -            522 KW1-S21_32_cg64_40   -            482   1.6e-22   75.1   0.0   1   1   1.3e-20     4e-18   60.6   0.0    17   249     7   229     4   270 0.83 -
AA7.hmm              -            458 KW1-S21_32_cg64_40   -            482   4.5e-18   61.4   9.4   1   1   1.4e-19   4.3e-17   58.1   9.8    13   193    40   227    36   411 0.84 -
GT51.hmm             -            177 KW1-S21_32_cg64_81   -            740   2.1e-57  188.7   0.0   1   1   6.4e-60   4.1e-57  187.8   0.0     4   176    73   247    70   248 0.94 -
GT4.hmm              -            160 KW1-S21_32_cg64_120  -            374   3.6e-26   87.0   0.0   1   1   9.1e-29   5.9e-26   86.4   0.0    12   159   187   338   183   339 0.94 -
GT4.hmm              -            160 KW1-S21_32_cg64_121  -            404   6.3e-29   96.0   0.0   1   1     3e-31   9.8e-29   95.4   0.0    11   157   219   367   214   370 0.93 -
GT5.hmm              -            472 KW1-S21_32_cg64_121  -            404   3.8e-18   60.6   0.0   1   1   5.6e-20   1.8e-17   58.4   0.0   295   457   220   385   179   387 0.87 -
GT4.hmm              -            160 KW1-S21_32_cg64_122  -            381   1.6e-22   75.2   0.0   1   1   3.7e-25   2.4e-22   74.6   0.0    12   154   203   344   196   350 0.96 -
CE10.hmm             -            341 KW1-S21_32_cg64_139  -            688   6.7e-27   90.2   0.7   1   1   4.7e-29     1e-26   89.7   0.7    71   332   434   681   398   685 0.84 -
CE7.hmm              -            313 KW1-S21_32_cg64_139  -            688   2.8e-15   51.3   0.2   1   1   1.2e-15   2.5e-13   44.8   0.2    53   214   428   578   417   587 0.88 -
CBM9.hmm             -            182 KW1-S21_32_cg64_162  -            743   1.2e-20   69.6   0.1   1   1   4.1e-23   2.7e-20   68.6   0.1     1   153    45   224    45   236 0.88 -
CE10.hmm             -            341 KW1-S21_32_cg68_22   -            618   4.9e-26   87.4   0.2   1   1   3.9e-28   8.4e-26   86.6   0.2    81   316   370   596   328   608 0.82 -
CE1.hmm              -            227 KW1-S21_32_cg68_22   -            618   8.4e-16   53.7   0.4   1   1   2.3e-17     5e-15   51.1   0.0    11   210   372   591   366   609 0.78 -
CE7.hmm              -            313 KW1-S21_32_cg68_22   -            618   4.9e-15   50.5   0.0   1   1   3.8e-15   8.1e-13   43.2   0.0    53   271   355   559   341   601 0.74 -
GH23.hmm             -            135 KW1-S21_32_cg68_114  -            734   1.7e-27   91.9   2.1   1   1   1.2e-29   7.7e-27   89.8   0.5    14   121   594   720   582   728 0.87 -
GT41.hmm             -            705 KW1-S21_32_cg69_8    -            273   7.3e-28   92.7   4.4   1   1   3.4e-19   2.2e-16   54.8   0.7    76   191    62   167    36   170 0.81 -
PL22.hmm             -            265 KW1-S21_32_cg70_1    -            507   4.7e-19   63.9   0.0   1   1   1.4e-16     9e-14   46.6   0.0   136   245    93   209    81   212 0.87 -
GH74.hmm             -            233 KW1-S21_32_cg71_8    -            571     5e-44  145.7  23.4   1   1   7.1e-19   4.6e-16   54.2   0.0    31   111   106   189    84   199 0.80 -
GH74.hmm             -            233 KW1-S21_32_cg72_1    -            312   7.8e-37  122.2  14.4   1   1   1.7e-15   1.1e-12   43.2   0.4    41   109    67   141    54   145 0.89 -
CBM9.hmm             -            182 KW1-S21_32_cg77_6    -            769     3e-17   58.6   0.0   1   1   9.1e-20   5.8e-17   57.7   0.0     2   179    50   250    49   252 0.82 -
CE10.hmm             -            341 KW1-S21_32_cg81_4    -            360   1.5e-40  135.1   0.4   1   1   3.4e-43   2.2e-40  134.6   0.5    68   312    88   335    75   358 0.81 -
AA7.hmm              -            458 KW1-S21_32_cg82_1    -            393   3.6e-85  282.6   2.8   1   1     7e-88   4.5e-85  282.3   2.8     3   258    77   323    75   368 0.90 -
GH23.hmm             -            135 KW1-S21_32_cg83_10   -            373   4.1e-16   55.0   0.0   1   1   1.1e-18     7e-16   54.3   0.0     1   126   187   349   187   357 0.82 -
GH74.hmm             -            233 KW1-S21_32_cg103_6   -            953   1.7e-48  160.3  29.1   1   2   9.4e-17     3e-14   48.2   0.2    38   113   169   257   153   270 0.84 -
GH74.hmm             -            233 KW1-S21_32_cg103_6   -            953   1.7e-48  160.3  29.1   2   2   6.1e-16     2e-13   45.6   0.0    44   114   236   327   220   351 0.83 -
GT51.hmm             -            177 KW1-S21_32_cg106_2   -            782   2.8e-61  201.4   0.0   1   1   7.1e-64   4.6e-61  200.7   0.0    11   176   158   327   148   328 0.96 -
AA12.hmm             -            401 KW1-S21_32_cg106_13  -            421     5e-28   93.1   0.0   1   1   3.6e-30   2.3e-27   90.9   0.0    14   399    38   414    27   416 0.75 -
GT2_Glycos_transf_2.hmm PF00535.25   170 KW1-S21_32_cg109_76  -            323   3.7e-21   71.0   0.0   1   1   8.8e-24   5.6e-21   70.4   0.0     1   115    13   129    13   144 0.96 Glycosyl transferase family 2
GT4.hmm              -            160 KW1-S21_32_cg109_77  -            401   3.6e-32  106.6   0.0   1   1     1e-34   6.6e-32  105.7   0.0    10   155   210   356   203   360 0.96 -
GT2_Glycos_transf_2.hmm PF00535.25   170 KW1-S21_32_cg109_80  -            243   1.4e-33  111.4   0.0   1   1   6.6e-36   2.1e-33  110.8   0.0     2   168     7   173     6   175 0.97 Glycosyl transferase family 2
GT2_Glyco_tranf_2_3.hmm PF13641.5    230 KW1-S21_32_cg109_80  -            243   3.1e-16   55.3   0.1   1   1   1.1e-18   3.6e-16   55.0   0.1     3   216     4   216     2   240 0.78 Glycosyltransferase like family 2
GT4.hmm              -            160 KW1-S21_32_cg111_4   -            380   5.7e-34  112.4   0.0   1   1   1.2e-36   7.8e-34  112.0   0.0     5   159   187   344   183   345 0.93 -
GT4.hmm              -            160 KW1-S21_32_cg111_5   -            361     7e-28   92.6   0.0   1   1   1.7e-30   1.1e-27   92.0   0.0    19   159   198   331   186   332 0.93 -
GT4.hmm              -            160 KW1-S21_32_cg111_6   -            379   1.2e-29   98.3   0.0   1   1     6e-32   1.9e-29   97.7   0.0     7   157   200   349   195   352 0.91 -
GT5.hmm              -            472 KW1-S21_32_cg111_6   -            379   4.8e-17   57.0   0.0   1   1   3.5e-19   1.1e-16   55.8   0.0   275   441   187   346   172   374 0.80 -
GT4.hmm              -            160 KW1-S21_32_cg111_9   -            375   1.1e-33  111.4   0.0   1   1   5.3e-36   1.7e-33  110.9   0.0     9   158   196   343   191   345 0.97 -
GT5.hmm              -            472 KW1-S21_32_cg111_9   -            375   2.1e-20   68.1   1.0   1   1   4.6e-20   1.5e-17   58.7   0.1   291   467   195   365   149   369 0.87 -
GT4.hmm              -            160 KW1-S21_32_cg113_8   -            367   3.7e-27   90.3   0.1   1   1     9e-30   5.8e-27   89.6   0.1    12   156   192   334   185   338 0.95 -
GT4.hmm              -            160 KW1-S21_32_cg113_9   -            374   1.4e-25   85.1   0.0   1   1   3.5e-28   2.3e-25   84.5   0.0     8   148   191   333   186   342 0.93 -
CE14.hmm             -            124 KW1-S21_32_cg113_22  -            240   4.6e-23   77.6   0.7   1   1   1.3e-25   8.1e-23   76.8   0.7     1   124     7   112     7   112 0.97 -
AA1.hmm              -            943 KW1-S21_32_cg113_26  -            716   1.5e-56  187.4  14.4   1   2     1e-39   1.7e-37  124.4   4.7   452   665   262   481   230   506 0.85 -
AA1.hmm              -            943 KW1-S21_32_cg113_26  -            716   1.5e-56  187.4  14.4   2   2   8.7e-23   1.4e-20   68.4   2.1   466   547   616   710   606   713 0.87 -
AA1_2.hmm            -            337 KW1-S21_32_cg113_26  -            716   2.2e-31  104.4   0.3   1   1     1e-29   1.6e-27   91.6   0.0     4   220   262   478   258   483 0.91 -
AA1_3.hmm            -            312 KW1-S21_32_cg113_26  -            716   6.3e-25   83.3   2.7   1   1     2e-25   3.1e-23   77.7   0.2    29   255   257   476   243   490 0.82 -
AA1_1.hmm            -            303 KW1-S21_32_cg113_26  -            716   6.9e-19   63.3   0.0   1   1   9.2e-21   1.5e-18   62.2   0.0    13   232   265   476   256   484 0.85 -
GH109.hmm            -            126 KW1-S21_32_cg120_13  -            446     4e-15   51.6   0.1   1   1   1.2e-17     8e-15   50.7   0.1     2   116    43   147    42   155 0.86 -
AA3.hmm              -            618 KW1-S21_32_cg120_16  -            565   2.4e-56  186.6   0.0   1   1   2.2e-58   2.9e-56  186.4   0.0    85   402     5   560     1   563 0.80 -
AA3_4.hmm            -            549 KW1-S21_32_cg120_16  -            565   3.7e-23   77.3   0.1   1   1   1.3e-17   1.7e-15   52.0   0.0   412   547   418   557   401   559 0.90 -
AA3_2.hmm            -            568 KW1-S21_32_cg120_16  -            565   1.3e-22   75.4   0.0   1   1   1.4e-16   1.8e-14   48.6   0.0     2   280     9   300     8   301 0.74 -
CE10.hmm             -            341 KW1-S21_32_cg127_1   -            717   5.5e-25   84.0   1.3   1   1   3.8e-27   2.5e-24   81.8   1.3    60   325   456   701   421   713 0.78 -
GH74.hmm             -            233 KW1-S21_32_cg128_2   -           1016   1.7e-54  180.0  16.8   1   1   7.4e-15   4.7e-12   41.1   0.4    36   158   221   335   206   367 0.74 -
GH109.hmm            -            126 KW1-S21_32_cg133_31  -            496   2.2e-45  149.4   1.0   1   1   8.6e-48   5.5e-45  148.1   0.5     1   125    97   221    97   222 0.99 -
GT2_Glycos_transf_2.hmm PF00535.25   170 KW1-S21_32_cg139_2   -            241   1.5e-32  108.0   0.0   1   1   3.1e-35     2e-32  107.6   0.0     2   168     7   171     6   173 0.96 Glycosyl transferase family 2
GT4.hmm              -            160 KW1-S21_32_cg142_7   -            402   6.3e-32  105.8   0.0   1   1   1.6e-34     1e-31  105.1   0.0     6   153   207   362   203   368 0.92 -
GT4.hmm              -            160 KW1-S21_32_cg142_8   -            387   8.4e-28   92.4   0.0   1   1   4.4e-30   1.4e-27   91.6   0.0     5   157   206   355   202   358 0.93 -
GT5.hmm              -            472 KW1-S21_32_cg142_8   -            387   4.1e-20   67.1   0.0   1   1   2.9e-22   9.5e-20   65.9   0.0   277   471   197   381    93   382 0.84 -
GH74.hmm             -            233 KW1-S21_32_cg145_9   -            892   1.7e-64  212.7  11.0   1   3   4.7e-16     3e-13   45.0   1.6    31   108    77   160    59   160 0.89 -
GH74.hmm             -            233 KW1-S21_32_cg145_9   -            892   1.7e-64  212.7  11.0   2   3   3.3e-18   2.1e-15   52.0   2.8    47   147   147   253   144   257 0.77 -
GH74.hmm             -            233 KW1-S21_32_cg145_9   -            892   1.7e-64  212.7  11.0   3   3   4.3e-15   2.8e-12   41.8   2.3    36   117   248   353   237   361 0.86 -
PL22.hmm             -            265 KW1-S21_32_cg145_58  -            355   6.1e-21   70.1   0.8   1   1   7.5e-15   4.8e-12   40.9   0.1    86   200    58   222    51   228 0.90 -
CBM9.hmm             -            182 KW1-S21_32_cg147_2   -            743     3e-19   65.1   0.1   1   1   7.3e-22   4.7e-19   64.5   0.1     1   149    53   213    53   242 0.82 -
AA1.hmm              -            943 KW1-S21_32_cg148_19  -            339   2.3e-21   71.0   1.0   1   1   4.2e-24   2.7e-21   70.8   1.0   418   641    46   273    27   310 0.76 -
GH74.hmm             -            233 KW1-S21_32_cg148_20  -            999   1.5e-53  176.9  20.4   1   2   5.5e-15   3.5e-12   41.5   0.0    42   112   169   250   149   264 0.85 -
GH74.hmm             -            233 KW1-S21_32_cg148_20  -            999   1.5e-53  176.9  20.4   2   2   5.6e-16   3.6e-13   44.7   0.0    47   119   233   309   232   321 0.85 -
CE10.hmm             -            341 KW1-S21_32_cg150_7   -            682   4.3e-23   77.7   0.9   1   1   2.1e-25   6.6e-23   77.1   0.9    75   330   428   669   372   675 0.83 -
CE11.hmm             -            271 KW1-S21_32_cg154_20  -            281   1.5e-85  282.1   0.0   1   1   2.6e-88   1.7e-85  281.9   0.0     3   270     8   273     6   274 0.98 -
GT19.hmm             -            354 KW1-S21_32_cg154_23  -            369  7.9e-105  345.6   0.0   1   1  1.4e-107  8.8e-105  345.5   0.0     1   350     4   347     4   351 0.96 -
CBM9.hmm             -            182 KW1-S21_32_cg159_5   -            725   7.6e-17   57.3   1.5   1   1   2.2e-19   1.4e-16   56.4   1.5     2   139    26   174    25   187 0.86 -
AA7.hmm              -            458 KW1-S21_32_cg159_21  -            972   7.8e-19   63.9   2.7   1   1   1.5e-21   9.3e-19   63.6   0.8    13   156    47   199    42   199 0.93 -
GH74.hmm             -            233 KW1-S21_32_cg162_6   -            938   7.1e-54  177.9  12.1   1   1   1.8e-17   1.2e-14   49.6   0.2    37   110   128   204   109   212 0.81 -
GT4.hmm              -            160 KW1-S21_32_cg164_73  -            376   4.3e-40  132.3   0.0   1   1   2.1e-42   6.7e-40  131.7   0.0     6   157   196   344   192   347 0.96 -
GT5.hmm              -            472 KW1-S21_32_cg164_73  -            376   2.5e-27   90.9   0.0   1   1   3.5e-26   1.1e-23   78.9   0.0   195   471   132   370   100   371 0.84 -
GH74.hmm             -            233 KW1-S21_32_cg165_3   -           1049   4.5e-52  172.0  24.7   1   2   3.9e-18   2.5e-15   51.8   1.6    29   111   112   197    93   232 0.78 -
GH74.hmm             -            233 KW1-S21_32_cg165_3   -           1049   4.5e-52  172.0  24.7   2   2   5.9e-15   3.8e-12   41.4   0.1    46   115   238   309   225   332 0.81 -
GH109.hmm            -            126 KW1-S21_32_cg171_51  -            343   1.4e-17   59.6   0.6   1   1     3e-18     2e-15   52.6   0.6     1   117     4   109     4   115 0.86 -
GH3.hmm              -            216 KW1-S21_32_cg171_83  -            591   6.5e-62  204.2   0.0   1   1   1.5e-64   9.7e-62  203.6   0.0     4   215   113   340   110   341 0.95 -
GT4.hmm              -            160 KW1-S21_32_cg174_31  -            370   4.3e-41  135.6   0.0   1   1   2.2e-43   6.9e-41  134.9   0.0     6   158   187   339   182   341 0.97 -
GT5.hmm              -            472 KW1-S21_32_cg174_31  -            370     2e-15   51.7   0.0   1   1   8.5e-18   2.7e-15   51.2   0.0   289   463   187   356   146   359 0.81 -
GT28.hmm             -            157 KW1-S21_32_cg174_64  -            365   1.4e-46  153.4   0.0   1   1   3.5e-49   2.2e-46  152.7   0.0     3   157   195   351   193   351 0.96 -
GT41.hmm             -            705 KW1-S21_32_cg174_89  -            894   6.1e-69  228.5  22.1   1   3   6.6e-19   4.2e-16   53.9   0.6    50   191    93   224    77   251 0.86 -
GT41.hmm             -            705 KW1-S21_32_cg174_89  -            894   6.1e-69  228.5  22.1   2   3   1.2e-16   7.8e-14   46.4   3.0    82   190   261   393   258   397 0.90 -
GT41.hmm             -            705 KW1-S21_32_cg174_89  -            894   6.1e-69  228.5  22.1   3   3   5.5e-15   3.5e-12   40.9   0.0    89   191   404   496   395   511 0.86 -
GH74.hmm             -            233 KW1-S21_32_cg180_7   -            179   2.9e-16   54.9   0.2   1   1   2.1e-18   1.3e-15   52.7   0.2    42   115    13    93     8   155 0.84 -
AA3.hmm              -            618 KW1-S21_32_cg183_16  -            789   1.4e-49  164.3   0.0   1   1   1.7e-51   1.8e-49  163.9   0.0    83   397   296   787   278   788 0.70 -
AA3_2.hmm            -            568 KW1-S21_32_cg183_16  -            789   7.4e-47  155.5   0.0   1   2   2.4e-26   2.5e-24   81.1   0.0     3   283   303   561   302   565 0.84 -
AA3_2.hmm            -            568 KW1-S21_32_cg183_16  -            789   7.4e-47  155.5   0.0   2   2   1.5e-23   1.6e-21   71.9   0.0   447   566   664   788   604   788 0.87 -
AA3_1.hmm            -            548 KW1-S21_32_cg183_16  -            789   1.3e-41  138.1   0.2   1   2     3e-26   3.2e-24   80.7   0.2    12   280   298   562   286   566 0.77 -
AA3_1.hmm            -            548 KW1-S21_32_cg183_16  -            789   1.3e-41  138.1   0.2   2   2   1.4e-17   1.5e-15   52.0   0.0   455   542   699   785   645   787 0.80 -
GH74.hmm             -            233 KW1-S21_32_cg189_1   -            514   8.5e-41  135.1  28.5   1   2   3.9e-16   2.5e-13   45.2   0.3    41   111    64   140    59   144 0.91 -
GH74.hmm             -            233 KW1-S21_32_cg189_1   -            514   8.5e-41  135.1  28.5   2   2   2.7e-16   1.7e-13   45.7   0.1    47   110   124   191   123   200 0.92 -
CE10.hmm             -            341 KW1-S21_32_cg191_21  -            722   1.6e-22   75.9   0.1   1   1   3.8e-25   2.4e-22   75.3   0.1    83   321   468   692   439   696 0.81 -
PL22.hmm             -            265 KW1-S21_32_cg195_3   -            200   5.2e-16   53.9   0.0   1   1   2.6e-17   1.7e-14   49.0   0.0   138   236    97   197    85   199 0.85 -
CE10.hmm             -            341 KW1-S21_32_cg196_33  -            681   1.5e-25   85.8   0.2   1   1   7.1e-28   2.3e-25   85.2   0.2    72   320   418   654   401   668 0.86 -
CE14.hmm             -            124 KW1-S21_32_cg196_61  -            437   2.7e-31  104.2   2.1   1   1   9.6e-34   6.2e-31  103.1   2.1     1   124   211   327   211   327 0.94 -
GT2_Glycos_transf_2.hmm PF00535.25   170 KW1-S21_32_cg196_73  -            250   1.2e-16   56.3   0.0   1   1   2.6e-19   1.7e-16   55.8   0.0     2   120     4   129     3   156 0.93 Glycosyl transferase family 2
GT30.hmm             -            177 KW1-S21_32_cg196_97  -            428   3.3e-32  106.7   0.1   1   1   8.4e-35   5.4e-32  106.0   0.1     9   173    38   205    25   208 0.92 -
CE10.hmm             -            341 KW1-S21_32_cg202_1   -            529   3.3e-32  107.7   0.2   1   1   7.2e-35   4.6e-32  107.2   0.2    60   190    91   235    26   299 0.83 -
GT83.hmm             -            540 KW1-S21_32_cg204_49  -            582  1.6e-109  362.2  51.4   1   1    3e-112    2e-109  361.9  51.4     6   486     7   488     1   513 0.82 -
GT2_Glycos_transf_2.hmm PF00535.25   170 KW1-S21_32_cg204_75  -            260   2.1e-27   91.3   0.0   1   1   5.1e-30   3.2e-27   90.7   0.0     1   167     9   169     9   172 0.88 Glycosyl transferase family 2
GH74.hmm             -            233 KW1-S21_32_cg205_1   -            358   1.2e-39  131.3  30.4   1   1   1.9e-16   1.2e-13   46.3   0.4    43   115   231   303   219   313 0.87 -
AA1.hmm              -            943 KW1-S21_32_cg214_15  -            637   3.9e-37  123.2  14.5   1   2   2.3e-16   7.3e-14   46.2   2.5   459   538   215   306   164   307 0.83 -
AA1.hmm              -            943 KW1-S21_32_cg214_15  -            637   3.9e-37  123.2  14.5   2   2   3.1e-24   9.9e-22   72.2   0.6   459   620   404   556   399   564 0.79 -
GT1.hmm              -            382 KW1-S21_32_cg214_25  -            445   1.4e-51  171.6  21.9   1   1   2.5e-54   1.6e-51  171.4  21.9     3   382    35   442    33   442 0.98 -
AA3.hmm              -            618 KW1-S21_32_cg219_2   -            516   2.8e-61  202.9   0.0   1   1   2.7e-63   3.4e-61  202.6   0.0    87   400     4   513     2   515 0.75 -
AA3_2.hmm            -            568 KW1-S21_32_cg219_2   -            516   4.9e-34  113.2   0.1   1   1   2.7e-23   3.5e-21   70.8   0.0     2   280     6   282     5   326 0.73 -
AA7.hmm              -            458 KW1-S21_32_cg220_5   -            500   2.6e-94  312.7   6.6   1   1     2e-91   1.3e-88  294.0   2.1     3   375    78   445    76   468 0.93 -
CE10.hmm             -            341 KW1-S21_32_cg220_8   -            682   1.2e-22   76.3   0.1   1   1   2.8e-25   1.8e-22   75.7   0.1    64   310   399   648   379   670 0.76 -
GT4.hmm              -            160 KW1-S21_32_cg221_3   -            362   1.8e-23   78.3   0.0   1   1   4.7e-26     3e-23   77.6   0.0     8   147   194   321   189   328 0.94 -
GH38.hmm             -            269 KW1-S21_32_cg225_13  -            919   2.6e-66  219.2   0.0   1   1   6.2e-69     4e-66  218.6   0.0     1   252     7   273     7   284 0.91 -
GH74.hmm             -            233 KW1-S21_32_cg225_18  -           1099   6.7e-56  184.5  17.5   1   2   2.1e-15   6.8e-13   43.8   0.2    31   109   138   220   127   224 0.80 -
GH74.hmm             -            233 KW1-S21_32_cg225_18  -           1099   6.7e-56  184.5  17.5   2   2   8.1e-15   2.6e-12   41.9   0.2    43   109   317   378   300   390 0.87 -
GT2_Glycos_transf_2.hmm PF00535.25   170 KW1-S21_32_cg225_19  -            307   2.4e-18   61.8   0.0   1   1   6.2e-21     4e-18   61.1   0.0    26   122    13   108     2   151 0.82 Glycosyl transferase family 2
GH121.hmm            -           1392 KW1-S21_32_cg229_2   -            726   2.8e-16   53.3   2.3   1   1   6.1e-19   3.9e-16   52.8   2.3   990  1105   409   527   398   610 0.84 -
GH74.hmm             -            233 KW1-S21_32_cg231_7   -           1097     4e-46  152.6  16.8   1   2   2.5e-17   1.6e-14   49.1   0.9    46   113    69   142    67   146 0.92 -
GH74.hmm             -            233 KW1-S21_32_cg231_7   -           1097     4e-46  152.6  16.8   2   2   2.7e-15   1.7e-12   42.5   0.2    48   110   125   190   124   211 0.88 -
CBM32.hmm            -            124 KW1-S21_32_cg237_8   -           1548   2.4e-28   94.4  15.5   1   2   7.1e-17   2.3e-14   49.2   0.8     7   122   410   536   404   538 0.76 -
CBM32.hmm            -            124 KW1-S21_32_cg237_8   -           1548   2.4e-28   94.4  15.5   2   2   5.3e-18   1.7e-15   52.9   1.7     9   122   562   686   555   688 0.77 -
GH74.hmm             -            233 KW1-S21_32_cg240_10  -           1009   4.5e-53  175.3  16.9   1   1   7.4e-18   2.4e-15   51.8   2.3    29   113   106   194    92   205 0.75 -
GT2_Glycos_transf_2.hmm PF00535.25   170 KW1-S21_32_cg243_22  -            370   4.6e-23   77.2   0.0   1   1   2.2e-25   6.9e-23   76.6   0.0     1   108    45   154    45   212 0.86 Glycosyl transferase family 2
GT2_Glyco_tranf_2_3.hmm PF13641.5    230 KW1-S21_32_cg243_22  -            370   1.6e-20   69.2   0.0   1   1   1.1e-22   3.6e-20   68.1   0.0     1   205    41   246    41   270 0.85 Glycosyltransferase like family 2
GT2_Glycos_transf_2.hmm PF00535.25   170 KW1-S21_32_cg253_10  -            244   4.2e-35  116.4   0.0   1   1   1.7e-37   5.5e-35  116.0   0.0     1   166    13   173    13   176 0.96 Glycosyl transferase family 2
GT81.hmm                -            293 KW1-S21_32_cg253_10  -            244   1.8e-19   65.0   0.1   1   1   1.4e-21   4.5e-19   63.7   0.1    19   214     8   194     3   203 0.85 -
GT39.hmm             -            223 KW1-S21_32_cg253_12  -            536   1.5e-16   56.0   4.9   1   1   4.6e-19   1.5e-16   56.0   4.9    17   215    26   253    11   255 0.91 -
GT83.hmm             -            540 KW1-S21_32_cg253_12  -            536   2.7e-15   51.2  40.6   1   1   1.2e-17   3.7e-15   50.7  40.6    82   366   108   421    91   467 0.64 -
PL22.hmm             -            265 KW1-S21_32_cg254_2   -           1109   1.4e-20   68.9   0.0   1   1   3.6e-17   2.3e-14   48.5   0.0   137   245    93   208    81   210 0.87 -
#
# Program:         hmmscan
# Version:         3.3.1 (Jul 2020)
# Pipeline mode:   SCAN
# Query file:      /beegfs/home/lxd/2_sea_metagenomics/6.metabat2/bins_redup_refinem_drep/derep_70_10/derepbins_prodigal/KW1-S21_32.proteins.faa
# Target file:     /beegfs/home/lxd/4_salt_metagenomics/tools/CAZy/dbCAN-HMMdb-V8.txt
# Option settings: hmmscan --tblout KW1-S21_32.tbl --domtblout KW1-S21_32_dom.tbl --acc --noali --notextw -E 1e-14 --domE 1e-14 --cpu 30 /beegfs/home/lxd/4_salt_metagenomics/tools/CAZy/dbCAN-HMMdb-V8.txt /beegfs/home/lxd/2_sea_metagenomics/6.metabat2/bins_redup_refinem_drep/derep_70_10/derepbins_prodigal/KW1-S21_32.proteins.faa 
# Current dir:     /beegfs/home/lxd/2_sea_metagenomics/6.metabat2/bins_redup_refinem_drep/derep_70_10/derepbins_cazy
# Date:            Thu Mar  4 19:25:29 2021
# [ok]
