#                                                                            --- full sequence --- -------------- this domain -------------   hmm coord   ali coord   env coord
# target name        accession   tlen query name           accession   qlen   E-value  score  bias   #  of  c-Evalue  i-Evalue  score  bias  from    to  from    to  from    to  acc description of target
#------------------- ---------- ----- -------------------- ---------- ----- --------- ------ ----- --- --- --------- --------- ------ ----- ----- ----- ----- ----- ----- ----- ---- ---------------------
GT19.hmm             -            354 KW1-S11_163_cg6_5    -            343   1.2e-80  266.1   0.0   1   1     2e-83   1.3e-80  266.0   0.0     1   317     8   334     8   343 0.93 -
CE10.hmm             -            341 KW1-S11_163_cg41_2   -            775   4.8e-21   71.0   0.5   1   1   1.3e-23   8.6e-21   70.2   0.5    76   336   511   760   478   762 0.84 -
CE11.hmm             -            271 KW1-S11_163_cg44_6   -            455   5.2e-82  270.5   0.0   1   1     1e-84   6.6e-82  270.1   0.0     1   270    21   293    21   294 0.98 -
GT4.hmm              -            160 KW1-S11_163_cg51_7   -            394   3.3e-40  132.7   0.0   1   1   1.5e-42   4.9e-40  132.1   0.0    12   159   205   349   198   350 0.98 -
GT5.hmm              -            472 KW1-S11_163_cg51_7   -            394   2.7e-21   71.0   0.0   1   1   1.6e-22   5.2e-20   66.8   0.0   277   471   189   373   172   374 0.85 -
GT9.hmm              -            225 KW1-S11_163_cg54_7   -            377   2.8e-53  176.4   0.0   1   1   6.3e-56     4e-53  175.9   0.0     4   202    82   308    79   322 0.86 -
GH102.hmm            -            157 KW1-S11_163_cg94_3   -            416   3.3e-34  113.5   0.0   1   1   7.9e-37   5.1e-34  112.8   0.0     2   156   152   301   151   302 0.94 -
CE4.hmm              -            130 KW1-S11_163_cg105_6  -            291   5.4e-23   76.9   0.0   1   1   1.4e-25   9.2e-23   76.2   0.0    22   126    43   152     5   155 0.89 -
GT83.hmm             -            540 KW1-S11_163_cg116_10 -            535   4.2e-22   73.6  45.9   1   1   6.6e-25   4.2e-22   73.6  45.9    83   371   105   397    85   429 0.68 -
AA3_2.hmm            -            568 KW1-S11_163_cg133_1  -            127   3.8e-44  146.6   0.1   1   1   3.3e-46   4.2e-44  146.4   0.1   445   568     1   123     1   123 0.98 -
AA3.hmm              -            618 KW1-S11_163_cg133_1  -            127   3.5e-33  110.1   0.1   1   1     3e-35   3.8e-33  110.0   0.1   305   402     1   125     1   126 0.90 -
AA3_1.hmm            -            548 KW1-S11_163_cg133_1  -            127   1.2e-19   65.6   0.0   1   1     1e-21   1.3e-19   65.4   0.0   427   544     3   120     1   123 0.78 -
AA3_3.hmm            -            590 KW1-S11_163_cg133_1  -            127     1e-16   55.7   0.0   1   1   8.7e-19   1.1e-16   55.6   0.0   522   588    58   123    29   124 0.90 -
AA8.hmm              -            815 KW1-S11_163_cg133_1  -            127   1.4e-16   54.9   0.0   1   1   1.2e-18   1.5e-16   54.8   0.0   656   773     3   120     1   125 0.88 -
GT2_Glycos_transf_2.hmm PF00535.25   170 KW1-S11_163_cg162_3  -            493   2.3e-25   84.7   0.0   1   1   6.3e-28     4e-25   83.9   0.0     1   128   258   384   258   423 0.87 Glycosyl transferase family 2
CE10.hmm             -            341 KW1-S11_163_cg175_1  -            624   1.2e-21   73.0   0.1   1   1   2.9e-24   1.8e-21   72.4   0.1    71   316   371   605   340   621 0.82 -
GT2_Glycos_transf_2.hmm PF00535.25   170 KW1-S11_163_cg179_1  -            132   5.4e-24   80.2   0.0   1   1   9.6e-27   6.2e-24   80.0   0.0     1   102    37   128    37   132 0.95 Glycosyl transferase family 2
CE14.hmm             -            124 KW1-S11_163_cg197_1  -            129   4.9e-23   77.5   0.1   1   1   1.1e-25   6.8e-23   77.1   0.1     1   124     5   109     5   109 0.95 -
GT4.hmm              -            160 KW1-S11_163_cg197_2  -            388   7.5e-31  102.3   0.0   1   1   3.4e-33   1.1e-30  101.7   0.0     4   159   200   355   197   356 0.97 -
GT5.hmm              -            472 KW1-S11_163_cg197_2  -            388   2.2e-16   54.8   0.4   1   1   6.4e-16     2e-13   45.0   0.0   277   470   192   379   170   381 0.90 -
GH74.hmm             -            233 KW1-S11_163_cg198_2  -           1090     5e-58  191.5   8.9   1   2   1.2e-15   7.7e-13   43.6   0.7    37   122   113   201    94   221 0.77 -
GH74.hmm             -            233 KW1-S11_163_cg198_2  -           1090     5e-58  191.5   8.9   2   2   4.8e-16   3.1e-13   44.9   0.0    43   112   228   299   196   312 0.74 -
GT2_Glycos_transf_2.hmm PF00535.25   170 KW1-S11_163_cg202_4  -            252   5.3e-20   67.2   0.0   1   1   1.2e-22   7.8e-20   66.7   0.0     2   120     5   122     4   191 0.87 Glycosyl transferase family 2
AA7.hmm              -            458 KW1-S11_163_cg210_3  -            996   4.4e-18   61.4   6.8   1   1   7.5e-17   4.8e-14   48.1   6.3    12   148    55   194    51   200 0.90 -
GT4.hmm              -            160 KW1-S11_163_cg215_2  -            391   3.5e-33  109.9   0.0   1   1   3.6e-35   1.2e-32  108.2   0.0     6   159   203   357   200   358 0.95 -
GT5.hmm              -            472 KW1-S11_163_cg215_2  -            391   1.3e-23   78.7   0.0   1   1   6.5e-25   2.1e-22   74.7   0.0   285   471   200   382   172   383 0.85 -
GT19.hmm             -            354 KW1-S11_163_cg240_1  -            446   4.5e-85  280.6   0.0   1   1   8.7e-88   5.6e-85  280.3   0.0     1   347    71   417    71   422 0.94 -
GT41.hmm             -            705 KW1-S11_163_cg242_1  -            345   2.4e-32  107.5  15.3   1   1   1.1e-18   7.2e-16   53.1   1.4    74   191    65   171    49   172 0.81 -
GT2_Glycos_transf_2.hmm PF00535.25   170 KW1-S11_163_cg277_4  -            279   2.5e-27   91.0   0.0   1   1     6e-30   3.8e-27   90.4   0.0     1   133     6   138     6   166 0.87 Glycosyl transferase family 2
GT9.hmm              -            225 KW1-S11_163_cg277_7  -            363   3.7e-52  172.7   0.7   1   1   7.8e-55     5e-52  172.3   0.7     3   205    77   306    75   331 0.83 -
GH113.hmm            -            306 KW1-S11_163_cg282_7  -            409   1.9e-67  222.7   0.0   1   1   3.7e-70   2.4e-67  222.4   0.0    23   305   105   392    93   393 0.96 -
GT28.hmm             -            157 KW1-S11_163_cg288_7  -            400   1.3e-40  134.1   0.0   1   1   1.2e-42   7.8e-40  131.5   0.0     1   152   198   358   198   363 0.92 -
GT41.hmm             -            705 KW1-S11_163_cg292_4  -            508   3.3e-41  136.8  10.9   1   3   2.2e-15   1.4e-12   42.2   0.0    73   191    82   191    69   197 0.86 -
GT41.hmm             -            705 KW1-S11_163_cg292_4  -            508   3.3e-41  136.8  10.9   2   3   5.4e-15   3.5e-12   40.9   0.1    62   191   292   411   279   414 0.90 -
GT41.hmm             -            705 KW1-S11_163_cg292_4  -            508   3.3e-41  136.8  10.9   3   3   5.4e-19   3.5e-16   54.1   0.7    79   191   377   479   375   498 0.91 -
AA5.hmm              -           1281 KW1-S11_163_cg293_5  -            372   5.5e-19   62.5   4.3   1   1   2.5e-15   1.6e-12   41.1   0.2   574   715    92   235    79   249 0.84 -
GT2_Glyco_tranf_2_3.hmm PF13641.5    230 KW1-S11_163_cg294_8  -            541   9.9e-33  109.2   0.5   1   1   8.2e-35   1.3e-32  108.8   0.5     1   227    93   320    93   323 0.90 Glycosyltransferase like family 2
GT2_Glycos_transf_2.hmm PF00535.25   170 KW1-S11_163_cg294_8  -            541   2.6e-24   81.2   0.0   1   1   2.3e-26   3.7e-24   80.7   0.0     3   132    98   232    96   267 0.86 Glycosyl transferase family 2
GT2_Glyco_trans_2_3.hmm PF13632.5    197 KW1-S11_163_cg294_8  -            541   9.3e-24   79.7   1.0   1   1   5.8e-26   9.3e-24   79.7   1.0     2   184   183   386   182   403 0.80 Glycosyl transferase family group 2
GT21.hmm                -            233 KW1-S11_163_cg294_8  -            541   2.6e-16   55.1   0.0   1   1   2.5e-18     4e-16   54.5   0.0     1   231    93   322    93   323 0.92 -
GT2_Glycos_transf_2.hmm PF00535.25   170 KW1-S11_163_cg316_9  -            260   1.6e-21   72.2   0.0   1   1   3.3e-24   2.1e-21   71.7   0.0     2   117     6   133     5   181 0.88 Glycosyl transferase family 2
AA5.hmm              -           1281 KW1-S11_163_cg317_2  -            529  3.3e-123  407.8   3.8   1   1    2e-125  4.4e-123  407.4   3.8   556  1026    30   475    22   480 0.94 -
AA5_2.hmm            -            588 KW1-S11_163_cg317_2  -            529   2.2e-62  206.7   0.1   1   2     1e-16   2.2e-14   48.2   0.0   114   251    31   167    13   187 0.83 -
AA5_2.hmm            -            588 KW1-S11_163_cg317_2  -            529   2.2e-62  206.7   0.1   2   2   2.3e-49     5e-47  156.0   0.2   363   587   261   472   236   473 0.91 -
AA5_1.hmm            -            563 KW1-S11_163_cg317_2  -            529     8e-48  158.2   0.2   1   1     2e-49   4.3e-47  155.7   0.2    50   547    71   479    57   491 0.86 -
GT4.hmm              -            160 KW1-S11_163_cg332_5  -            771     4e-17   57.6   0.0   1   1   2.3e-19   1.5e-16   55.8   0.0     6   159   196   361   191   362 0.89 -
GH130.hmm            -            296 KW1-S11_163_cg332_6  -            211   1.2e-58  193.6   0.0   1   1   2.2e-61   1.4e-58  193.4   0.0     2   196    13   211    12   211 0.96 -
GH10.hmm             -            303 KW1-S11_163_cg334_8  -            504   3.9e-19   64.3   0.0   1   1   8.1e-22   5.2e-19   63.9   0.0    14   301   176   477   168   479 0.79 -
GT2_Glycos_transf_2.hmm PF00535.25   170 KW1-S11_163_cg353_4  -            264   2.7e-28   94.2   0.0   1   1   6.2e-31     4e-28   93.6   0.0     4   168    12   173    10   175 0.98 Glycosyl transferase family 2
GT83.hmm             -            540 KW1-S11_163_cg354_8  -            415   1.5e-43  144.5  56.2   1   1   2.9e-46   1.8e-43  144.1  56.2    12   353    33   413    21   415 0.81 -
GH35.hmm             -            307 KW1-S11_163_cg371_1  -            935   3.1e-71  235.8   0.0   1   1   6.6e-74   4.2e-71  235.3   0.0     1   305    11   325    11   327 0.91 -
GH130.hmm            -            296 KW1-S11_163_cg373_1  -            110   4.5e-29   96.5   0.0   1   1   7.7e-32   4.9e-29   96.4   0.0   191   294     2   101     1   103 0.97 -
GT4.hmm              -            160 KW1-S11_163_cg373_2  -            341   7.2e-29   95.8   0.0   1   1   2.7e-31   1.7e-28   94.6   0.0     6   145   161   296   157   310 0.86 -
GT30.hmm             -            177 KW1-S11_163_cg377_7  -            416   1.5e-51  169.7   0.0   1   1   3.6e-54   2.3e-51  169.1   0.0     3   176    34   212    32   213 0.96 -
#
# Program:         hmmscan
# Version:         3.3.1 (Jul 2020)
# Pipeline mode:   SCAN
# Query file:      /beegfs/home/lxd/2_sea_metagenomics/6.metabat2/bins_redup_refinem_drep/derep_70_10/derepbins_prodigal/KW1-S11_163.proteins.faa
# Target file:     /beegfs/home/lxd/4_salt_metagenomics/tools/CAZy/dbCAN-HMMdb-V8.txt
# Option settings: hmmscan --tblout KW1-S11_163.tbl --domtblout KW1-S11_163_dom.tbl --acc --noali --notextw -E 1e-14 --domE 1e-14 --cpu 30 /beegfs/home/lxd/4_salt_metagenomics/tools/CAZy/dbCAN-HMMdb-V8.txt /beegfs/home/lxd/2_sea_metagenomics/6.metabat2/bins_redup_refinem_drep/derep_70_10/derepbins_prodigal/KW1-S11_163.proteins.faa 
# Current dir:     /beegfs/home/lxd/2_sea_metagenomics/6.metabat2/bins_redup_refinem_drep/derep_70_10/derepbins_cazy
# Date:            Thu Mar  4 14:37:01 2021
# [ok]
