#                                                                            --- full sequence --- -------------- this domain -------------   hmm coord   ali coord   env coord
# target name        accession   tlen query name           accession   qlen   E-value  score  bias   #  of  c-Evalue  i-Evalue  score  bias  from    to  from    to  from    to  acc description of target
#------------------- ---------- ----- -------------------- ---------- ----- --------- ------ ----- --- --- --------- --------- ------ ----- ----- ----- ----- ----- ----- ----- ---- ---------------------
GT41.hmm             -            705 KW1-S05_82_cg4_22    -            214   3.6e-18   60.7   7.6   1   1   7.8e-20     5e-17   56.9   7.7    50   186    53   180    24   190 0.67 -
GT41.hmm             -            705 KW1-S05_82_cg7_1     -            658   1.6e-23   78.4   3.1   1   1   1.3e-16   8.2e-14   46.3   0.1    79   191   465   571   398   574 0.82 -
GT41.hmm             -            705 KW1-S05_82_cg11_12   -            398   9.8e-34  112.1  15.7   1   2   1.6e-15     1e-12   42.7   0.4    83   191    25   138    17   144 0.92 -
GT41.hmm             -            705 KW1-S05_82_cg11_12   -            398   9.8e-34  112.1  15.7   2   2   3.2e-15   2.1e-12   41.7   3.6    79   191   230   348   223   395 0.86 -
GH23.hmm             -            135 KW1-S05_82_cg12_2    -            192   4.8e-21   71.0   0.0   1   1   1.2e-23   7.9e-21   70.3   0.0     8   119    83   182    77   189 0.88 -
AA6.hmm              -            195 KW1-S05_82_cg12_7    -            202   6.8e-67  220.0   0.0   1   1   1.2e-69   7.6e-67  219.9   0.0     2   194     7   196     6   197 0.93 -
GT2_Glyco_tranf_2_3.hmm PF13641.5    230 KW1-S05_82_cg12_31   -            243   1.9e-18   62.5   1.0   1   1   4.7e-20   1.5e-17   59.5   1.0     1   214    11   206    10   219 0.85 Glycosyltransferase like family 2
GT2_Glycos_transf_2.hmm PF00535.25   170 KW1-S05_82_cg12_31   -            243   1.5e-16   56.0   0.0   1   1   7.2e-19   2.3e-16   55.4   0.0     2   143    15   148    14   169 0.86 Glycosyl transferase family 2
GT19.hmm             -            354 KW1-S05_82_cg14_20   -            365  9.7e-119  391.4   0.0   1   1  1.7e-121  1.1e-118  391.2   0.0    18   353     1   342     1   343 0.98 -
GH3.hmm              -            216 KW1-S05_82_cg17_4    -            340   1.5e-54  180.1   0.1   1   1   3.1e-57     2e-54  179.7   0.1     8   215    56   281    49   282 0.95 -
GT41.hmm             -            705 KW1-S05_82_cg24_5    -            193   1.5e-16   55.4   0.0   1   1   2.6e-19   1.7e-16   55.2   0.0    91   191    43   133    22   186 0.81 -
AA5.hmm              -           1281 KW1-S05_82_cg29_18   -            314   1.6e-22   74.2   7.5   1   1   6.1e-18     2e-15   50.8   0.7   557   720    25   180    19   192 0.83 -
GH23.hmm             -            135 KW1-S05_82_cg32_1    -            706   1.9e-24   82.0   1.1   1   1   8.6e-27   5.5e-24   80.5   1.1    14   123   549   698   536   703 0.85 -
GT41.hmm             -            705 KW1-S05_82_cg32_12   -            388   2.9e-34  113.9   0.5   1   1   6.7e-16   4.3e-13   43.9   0.0    94   191    30   121     5   122 0.82 -
GT2_Glycos_transf_2.hmm PF00535.25   170 KW1-S05_82_cg36_24   -            275   6.3e-25   83.2   0.0   1   1   1.3e-27   8.2e-25   82.9   0.0     2   120    37   149    36   191 0.91 Glycosyl transferase family 2
GT2_Glycos_transf_2.hmm PF00535.25   170 KW1-S05_82_cg38_15   -            391   4.5e-25   83.7   0.0   1   1   3.1e-27   6.5e-25   83.2   0.0     1   126    49   182    49   226 0.83 Glycosyl transferase family 2
GT2_Glyco_tranf_2_3.hmm PF13641.5    230 KW1-S05_82_cg38_15   -            391   6.8e-17   57.4   0.4   1   1   5.3e-19   1.1e-16   56.7   0.4     1   201    45   253    45   275 0.81 Glycosyltransferase like family 2
GT21.hmm                -            233 KW1-S05_82_cg38_15   -            391   8.8e-16   53.4   0.0   1   1   7.2e-18   1.5e-15   52.6   0.0     1   202    46   252    46   265 0.86 -
CE10.hmm             -            341 KW1-S05_82_cg42_6    -            291   3.1e-30  101.2   0.3   1   1   9.2e-33   5.9e-30  100.3   0.3    67   313    47   273    18   289 0.80 -
GT41.hmm             -            705 KW1-S05_82_cg44_2    -            669   5.5e-50  165.9  23.5   1   4   3.7e-17   2.3e-14   48.1   2.6    91   191     7    97     1    98 0.82 -
GT41.hmm             -            705 KW1-S05_82_cg44_2    -            669   5.5e-50  165.9  23.5   2   4   1.4e-17   9.1e-15   49.5   0.5   122   191    96   165    96   167 0.98 -
GT41.hmm             -            705 KW1-S05_82_cg44_2    -            669   5.5e-50  165.9  23.5   3   4   1.1e-15     7e-13   43.2   0.4   125   191   167   233   164   235 0.92 -
GT41.hmm             -            705 KW1-S05_82_cg44_2    -            669   5.5e-50  165.9  23.5   4   4   1.9e-15   1.2e-12   42.5   1.4   123   222   233   358   232   396 0.65 -
GH23.hmm             -            135 KW1-S05_82_cg44_6    -            679   1.3e-24   82.6   2.3   1   1   2.4e-27   1.5e-24   82.3   0.5    15   123   497   625   483   633 0.89 -
GT83.hmm             -            540 KW1-S05_82_cg44_8    -            610   4.9e-53  175.7  76.7   1   1   9.8e-56   6.3e-53  175.4  76.7     6   450    76   521    72   578 0.76 -
GT41.hmm             -            705 KW1-S05_82_cg46_9    -            568   1.5e-55  184.3  14.0   1   4   2.7e-16   1.7e-13   45.2   0.4    84   191    33   130     4   131 0.83 -
GT41.hmm             -            705 KW1-S05_82_cg46_9    -            568   1.5e-55  184.3  14.0   2   4   4.1e-16   2.6e-13   44.6   0.1   122   191   129   198   126   199 0.95 -
GT41.hmm             -            705 KW1-S05_82_cg46_9    -            568   1.5e-55  184.3  14.0   3   4   2.1e-22   1.3e-19   65.4   0.5   120   191   194   266   192   267 0.94 -
GT41.hmm             -            705 KW1-S05_82_cg46_9    -            568   1.5e-55  184.3  14.0   4   4   1.4e-15   8.9e-13   42.9   0.4   122   191   265   334   263   399 0.84 -
CE11.hmm             -            271 KW1-S05_82_cg47_4    -            310  4.3e-117  385.5   0.0   1   1  7.6e-120  4.9e-117  385.3   0.0     1   270     9   280     9   281 0.99 -
GT9.hmm              -            225 KW1-S05_82_cg48_2    -            345   1.3e-34  115.4   0.5   1   1   2.7e-37   1.7e-34  115.0   0.5     2   194    73   305    72   318 0.84 -
GT9.hmm              -            225 KW1-S05_82_cg48_3    -            348   3.8e-30  100.8   0.0   1   1   8.4e-33   5.4e-30  100.3   0.0     9   217   101   326    94   342 0.76 -
GT4.hmm              -            160 KW1-S05_82_cg48_4    -            367   6.5e-30   99.2   0.0   1   1   3.6e-32   1.2e-29   98.4   0.0    13   156   192   336   186   340 0.94 -
GT5.hmm              -            472 KW1-S05_82_cg48_4    -            367   6.3e-17   56.6   0.1   1   1   6.9e-19   2.2e-16   54.8   0.0   291   470   187   363   161   364 0.82 -
GT9.hmm              -            225 KW1-S05_82_cg48_5    -            364   5.3e-35  116.6   0.0   1   1   1.2e-37   7.6e-35  116.1   0.0     8   195    99   314    93   341 0.84 -
GT2_Glycos_transf_2.hmm PF00535.25   170 KW1-S05_82_cg50_47   -            212   6.4e-18   60.4   0.0   1   1   1.4e-20   8.8e-18   60.0   0.0    14   131     2   109     1   139 0.81 Glycosyl transferase family 2
GT4.hmm              -            160 KW1-S05_82_cg52_18   -            415   6.4e-31  102.5   0.0   1   1   1.6e-33     1e-30  101.9   0.0    12   158   229   380   223   382 0.96 -
GT4.hmm              -            160 KW1-S05_82_cg52_19   -            385   3.7e-27   90.3   0.0   1   1   1.1e-29   7.1e-27   89.4   0.0    28   159   223   351   198   352 0.88 -
GT28.hmm             -            157 KW1-S05_82_cg52_21   -            395   1.3e-15   52.8   0.5   1   1   3.3e-18   2.1e-15   52.1   0.5     6   133   220   351   191   380 0.87 -
AA7.hmm              -            458 KW1-S05_82_cg60_21   -            969   2.6e-19   65.4   2.4   1   1   3.3e-20   1.1e-17   60.1   1.4    12   146    45   182    41   192 0.93 -
AA4.hmm              -            522 KW1-S05_82_cg60_21   -            969   1.7e-15   51.9   0.1   1   1   2.5e-16   8.1e-14   46.4   0.1    53   193    47   186    34   192 0.88 -
GH103.hmm            -            295 KW1-S05_82_cg67_11   -            387   4.9e-94  310.0   0.0   1   1     1e-96   6.4e-94  309.6   0.0     7   294    92   379    87   380 0.95 -
GH102.hmm            -            157 KW1-S05_82_cg72_7    -            433   1.5e-58  192.6   0.0   1   1   3.4e-61   2.2e-58  192.0   0.0     1   156   164   319   164   320 0.99 -
AA4.hmm              -            522 KW1-S05_82_cg78_6    -            475   1.4e-29   98.4   0.0   1   1   2.3e-24   7.5e-22   72.9   0.0    15   239     6   220     2   239 0.84 -
AA7.hmm              -            458 KW1-S05_82_cg78_6    -            475   1.3e-15   53.3   4.4   1   1   1.3e-17   4.2e-15   51.6   3.3     9   207    36   244    33   254 0.91 -
GH15.hmm             -            361 KW1-S05_82_cg81_12   -            609   1.1e-82  273.4   0.9   1   1     2e-85   1.3e-82  273.1   0.9     2   360   226   600   225   601 0.90 -
GH65.hmm             -            372 KW1-S05_82_cg87_1    -            810  2.1e-137  453.2   0.1   1   1  4.2e-140  2.7e-137  452.9   0.1     1   370   318   727   318   729 0.98 -
GT20.hmm             -            475 KW1-S05_82_cg87_4    -            518  1.3e-174  576.5   0.0   1   1  2.4e-177  1.6e-174  576.2   0.0     9   472     9   492     2   495 0.93 -
GT51.hmm             -            177 KW1-S05_82_cg88_1    -            240   1.3e-55  183.0   0.0   1   1   2.6e-58   1.7e-55  182.6   0.0    14   172    67   225    56   229 0.97 -
GH23.hmm             -            135 KW1-S05_82_cg90_1    -            519   1.9e-20   69.1   0.2   1   1   1.2e-22   3.7e-20   68.1   0.2     5   120   153   268   149   296 0.83 -
AA4.hmm              -            522 KW1-S05_82_cg95_10   -            496     1e-26   88.9   0.0   1   1   5.2e-22   1.7e-19   65.1   0.0    10   249    10   239     3   272 0.85 -
AA7.hmm              -            458 KW1-S05_82_cg95_10   -            496   2.7e-23   78.6   0.1   1   1   3.2e-24     1e-21   73.4   0.2    14   195    51   240    46   253 0.88 -
GT2_Glycos_transf_2.hmm PF00535.25   170 KW1-S05_82_cg97_14   -            226   2.7e-25   84.4   0.0   1   1   5.9e-28   3.8e-25   83.9   0.0     1   131     3   123     3   153 0.83 Glycosyl transferase family 2
GT9.hmm              -            225 KW1-S05_82_cg102_3   -            348   3.9e-56  185.8   0.0   1   1   7.6e-59   4.9e-56  185.4   0.0     2   222    74   321    73   324 0.88 -
GH23.hmm             -            135 KW1-S05_82_cg109_38  -            401   9.3e-21   70.1   4.0   1   1   5.5e-23   3.5e-20   68.2   0.0    17   120   248   393   242   399 0.88 -
GH65.hmm             -            372 KW1-S05_82_cg112_1   -            521  1.3e-146  483.5   4.8   1   1  2.5e-149  1.6e-146  483.3   4.8     2   370    71   445    70   447 0.98 -
CE11.hmm             -            271 KW1-S05_82_cg112_7   -            318  4.8e-111  365.7   0.0   1   1  8.7e-114  5.6e-111  365.4   0.0     1   270     3   274     3   275 0.98 -
GT41.hmm             -            705 KW1-S05_82_cg113_5   -            588   9.3e-43  142.0   4.3   1   3     4e-17   2.6e-14   48.0   0.5    82   191    65   164    26   166 0.78 -
GT41.hmm             -            705 KW1-S05_82_cg113_5   -            588   9.3e-43  142.0   4.3   2   3   3.5e-20   2.3e-17   58.1   0.6   119   191   159   232   158   233 0.93 -
GT41.hmm             -            705 KW1-S05_82_cg113_5   -            588   9.3e-43  142.0   4.3   3   3   2.8e-18   1.8e-15   51.8   0.0   125   205   200   272   199   521 0.76 -
GT51.hmm             -            177 KW1-S05_82_cg130_17  -            866   1.9e-69  228.0   0.0   1   1   4.9e-72   3.1e-69  227.3   0.0     2   177    73   248    72   248 0.99 -
GT2_Glyco_tranf_2_3.hmm PF13641.5    230 KW1-S05_82_cg140_34  -            380   1.3e-20   69.6   0.0   1   1   7.1e-23   2.3e-20   68.8   0.0     3   201    44   243    43   281 0.84 Glycosyltransferase like family 2
GT2_Glycos_transf_2.hmm PF00535.25   170 KW1-S05_82_cg140_34  -            380   1.4e-17   59.4   0.0   1   1     6e-20   1.9e-17   58.9   0.0     1   169    46   216    46   217 0.92 Glycosyl transferase family 2
AA3_2.hmm            -            568 KW1-S05_82_cg143_2   -            549  3.8e-178  589.0   0.0   1   1  3.7e-180  4.8e-178  588.7   0.0     2   567    17   542    16   543 0.97 -
AA3.hmm              -            618 KW1-S05_82_cg143_2   -            549  4.3e-115  380.7   0.0   1   1    4e-117  5.2e-115  380.4   0.0    80   403     8   546     3   548 0.89 -
AA3_3.hmm            -            590 KW1-S05_82_cg143_2   -            549   5.8e-88  291.0   0.0   1   2   1.5e-67   1.9e-65  216.6   0.0     3   353    18   357    16   368 0.86 -
AA3_3.hmm            -            590 KW1-S05_82_cg143_2   -            549   5.8e-88  291.0   0.0   2   2   1.2e-18   1.5e-16   55.1   0.0   512   587   468   542   456   544 0.89 -
AA3_1.hmm            -            548 KW1-S05_82_cg143_2   -            549   7.4e-56  185.1   0.0   1   1   2.2e-57   2.8e-55  183.2   0.0    13   546    14   542     3   544 0.77 -
AA8.hmm              -            815 KW1-S05_82_cg143_2   -            549   2.1e-46  153.6   0.0   1   1   2.3e-47   2.9e-45  149.8   0.0   245   778    17   545     5   548 0.77 -
CBM50.hmm            -             40 KW1-S05_82_cg144_7   -            682   4.5e-25   83.1   0.2   1   1   1.2e-15   3.7e-13   45.0   0.0     1    39   403   445   403   446 0.90 -
GH23.hmm             -            135 KW1-S05_82_cg144_7   -            682   2.8e-21   71.7   0.1   1   1   1.9e-23     6e-21   70.7   0.1     5   105   152   272   148   296 0.81 -
GT41.hmm             -            705 KW1-S05_82_cg147_20  -            573   5.5e-30   99.8  25.5   1   1   1.9e-17   1.2e-14   49.1   4.4    29   191   369   523   350   554 0.85 -
GT2_Glycos_transf_2.hmm PF00535.25   170 KW1-S05_82_cg147_45  -            296   9.2e-32  105.5   0.0   1   1   7.6e-34   1.2e-31  105.1   0.0     1   114     4   112     4   163 0.84 Glycosyl transferase family 2
GT2_Glyco_tranf_2_2.hmm PF10111.8    276 KW1-S05_82_cg147_45  -            296   7.6e-22   73.3   0.0   1   1   9.9e-15   1.6e-12   42.8   0.0     1   106     4   102     4   121 0.90 Glycosyltransferase like family 2
GT2_Glyco_tranf_2_3.hmm PF13641.5    230 KW1-S05_82_cg147_45  -            296     1e-21   73.1   0.0   1   1   9.8e-24   1.6e-21   72.6   0.0     3   196     2   183     1   217 0.86 Glycosyltransferase like family 2
GT27.hmm                -            295 KW1-S05_82_cg147_45  -            296   1.8e-17   58.9   0.0   1   1   7.1e-19   1.1e-16   56.2   0.0     1   116     4   111     4   120 0.89 -
GT30.hmm             -            177 KW1-S05_82_cg155_4   -            417   3.5e-61  201.0   0.0   1   1   9.3e-64   5.9e-61  200.3   0.0     4   175    35   209    32   211 0.97 -
GH23.hmm             -            135 KW1-S05_82_cg158_20  -            510   1.3e-22   76.0   0.2   1   1   2.6e-24   1.7e-21   72.5   0.0    13   126   336   488   324   497 0.91 -
CE10.hmm             -            341 KW1-S05_82_cg173_1   -            642   7.7e-27   90.1   0.2   1   1   1.8e-29   1.2e-26   89.4   0.2    78   334   380   626   349   631 0.82 -
GT20.hmm             -            475 KW1-S05_82_cg173_16  -            524  6.8e-172  567.5   0.0   1   1  1.3e-174  8.6e-172  567.1   0.0    13   472    20   498    11   501 0.93 -
GH65.hmm             -            372 KW1-S05_82_cg173_18  -            806  1.5e-138  457.1   0.1   1   1  2.9e-141  1.9e-138  456.7   0.1     1   370   317   726   317   728 0.98 -
GH23.hmm             -            135 KW1-S05_82_cg179_1   -            503   2.4e-21   72.0   3.5   1   1   3.7e-24   2.4e-21   72.0   3.5     4   127   210   352   207   358 0.90 -
GT41.hmm             -            705 KW1-S05_82_cg184_2   -            555   1.4e-42  141.4   3.0   1   3   5.2e-15   3.3e-12   41.0   0.8    95   191     9    95     1    96 0.82 -
GT41.hmm             -            705 KW1-S05_82_cg184_2   -            555   1.4e-42  141.4   3.0   2   3   1.1e-20   6.8e-18   59.8   0.3   119   191    90   163    89   168 0.92 -
GT41.hmm             -            705 KW1-S05_82_cg184_2   -            555   1.4e-42  141.4   3.0   3   3   6.7e-17   4.3e-14   47.2   0.0   121   192   160   319   159   423 0.69 -
GT41.hmm             -            705 KW1-S05_82_cg184_5   -            825   1.8e-45  150.9  16.7   1   4   1.8e-17   1.1e-14   49.2   1.2    77   191    25   129    10   131 0.89 -
GT41.hmm             -            705 KW1-S05_82_cg184_5   -            825   1.8e-45  150.9  16.7   2   4   1.3e-15     8e-13   43.0   0.2   118   191   123   197   123   198 0.94 -
GT41.hmm             -            705 KW1-S05_82_cg184_5   -            825   1.8e-45  150.9  16.7   3   4     2e-16   1.3e-13   45.6   0.4   124   191   198   265   196   266 0.95 -
GT41.hmm             -            705 KW1-S05_82_cg184_5   -            825   1.8e-45  150.9  16.7   4   4   1.8e-15   1.1e-12   42.5   1.0   127   261   235   384   233   401 0.54 -
GT41.hmm             -            705 KW1-S05_82_cg184_10  -            506   3.2e-30  100.5  21.4   1   1   1.5e-22   9.8e-20   65.9   9.0    54   191    11   172     2   173 0.93 -
GT41.hmm             -            705 KW1-S05_82_cg186_1   -            425   4.6e-36  119.8  17.0   1   2     3e-24   1.9e-21   71.5   5.9    60   191     4   125     1   126 0.93 -
GT41.hmm             -            705 KW1-S05_82_cg186_1   -            425   4.6e-36  119.8  17.0   2   2   2.3e-21   1.5e-18   62.0   3.3   123   219    91   178    90   259 0.86 -
GT41.hmm             -            705 KW1-S05_82_cg186_3   -            748   6.6e-31  102.8   5.9   1   2   9.1e-18   5.8e-15   50.1   0.1   117   191    82   157    78   161 0.94 -
GT41.hmm             -            705 KW1-S05_82_cg186_3   -            748   6.6e-31  102.8   5.9   2   2   1.5e-16   9.8e-14   46.0   0.1   117   192   150   280   149   506 0.69 -
CE3.hmm              -            194 KW1-S05_82_cg186_11  -            206     5e-15   51.2   0.0   1   1   8.3e-17   5.3e-14   47.9   0.0     3   188    10   177     9   183 0.84 -
GH23.hmm             -            135 KW1-S05_82_cg191_3   -            169     3e-33  110.5   2.2   1   1   5.1e-36   3.3e-33  110.4   1.7    17   123    58   163    44   167 0.94 -
CE11.hmm             -            271 KW1-S05_82_cg208_2   -            304  1.2e-112  370.9   0.0   1   1  2.2e-115  1.4e-112  370.7   0.0     1   270     4   275     4   276 0.99 -
GT28.hmm             -            157 KW1-S05_82_cg208_8   -            354   8.4e-53  173.6   0.0   1   1   1.9e-55   1.2e-52  173.1   0.0     2   157   179   339   178   339 0.95 -
#
# Program:         hmmscan
# Version:         3.3.1 (Jul 2020)
# Pipeline mode:   SCAN
# Query file:      /beegfs/home/lxd/2_sea_metagenomics/6.metabat2/bins_redup_refinem_drep/derep_70_10/derepbins_prodigal/KW1-S05_82.proteins.faa
# Target file:     /beegfs/home/lxd/4_salt_metagenomics/tools/CAZy/dbCAN-HMMdb-V8.txt
# Option settings: hmmscan --tblout KW1-S05_82.tbl --domtblout KW1-S05_82_dom.tbl --acc --noali --notextw -E 1e-14 --domE 1e-14 --cpu 30 /beegfs/home/lxd/4_salt_metagenomics/tools/CAZy/dbCAN-HMMdb-V8.txt /beegfs/home/lxd/2_sea_metagenomics/6.metabat2/bins_redup_refinem_drep/derep_70_10/derepbins_prodigal/KW1-S05_82.proteins.faa 
# Current dir:     /beegfs/home/lxd/2_sea_metagenomics/6.metabat2/bins_redup_refinem_drep/derep_70_10/derepbins_cazy
# Date:            Thu Mar  4 11:45:45 2021
# [ok]
