#                                                                            --- full sequence --- -------------- this domain -------------   hmm coord   ali coord   env coord
# target name        accession   tlen query name           accession   qlen   E-value  score  bias   #  of  c-Evalue  i-Evalue  score  bias  from    to  from    to  from    to  acc description of target
#------------------- ---------- ----- -------------------- ---------- ----- --------- ------ ----- --- --- --------- --------- ------ ----- ----- ----- ----- ----- ----- ----- ---- ---------------------
GH13_9.hmm           -            301 KW1-S15_72_cg5_4     -            641  5.2e-165  543.2   0.2   1   1    8e-167  6.4e-165  542.9   0.2     1   301   189   489   189   489 1.00 -
GH13_8.hmm           -            293 KW1-S15_72_cg5_4     -            641   2.6e-49  163.2   0.1   1   1     5e-51     4e-49  162.6   0.1     1   244   212   451   212   465 0.85 -
GH13_10.hmm          -            313 KW1-S15_72_cg5_4     -            641   3.8e-39  130.1   0.0   1   1   1.2e-38   9.7e-37  122.2   0.0     7   236   180   434   178   449 0.77 -
GH13.hmm             -            299 KW1-S15_72_cg5_4     -            641   1.1e-31  106.5   7.3   1   1   2.1e-33   1.7e-31  105.9   7.3    21   294   186   494   172   499 0.70 -
GH13_3.hmm           -            210 KW1-S15_72_cg5_4     -            641   3.4e-29   97.1   0.1   1   1   8.4e-31   6.7e-29   96.1   0.1     3   209   186   408   184   409 0.93 -
GH13_11.hmm          -            351 KW1-S15_72_cg5_4     -            641   1.2e-20   69.3   0.0   1   1   2.7e-22   2.2e-20   68.5   0.0     4   170   180   325   179   359 0.88 -
CBM48.hmm            -             76 KW1-S15_72_cg5_4     -            641     9e-19   63.2   0.1   1   1   2.8e-20   2.3e-18   61.9   0.1     3    71    35   121    33   127 0.87 -
GH13_14.hmm          -            289 KW1-S15_72_cg5_4     -            641   1.2e-17   59.4   0.0   1   1   2.5e-19     2e-17   58.7   0.0     1   152   188   323   188   328 0.89 -
GH77.hmm             -            494 KW1-S15_72_cg5_5     -            490  4.4e-147  486.1   4.0   1   1  7.9e-150  5.1e-147  485.9   4.0     2   482    16   480    15   489 0.94 -
GT5.hmm              -            472 KW1-S15_72_cg5_6     -            523    1e-118  392.3   0.0   1   1  1.9e-121  1.2e-118  392.0   0.0     1   468     6   517     6   521 0.88 -
GT35.hmm             -            674 KW1-S15_72_cg5_9     -            174   6.4e-58  192.0   0.0   1   1   1.1e-60   7.2e-58  191.8   0.0   512   673     1   165     1   166 0.99 -
GH103.hmm            -            295 KW1-S15_72_cg13_1    -             95   3.6e-19   64.2   0.1   1   1   5.8e-22   3.7e-19   64.2   0.1   211   294     7    90     1    91 0.81 -
GT41.hmm             -            705 KW1-S15_72_cg31_4    -            272   3.3e-49  163.3  14.7   1   3   2.2e-21   1.4e-18   62.0   1.2    76   191    39   144    24   147 0.80 -
GT41.hmm             -            705 KW1-S15_72_cg31_4    -            272   3.3e-49  163.3  14.7   2   3   6.4e-23   4.1e-20   67.1   0.7   122   191   143   212   140   213 0.94 -
GT41.hmm             -            705 KW1-S15_72_cg31_4    -            272   3.3e-49  163.3  14.7   3   3     1e-16   6.4e-14   46.7   1.0   121   183   209   272   208   272 0.93 -
GT4.hmm              -            160 KW1-S15_72_cg44_5    -            427     8e-27   89.2   0.0   1   1   2.4e-29   1.5e-26   88.3   0.0    14   155   232   387   222   392 0.94 -
GH84.hmm             -            295 KW1-S15_72_cg48_8    -            346   4.4e-79  261.0   0.0   1   1   8.2e-82   5.3e-79  260.8   0.0     2   264     6   273     5   295 0.97 -
GT5.hmm              -            472 KW1-S15_72_cg80_3    -            303   2.4e-61  203.1   0.0   1   1   4.3e-64   2.8e-61  202.9   0.0   207   471     2   299     1   300 0.80 -
GT2_Glycos_transf_2.hmm PF00535.25   170 KW1-S15_72_cg81_13   -            293   9.9e-33  108.6   0.0   1   1   2.1e-35   1.4e-32  108.2   0.0     1   169     8   172     8   173 0.94 Glycosyl transferase family 2
GH109.hmm            -            126 KW1-S15_72_cg82_2    -            456     3e-20   68.2   0.1   1   1   8.4e-23   5.4e-20   67.4   0.1     2   122    54   171    53   174 0.92 -
AA4.hmm              -            522 KW1-S15_72_cg87_9    -            495   7.2e-24   79.5   0.7   1   1   3.2e-23     1e-20   69.1   0.8    12   260    35   273    30   303 0.83 -
AA7.hmm              -            458 KW1-S15_72_cg87_9    -            495   1.7e-19   66.1   4.8   1   1   3.1e-20   9.9e-18   60.3   6.8    14   217    73   282    61   337 0.80 -
CE10.hmm             -            341 KW1-S15_72_cg111_13  -            423   3.5e-55  183.2   0.2   1   1   7.1e-58   4.6e-55  182.9   0.2    33   332   109   412    71   419 0.80 -
GT41.hmm             -            705 KW1-S15_72_cg116_3   -            529   1.7e-15   51.9   7.3   1   1     6e-16   3.9e-13   44.1   7.6    60   188    37   155    10   264 0.62 -
AA12.hmm             -            401 KW1-S15_72_cg121_9   -            508   2.9e-33  110.3   0.0   1   2   6.1e-22   3.9e-19   63.8   0.0    10   215    55   243    47   266 0.90 -
AA12.hmm             -            401 KW1-S15_72_cg121_9   -            508   2.9e-33  110.3   0.0   2   2   1.1e-15   7.1e-13   43.2   0.1   290   344   285   346   265   392 0.79 -
GT41.hmm             -            705 KW1-S15_72_cg126_5   -            674   2.6e-40  133.9   9.7   1   3     5e-16   3.2e-13   44.3   0.0    60   191    20   141     7   147 0.93 -
GT41.hmm             -            705 KW1-S15_72_cg126_5   -            674   2.6e-40  133.9   9.7   2   3   2.6e-16   1.7e-13   45.3   1.7    89   191   149   241   142   243 0.89 -
GT41.hmm             -            705 KW1-S15_72_cg126_5   -            674   2.6e-40  133.9   9.7   3   3   6.9e-17   4.4e-14   47.2   0.7   121   191   238   309   235   577 0.85 -
CE10.hmm             -            341 KW1-S15_72_cg138_15  -            751   1.5e-20   69.4   0.3   1   1   7.1e-23   2.3e-20   68.8   0.3    81   310   502   728   455   747 0.81 -
CE1.hmm              -            227 KW1-S15_72_cg138_15  -            751   7.3e-15   50.6   2.5   1   1   9.1e-17   2.9e-14   48.6   0.8    10   210   503   729   495   743 0.71 -
GH23.hmm             -            135 KW1-S15_72_cg138_24  -            393   6.8e-26   86.7   0.2   1   1   1.8e-28   1.1e-25   86.0   0.2    17   121   188   292   170   304 0.86 -
GT4.hmm              -            160 KW1-S15_72_cg142_5   -            470     6e-36  118.8   0.0   1   1   4.1e-38   1.3e-35  117.7   0.0    18   159   297   436   284   437 0.96 -
GT5.hmm              -            472 KW1-S15_72_cg142_5   -            470   6.2e-21   69.8   0.1   1   1   1.3e-19   4.1e-17   57.2   0.0   241   472   265   462   151   462 0.72 -
CE10.hmm             -            341 KW1-S15_72_cg145_3   -            270   6.4e-51  169.2   0.2   1   1   1.1e-53   7.2e-51  169.1   0.2    70   269    74   268    39   269 0.88 -
AA1.hmm              -            943 KW1-S15_72_cg148_7   -            621   1.9e-70  233.4  11.8   1   2     8e-59   1.3e-56  187.7   1.9   453   680    79   349    46   375 0.83 -
AA1.hmm              -            943 KW1-S15_72_cg148_7   -            621   1.9e-70  233.4  11.8   2   2   1.6e-17   2.6e-15   51.0   2.6   462   538   533   611   496   615 0.85 -
AA1_3.hmm            -            312 KW1-S15_72_cg148_7   -            621   1.1e-53  177.7   6.0   1   1     2e-50   3.2e-48  159.8   0.7     8   267    52   343    49   358 0.90 -
AA1_2.hmm            -            337 KW1-S15_72_cg148_7   -            621   4.6e-50  165.8   3.4   1   1     6e-48   9.6e-46  151.6   0.1     2   238    76   351    75   367 0.90 -
AA1_1.hmm            -            303 KW1-S15_72_cg148_7   -            621   2.1e-35  117.5   1.3   1   1   2.7e-26   4.4e-24   80.4   0.1     4   145    72   201    69   234 0.86 -
CE10.hmm             -            341 KW1-S15_72_cg172_10  -            320   7.1e-59  195.4   0.1   1   1   1.4e-61   8.8e-59  195.1   0.1    66   312    47   293    18   314 0.84 -
GT51.hmm             -            177 KW1-S15_72_cg174_8   -            201   1.5e-52  173.0   0.0   1   1   2.7e-55   1.7e-52  172.8   0.0     2   147    55   200    54   200 0.99 -
GH23.hmm             -            135 KW1-S15_72_cg175_1   -            639   1.7e-27   91.9   0.7   1   1   2.6e-30   1.7e-27   91.9   0.7    19   121   493   615   477   626 0.92 -
GT2_Glycos_transf_2.hmm PF00535.25   170 KW1-S15_72_cg175_3   -            231   1.2e-15   53.0   0.0   1   1   2.4e-18   1.5e-15   52.7   0.0     1    94    12    96    12   149 0.90 Glycosyl transferase family 2
GT41.hmm             -            705 KW1-S15_72_cg183_3   -            663   9.1e-32  105.6   6.3   1   1   5.8e-17   3.7e-14   47.4   0.0    65   191   339   455   334   455 0.91 -
CE10.hmm             -            341 KW1-S15_72_cg188_5   -            687   6.7e-25   83.7   0.6   1   1   1.5e-27   9.7e-25   83.2   0.6    58   332   406   668   373   672 0.83 -
GT41.hmm             -            705 KW1-S15_72_cg190_5   -            356   9.7e-29   95.6   8.3   1   1   1.7e-15   1.1e-12   42.6   0.4    60   191    44   166     5   166 0.67 -
CE13.hmm             -            355 KW1-S15_72_cg209_2   -            604   1.5e-21   72.0   0.0   1   1     4e-24   2.6e-21   71.3   0.0    15   201   256   448   247   487 0.77 -
GH13_33.hmm          -            322 KW1-S15_72_cg226_3   -            718  1.2e-125  414.2   0.0   1   1  5.1e-128  1.6e-125  413.8   0.0     1   321   111   433   111   434 0.99 -
GH13_16.hmm          -            353 KW1-S15_72_cg226_3   -            718   4.6e-15   50.8   0.0   1   1   6.5e-17   2.1e-14   48.7   0.0    42   288   146   438   107   443 0.81 -
GH23.hmm             -            135 KW1-S15_72_cg234_2   -            524   1.2e-23   79.4   1.4   1   1   2.7e-26   1.8e-23   78.9   0.8    15   121   367   503   355   512 0.89 -
CE10.hmm             -            341 KW1-S15_72_cg234_4   -            360   6.3e-47  156.1   0.0   1   1   1.2e-49   7.6e-47  155.8   0.0    81   335    97   348    33   352 0.81 -
AA3.hmm              -            618 KW1-S15_72_cg241_1   -            572   1.2e-48  161.2   0.0   1   1     1e-50   1.6e-48  160.8   0.0    85   401     8   565     2   569 0.76 -
AA3_4.hmm            -            549 KW1-S15_72_cg241_1   -            572   4.3e-15   50.7   0.1   1   1   3.3e-15   5.3e-13   43.8   0.0   410   548   428   564   424   565 0.85 -
GT51.hmm             -            177 KW1-S15_72_cg249_4   -            748   6.2e-60  197.0   0.0   1   1   1.5e-62   9.5e-60  196.4   0.0    10   176   147   317   139   318 0.96 -
AA6.hmm              -            195 KW1-S15_72_cg262_1   -            203   7.6e-69  226.4   0.0   1   1   1.3e-71   8.4e-69  226.2   0.0     2   194     7   196     6   197 0.94 -
CE1.hmm              -            227 KW1-S15_72_cg277_17  -            286   1.3e-53  177.4   0.1   1   1   2.3e-56   1.5e-53  177.2   0.1     1   225    23   277    23   279 0.85 -
AA4.hmm              -            522 KW1-S15_72_cg297_1   -            244   5.5e-21   70.0   0.0   1   1   2.2e-23     7e-21   69.7   0.0    18   244     9   226     3   243 0.86 -
AA7.hmm              -            458 KW1-S15_72_cg297_1   -            244   1.2e-15   53.3   0.5   1   1   9.1e-18   2.9e-15   52.1   0.5     6   192    34   228    31   243 0.81 -
GT41.hmm             -            705 KW1-S15_72_cg301_4   -            659  3.6e-147  487.1   0.0   1   2   2.2e-22   1.4e-19   65.4   0.7    60   191    13   134     3   136 0.93 -
GT41.hmm             -            705 KW1-S15_72_cg301_4   -            659  3.6e-147  487.1   0.0   2   2  1.4e-129  9.1e-127  419.7   0.0   124   522   135   646   132   651 0.97 -
GT28.hmm             -            157 KW1-S15_72_cg307_20  -            368   1.9e-54  178.9   0.2   1   1   4.7e-57     3e-54  178.3   0.2     2   156   190   350   189   351 0.95 -
GT2_Glycos_transf_2.hmm PF00535.25   170 KW1-S15_72_cg311_7   -            342   1.5e-27   91.7   0.0   1   1   3.6e-30   2.3e-27   91.1   0.0     3   165    23   185    22   190 0.89 Glycosyl transferase family 2
CE10.hmm             -            341 KW1-S15_72_cg313_6   -            293   1.1e-44  148.8   0.4   1   1   1.9e-47   1.2e-44  148.6   0.4    97   335    69   291    32   292 0.90 -
GT35.hmm             -            674 KW1-S15_72_cg349_1   -            821  1.9e-277  917.4   0.0   1   1  3.4e-280  2.2e-277  917.2   0.0     1   672   106   819   106   820 0.98 -
GT2_Glycos_transf_2.hmm PF00535.25   170 KW1-S15_72_cg350_2   -            285   3.1e-31  103.8   0.0   1   1   6.2e-34     4e-31  103.4   0.0     1   166     5   157     5   161 0.96 Glycosyl transferase family 2
AA4.hmm              -            522 KW1-S15_72_cg358_11  -            485   5.6e-23   76.6   0.0   1   1   1.9e-17     6e-15   50.1   0.0    15   191    19   193    12   275 0.83 -
AA7.hmm              -            458 KW1-S15_72_cg358_11  -            485   2.7e-22   75.3   1.1   1   1   7.5e-22   2.4e-19   65.6   0.9    13   197    54   243    50   256 0.87 -
GH23.hmm             -            135 KW1-S15_72_cg371_4   -            221   5.2e-20   67.6   0.1   1   1   1.3e-22     8e-20   67.0   0.1    11   123   110   210   101   218 0.89 -
AA1.hmm              -            943 KW1-S15_72_cg420_20  -            555   1.5e-27   91.5   4.1   1   1   6.8e-30   1.5e-27   91.5   4.1   458   667   189   444    81   449 0.80 -
AA1_2.hmm            -            337 KW1-S15_72_cg420_20  -            555   3.7e-19   64.2   0.1   1   1   5.8e-21   1.2e-18   62.5   0.1    12   225   191   444   188   451 0.78 -
AA1_3.hmm            -            312 KW1-S15_72_cg420_20  -            555   6.8e-17   56.9   0.2   1   1   8.7e-19   1.8e-16   55.4   0.2    41   262   190   444   181   461 0.79 -
GH23.hmm             -            135 KW1-S15_72_cg429_2   -            202   6.1e-15   51.2   0.9   1   1   1.2e-17   7.9e-15   50.9   0.9     9   116    45   183    36   193 0.76 -
GT2_Glycos_transf_2.hmm PF00535.25   170 KW1-S15_72_cg434_2   -            309   3.8e-18   61.2   0.0   1   1     1e-20   6.5e-18   60.4   0.0     2   108     8   114     7   164 0.91 Glycosyl transferase family 2
AA7.hmm              -            458 KW1-S15_72_cg450_1   -            372   4.6e-78  259.2   0.9   1   1     1e-71   6.4e-69  229.0   0.2    55   361     2   300     1   321 0.91 -
AA7.hmm              -            458 KW1-S15_72_cg452_8   -            182   1.7e-57  191.4   9.2   1   1     3e-60   1.9e-57  191.2   9.2     3   144    41   182    39   182 0.99 -
AA3.hmm              -            618 KW1-S15_72_cg465_1   -            465   4.7e-15   50.2   0.0   1   1     1e-17   6.6e-15   49.7   0.0   208   392    32   298    11   314 0.59 -
GT2_Glycos_transf_2.hmm PF00535.25   170 KW1-S15_72_cg475_2   -            295   7.3e-17   57.0   0.0   1   1   2.1e-19   1.4e-16   56.1   0.0     1   130    10   140    10   167 0.93 Glycosyl transferase family 2
AA7.hmm              -            458 KW1-S15_72_cg475_4   -            517   2.3e-92  306.3   9.2   1   1   1.4e-87     9e-85  281.3   6.0     3   363    94   451    92   457 0.88 -
CBM50.hmm            -             40 KW1-S15_72_cg477_1   -            646   9.6e-26   85.3   0.7   1   1   5.1e-15   1.6e-12   42.9   0.0     1    40   393   436   393   436 0.88 -
GH23.hmm             -            135 KW1-S15_72_cg477_1   -            646   8.5e-16   54.0   2.1   1   1   4.3e-18   1.4e-15   53.3   1.0    17   119   167   268   151   291 0.79 -
GT41.hmm             -            705 KW1-S15_72_cg481_5   -            504   7.5e-39  129.1   8.4   1   3   4.3e-15   2.8e-12   41.2   0.4    99   191    14   108     3   112 0.77 -
GT41.hmm             -            705 KW1-S15_72_cg481_5   -            504   7.5e-39  129.1   8.4   2   3   3.2e-18     2e-15   51.6   0.1   117   191   101   176   101   177 0.97 -
GT41.hmm             -            705 KW1-S15_72_cg481_5   -            504   7.5e-39  129.1   8.4   3   3   5.9e-17   3.8e-14   47.4   0.9   122   188   175   241   171   329 0.88 -
GH13_11.hmm          -            351 KW1-S15_72_cg511_1   -            277     6e-35  116.4   0.0   1   1   7.4e-37     8e-35  116.0   0.0     1    96   184   277   184   277 0.98 -
GH13_10.hmm          -            313 KW1-S15_72_cg511_1   -            277   1.3e-24   82.3   0.1   1   1   1.7e-26   1.8e-24   81.9   0.1     3    83   183   277   182   277 0.92 -
CBM48.hmm            -             76 KW1-S15_72_cg511_1   -            277   7.5e-19   63.4   0.2   1   1   1.4e-20   1.5e-18   62.5   0.2     2    70    12   102    11   108 0.84 -
GH13_14.hmm          -            289 KW1-S15_72_cg511_1   -            277   8.7e-19   63.2   0.0   1   1   1.1e-20   1.2e-18   62.7   0.0     2    84   197   276   196   277 0.88 -
GH13.hmm             -            299 KW1-S15_72_cg511_1   -            277   7.4e-16   54.5   0.0   1   1   1.3e-17   1.4e-15   53.6   0.0    12    87   184   276   171   277 0.85 -
GH13_41.hmm          -            294 KW1-S15_72_cg511_1   -            277   4.9e-15   51.0   0.0   1   1   5.7e-17   6.1e-15   50.7   0.0     6    91   192   276   185   277 0.86 -
GH13_9.hmm           -            301 KW1-S15_72_cg511_2   -            741  1.8e-161  531.6   0.1   1   1  3.2e-163  2.3e-161  531.3   0.1     1   301   287   587   287   587 1.00 -
GH13_8.hmm           -            293 KW1-S15_72_cg511_2   -            741   1.3e-44  147.8   0.1   1   1     3e-46   2.1e-44  147.1   0.1     1   245   310   550   310   563 0.86 -
GH13_10.hmm          -            313 KW1-S15_72_cg511_2   -            741   1.9e-38  127.8   0.0   1   1   6.1e-38   4.4e-36  120.1   0.0     6   205   277   500   273   522 0.83 -
GH13.hmm             -            299 KW1-S15_72_cg511_2   -            741   1.3e-31  106.3   4.5   1   1     3e-33   2.1e-31  105.5   4.5    22   293   286   591   263   596 0.69 -
GH13_3.hmm           -            210 KW1-S15_72_cg511_2   -            741   7.8e-30   99.2   0.0   1   1   2.3e-31   1.7e-29   98.1   0.0     3   209   284   506   282   507 0.90 -
CBM48.hmm            -             76 KW1-S15_72_cg511_2   -            741   9.2e-26   85.6   0.1   1   1   3.8e-19   2.7e-17   58.4   0.1     3    72   131   218   129   222 0.83 -
GH13_11.hmm          -            351 KW1-S15_72_cg511_2   -            741     6e-19   63.7   0.0   1   1   1.3e-20   9.2e-19   63.1   0.0     3   172   277   425   276   531 0.78 -
GH13_14.hmm          -            289 KW1-S15_72_cg511_2   -            741   6.8e-15   50.4   0.0   1   1   1.6e-16   1.1e-14   49.6   0.0     2   152   287   421   286   427 0.90 -
GH77.hmm             -            494 KW1-S15_72_cg511_3   -            679  2.8e-126  417.4   0.1   1   2   4.4e-36   2.8e-33  110.7   0.0     2   142   158   312   157   318 0.85 -
GH77.hmm             -            494 KW1-S15_72_cg511_3   -            679  2.8e-126  417.4   0.1   2   2   5.1e-95   3.2e-92  305.1   0.1   175   487   322   667   310   673 0.91 -
CBM50.hmm            -             40 KW1-S15_72_cg513_4   -            492   4.7e-37  121.4   2.5   1   1   3.2e-17     1e-14   49.9   0.0     1    39   374   416   374   416 0.92 -
GH23.hmm             -            135 KW1-S15_72_cg513_4   -            492   4.9e-21   71.0   1.5   1   1   2.5e-23     8e-21   70.3   0.4     2   124    69   209    68   216 0.90 -
PL22.hmm             -            265 KW1-S15_72_cg514_8   -            431   1.9e-28   94.7   0.0   1   1   1.4e-15   8.8e-13   43.3   0.0   136   245   284   393   281   405 0.85 -
GT41.hmm             -            705 KW1-S15_72_cg525_3   -            340   3.1e-36  120.4   2.9   1   2   2.8e-24   1.8e-21   71.6   0.8    84   191    28   125     2   127 0.79 -
GT41.hmm             -            705 KW1-S15_72_cg525_3   -            340   3.1e-36  120.4   2.9   2   2   1.2e-19   7.4e-17   56.4   0.0   123   215    91   170    90   219 0.78 -
#
# Program:         hmmscan
# Version:         3.3.1 (Jul 2020)
# Pipeline mode:   SCAN
# Query file:      /beegfs/home/lxd/2_sea_metagenomics/6.metabat2/bins_redup_refinem_drep/derep_70_10/derepbins_prodigal/KW1-S15_72.proteins.faa
# Target file:     /beegfs/home/lxd/4_salt_metagenomics/tools/CAZy/dbCAN-HMMdb-V8.txt
# Option settings: hmmscan --tblout KW1-S15_72.tbl --domtblout KW1-S15_72_dom.tbl --acc --noali --notextw -E 1e-14 --domE 1e-14 --cpu 30 /beegfs/home/lxd/4_salt_metagenomics/tools/CAZy/dbCAN-HMMdb-V8.txt /beegfs/home/lxd/2_sea_metagenomics/6.metabat2/bins_redup_refinem_drep/derep_70_10/derepbins_prodigal/KW1-S15_72.proteins.faa 
# Current dir:     /beegfs/home/lxd/2_sea_metagenomics/6.metabat2/bins_redup_refinem_drep/derep_70_10/derepbins_cazy
# Date:            Thu Mar  4 17:36:02 2021
# [ok]
