#                                                                            --- full sequence --- -------------- this domain -------------   hmm coord   ali coord   env coord
# target name        accession   tlen query name           accession   qlen   E-value  score  bias   #  of  c-Evalue  i-Evalue  score  bias  from    to  from    to  from    to  acc description of target
#------------------- ---------- ----- -------------------- ---------- ----- --------- ------ ----- --- --- --------- --------- ------ ----- ----- ----- ----- ----- ----- ----- ---- ---------------------
GH23.hmm             -            135 KW1-S08_62_cg18_8    -            727     1e-25   86.1   0.3   1   1   3.6e-28   2.3e-25   85.0   0.3    15   124   555   704   544   712 0.90 -
AA3_2.hmm            -            568 KW1-S08_62_cg52_7    -            548    4e-164  542.7   0.0   1   1  4.9e-166  6.3e-164  542.0   0.0     1   566     5   530     5   532 0.96 -
AA3.hmm              -            618 KW1-S08_62_cg52_7    -            548    2e-107  355.4   0.0   1   1  1.8e-109  2.3e-107  355.1   0.0    86   402     3   534     1   543 0.89 -
AA3_3.hmm            -            590 KW1-S08_62_cg52_7    -            548   2.6e-81  269.0   0.0   1   2   6.4e-64   8.3e-62  204.6   0.0     1   319     5   308     5   344 0.89 -
AA3_3.hmm            -            590 KW1-S08_62_cg52_7    -            548   2.6e-81  269.0   0.0   2   2   2.6e-18   3.3e-16   54.0   0.0   510   585   455   529   444   533 0.94 -
AA3_1.hmm            -            548 KW1-S08_62_cg52_7    -            548   4.2e-56  185.9   0.0   1   1   1.2e-57   1.5e-55  184.1   0.0    13   543     3   528     1   531 0.80 -
AA8.hmm              -            815 KW1-S08_62_cg52_7    -            548   2.9e-41  136.6   0.0   1   2   1.4e-28   1.8e-26   87.6   0.0   242   515     3   277     1   305 0.78 -
AA8.hmm              -            815 KW1-S08_62_cg52_7    -            548   2.9e-41  136.6   0.0   2   2   8.8e-16   1.1e-13   45.3   0.0   654   777   410   533   389   543 0.77 -
GT9.hmm              -            225 KW1-S08_62_cg60_4    -            350   2.3e-41  137.4   0.0   1   1   4.6e-44     3e-41  137.1   0.0     4   205    73   300    70   322 0.83 -
GT9.hmm              -            225 KW1-S08_62_cg77_4    -            355   3.1e-50  166.5   0.0   1   1   7.7e-53   4.9e-50  165.8   0.0     3   202    75   301    73   321 0.86 -
GT30.hmm             -            177 KW1-S08_62_cg77_6    -            410     3e-46  152.4   0.0   1   1   6.8e-49   4.3e-46  151.9   0.0    11   175    47   211    28   213 0.93 -
AA4.hmm              -            522 KW1-S08_62_cg80_2    -            488   2.1e-26   87.9   0.0   1   1   1.5e-22   4.7e-20   66.9   0.0    11   248     3   230     1   257 0.84 -
AA7.hmm              -            458 KW1-S08_62_cg80_2    -            488   1.9e-22   75.8   0.0   1   1   3.8e-24   1.2e-21   73.1   0.0    12   195    41   233    38   245 0.90 -
GT2_Glycos_transf_2.hmm PF00535.25   170 KW1-S08_62_cg86_5    -            365   2.3e-28   94.4   0.0   1   1   4.9e-31   3.1e-28   94.0   0.0     1   169     4   171     4   172 0.92 Glycosyl transferase family 2
CE10.hmm             -            341 KW1-S08_62_cg125_7   -            293     3e-36  121.0   0.1   1   1     6e-39   3.8e-36  120.6   0.1    65   337    36   291    27   292 0.84 -
GH23.hmm             -            135 KW1-S08_62_cg125_11  -            477     8e-23   76.7   0.4   1   1   2.3e-25   1.5e-22   75.9   0.4     8   128   292   451   285   457 0.92 -
CE1.hmm              -            227 KW1-S08_62_cg131_5   -            223   1.9e-15   52.5   0.0   1   1   3.9e-18   2.5e-15   52.1   0.0    28   209    18   205    12   215 0.75 -
GT2_Glycos_transf_2.hmm PF00535.25   170 KW1-S08_62_cg145_9   -            284   6.9e-30   99.4   0.1   1   1   6.7e-32   1.1e-29   98.7   0.1     1   103     4   101     4   139 0.94 Glycosyl transferase family 2
GT2_Glyco_tranf_2_3.hmm PF13641.5    230 KW1-S08_62_cg145_9   -            284   7.6e-21   70.3   0.1   1   1   1.6e-22   2.5e-20   68.6   0.1     4   212     3   198     1   222 0.84 Glycosyltransferase like family 2
GT27.hmm                -            295 KW1-S08_62_cg145_9   -            284     6e-17   57.2   0.3   1   1   6.6e-19   1.1e-16   56.4   0.3     1   112     4   103     4   107 0.88 -
GT51.hmm             -            177 KW1-S08_62_cg163_4   -            725   6.3e-54  177.4   0.0   1   1   1.6e-56   1.1e-53  176.7   0.0    10   176   142   312   133   313 0.95 -
CE11.hmm             -            271 KW1-S08_62_cg182_11  -            304  2.6e-116  382.9   0.0   1   1  4.7e-119    3e-116  382.7   0.0     1   270     4   275     4   276 0.98 -
GH23.hmm             -            135 KW1-S08_62_cg214_8   -            526   3.6e-23   77.9   0.9   1   1   1.3e-25   8.3e-23   76.7   0.3     7   124   356   512   352   520 0.93 -
GH130.hmm            -            296 KW1-S08_62_cg230_7   -            317  1.8e-102  337.5   0.0   1   1  3.2e-105    2e-102  337.3   0.0     2   295    12   308    11   309 0.98 -
GT4.hmm              -            160 KW1-S08_62_cg230_8   -            450   1.2e-31  104.8   0.0   1   1   3.1e-34     2e-31  104.1   0.0     3   149   162   302   160   310 0.92 -
GH130.hmm            -            296 KW1-S08_62_cg230_9   -            517   3.6e-55  182.2   0.0   1   1   1.4e-57   8.7e-55  181.0   0.0    40   294   252   506   250   508 0.87 -
AA6.hmm              -            195 KW1-S08_62_cg231_1   -            196   9.6e-61  199.9   0.0   1   1   1.7e-63   1.1e-60  199.8   0.0     1   192     3   190     3   193 0.93 -
GT2_Glycos_transf_2.hmm PF00535.25   170 KW1-S08_62_cg232_10  -            247     6e-21   70.3   0.0   1   1   8.5e-23   5.4e-20   67.2   0.0     1   100    24   117    24   122 0.95 Glycosyl transferase family 2
GT28.hmm             -            157 KW1-S08_62_cg234_11  -            365   1.9e-53  175.7   0.4   1   1   4.7e-56     3e-53  175.0   0.4     2   157   190   350   189   350 0.96 -
GT41.hmm             -            705 KW1-S08_62_cg250_5   -            567   2.7e-26   87.5  19.7   1   1   1.8e-15   1.2e-12   42.5   0.2    58   191   393   517   387   531 0.92 -
CBM50.hmm            -             40 KW1-S08_62_cg269_1   -            476   6.2e-40  130.7  12.2   1   2   2.6e-16   8.5e-14   47.0   0.2     1    39   357   399   357   399 0.93 -
CBM50.hmm            -             40 KW1-S08_62_cg269_1   -            476   6.2e-40  130.7  12.2   2   2   1.5e-17   4.8e-15   51.0   0.3     1    39   426   466   426   466 0.90 -
GH23.hmm             -            135 KW1-S08_62_cg269_1   -            476   3.9e-23   77.7   1.3   1   1   3.3e-25   1.1e-22   76.3   0.2     6   122    54   189    49   200 0.90 -
GT19.hmm             -            354 KW1-S08_62_cg272_4   -            389  1.9e-121  400.3   0.0   1   1  3.3e-124  2.1e-121  400.1   0.0     1   352     7   361     7   363 0.98 -
GH23.hmm             -            135 KW1-S08_62_cg276_6   -            196   4.3e-19   64.7   0.0   1   1   1.3e-21   8.1e-19   63.8   0.0    10   101    89   180    81   195 0.86 -
AA3_2.hmm            -            568 KW1-S08_62_cg289_5   -            516  6.2e-163  538.8   0.0   1   1  5.7e-165  7.3e-163  538.5   0.0     1   554     3   516     3   516 0.95 -
AA3.hmm              -            618 KW1-S08_62_cg289_5   -            516   4.3e-99  327.8   0.0   1   1  3.8e-101   4.8e-99  327.7   0.0    86   386     1   516     1   516 0.87 -
AA3_3.hmm            -            590 KW1-S08_62_cg289_5   -            516   2.3e-81  269.2   0.0   1   1   2.6e-68   3.3e-66  219.1   0.0     2   317     4   305     3   347 0.91 -
AA3_1.hmm            -            548 KW1-S08_62_cg289_5   -            516   2.4e-58  193.3   0.0   1   1   3.6e-60   4.6e-58  192.4   0.0    14   530     2   513     1   515 0.77 -
AA8.hmm              -            815 KW1-S08_62_cg289_5   -            516   2.9e-41  136.5   0.0   1   1   1.8e-42   2.3e-40  133.5   0.0   243   760     2   514     1   515 0.72 -
GH3.hmm              -            216 KW1-S08_62_cg297_3   -            353   5.8e-51  168.4   0.0   1   1   1.1e-53   7.2e-51  168.1   0.0     8   216    55   282    48   282 0.90 -
GT51.hmm             -            177 KW1-S08_62_cg336_10  -            841   2.6e-64  211.2   0.0   1   1   6.6e-67   4.2e-64  210.6   0.0     4   176    58   230    55   231 0.98 -
GT41.hmm             -            705 KW1-S08_62_cg341_1   -            414   2.5e-29   97.6   2.3   1   1     3e-23   1.9e-20   68.2   0.8    39   191     8   150     1   151 0.88 -
GT5.hmm              -            472 KW1-S08_62_cg352_4   -            491  3.3e-172  568.6   0.0   1   1  1.1e-174  3.7e-172  568.5   0.0     1   472     7   484     7   484 0.95 -
GT4.hmm              -            160 KW1-S08_62_cg352_4   -            491   5.1e-15   50.8   0.0   1   1   2.5e-17     8e-15   50.2   0.0     6   153   300   452   296   462 0.82 -
CE1.hmm              -            227 KW1-S08_62_cg352_5   -            242   6.1e-16   54.1   0.0   1   1   1.1e-18   7.1e-16   53.9   0.0    77   221    78   238    28   241 0.74 -
CE1.hmm              -            227 KW1-S08_62_cg352_7   -            395   1.4e-34  115.1   0.0   1   1     3e-37   1.9e-34  114.6   0.0     2   222   163   383   162   386 0.83 -
GH103.hmm            -            295 KW1-S08_62_cg375_3   -            330   4.8e-92  303.4   0.1   1   1   8.9e-95   5.7e-92  303.2   0.1     6   292    33   320    29   323 0.93 -
#
# Program:         hmmscan
# Version:         3.3.1 (Jul 2020)
# Pipeline mode:   SCAN
# Query file:      /beegfs/home/lxd/2_sea_metagenomics/6.metabat2/bins_redup_refinem_drep/derep_70_10/derepbins_prodigal/KW1-S08_62.proteins.faa
# Target file:     /beegfs/home/lxd/4_salt_metagenomics/tools/CAZy/dbCAN-HMMdb-V8.txt
# Option settings: hmmscan --tblout KW1-S08_62.tbl --domtblout KW1-S08_62_dom.tbl --acc --noali --notextw -E 1e-14 --domE 1e-14 --cpu 30 /beegfs/home/lxd/4_salt_metagenomics/tools/CAZy/dbCAN-HMMdb-V8.txt /beegfs/home/lxd/2_sea_metagenomics/6.metabat2/bins_redup_refinem_drep/derep_70_10/derepbins_prodigal/KW1-S08_62.proteins.faa 
# Current dir:     /beegfs/home/lxd/2_sea_metagenomics/6.metabat2/bins_redup_refinem_drep/derep_70_10/derepbins_cazy
# Date:            Thu Mar  4 13:56:52 2021
# [ok]
