#                                                                            --- full sequence --- -------------- this domain -------------   hmm coord   ali coord   env coord
# target name        accession   tlen query name           accession   qlen   E-value  score  bias   #  of  c-Evalue  i-Evalue  score  bias  from    to  from    to  from    to  acc description of target
#------------------- ---------- ----- -------------------- ---------- ----- --------- ------ ----- --- --- --------- --------- ------ ----- ----- ----- ----- ----- ----- ----- ---- ---------------------
GT83.hmm             -            540 KW1-S15_115_cg4_5    -            669   1.6e-21   71.7  43.9   1   1   8.6e-24   2.8e-21   70.9  43.8    87   366   113   409    11   435 0.78 -
GT39.hmm             -            223 KW1-S15_115_cg4_5    -            669     2e-16   55.6  14.4   1   1   6.1e-19     2e-16   55.6  14.4     3   207    17   251    16   262 0.83 -
AA4.hmm              -            522 KW1-S15_115_cg4_9    -            474   3.7e-30  100.3   0.1   1   1   7.8e-28   2.5e-25   84.4   0.0    14   248    11   236     5   267 0.88 -
AA7.hmm              -            458 KW1-S15_115_cg4_9    -            474   2.1e-18   62.5   1.4   1   1   3.2e-19     1e-16   56.9   1.6    10   194    44   236    39   253 0.87 -
GT83.hmm             -            540 KW1-S15_115_cg5_9    -            772   2.2e-18   61.3  35.0   1   1   8.6e-20   2.8e-17   57.7  35.1     6   354    24   368    20   388 0.72 -
GT4.hmm              -            160 KW1-S15_115_cg6_4    -            381   2.9e-26   87.3   0.0   1   1   7.1e-29   4.6e-26   86.7   0.0    12   159   189   344   181   345 0.88 -
CE10.hmm             -            341 KW1-S15_115_cg9_10   -            757   1.5e-17   59.5   0.3   1   1   4.2e-20   2.7e-17   58.7   0.3    77   321   507   740   496   753 0.85 -
GH130.hmm            -            296 KW1-S15_115_cg11_1   -            309   2.2e-41  137.0   0.0   1   1   3.9e-44   2.5e-41  136.8   0.0     2   279     7   308     6   309 0.89 -
GT4.hmm              -            160 KW1-S15_115_cg11_2   -            460   3.8e-28   93.5   0.0   1   1   1.5e-30   9.4e-28   92.2   0.0     9   149   168   302   162   312 0.88 -
GH130.hmm            -            296 KW1-S15_115_cg11_3   -            310   1.2e-99  328.2   0.0   1   1  2.1e-102   1.4e-99  328.0   0.0     2   295     5   301     4   302 0.97 -
GH130.hmm            -            296 KW1-S15_115_cg11_4   -            372   1.9e-17   58.4   0.0   1   1   1.7e-19   1.1e-16   55.9   0.0    64   170   265   371   233   372 0.83 -
GT4.hmm              -            160 KW1-S15_115_cg23_15  -            259   4.5e-42  138.8   0.0   1   1   1.8e-44   5.8e-42  138.4   0.0     4   155    76   225    73   230 0.96 -
GT5.hmm              -            472 KW1-S15_115_cg23_15  -            259   2.2e-17   58.1   0.0   1   1   1.2e-19   3.9e-17   57.3   0.0   204   470    22   253    14   255 0.85 -
PL22.hmm             -            265 KW1-S15_115_cg36_3   -            417   5.6e-18   60.4   0.0   1   1   2.1e-15   1.3e-12   42.7   0.0   113   259   254   401   242   407 0.79 -
GH113.hmm            -            306 KW1-S15_115_cg44_8   -            505   5.8e-87  286.8   0.0   1   1   1.8e-89   1.2e-86  285.8   0.0    14   306   203   497   196   497 0.98 -
AA7.hmm              -            458 KW1-S15_115_cg56_2   -            472  1.4e-102  340.0   0.2   1   1  1.1e-103  7.2e-101  334.3   0.2     3   458    43   464    41   464 0.85 -
CE4.hmm              -            130 KW1-S15_115_cg62_1   -            241   4.3e-32  106.4   0.0   1   1     1e-34   6.4e-32  105.8   0.0     5   118    57   188    53   198 0.92 -
GT4.hmm              -            160 KW1-S15_115_cg62_2   -            401     5e-31  102.8   0.0   1   1   2.7e-33   8.6e-31  102.1   0.0     7   159   224   368   219   369 0.94 -
GT5.hmm              -            472 KW1-S15_115_cg62_2   -            401   8.5e-18   59.5   0.0   1   1   1.9e-17   6.2e-15   50.0   0.0   289   437   223   359   173   393 0.81 -
GT2_Glycos_transf_2.hmm PF00535.25   170 KW1-S15_115_cg62_4   -            298   1.4e-17   59.3   0.0   1   1   3.5e-20   2.2e-17   58.7   0.0     1   169     6   164     6   165 0.86 Glycosyl transferase family 2
PL1_2.hmm            -            183 KW1-S15_115_cg69_2   -            434   4.9e-47  155.3   0.0   1   1   3.3e-49   1.1e-46  154.2   0.0     1   164    81   261    81   278 0.93 -
PL1.hmm              -            202 KW1-S15_115_cg69_2   -            434   4.4e-22   73.8   0.1   1   1   2.2e-24   7.2e-22   73.1   0.1    35   185    93   266    75   275 0.86 -
GT4.hmm              -            160 KW1-S15_115_cg70_8   -            396   4.5e-30   99.7   0.0   1   1   1.3e-32   8.5e-30   98.8   0.0     7   157   217   373   211   377 0.95 -
GT41.hmm             -            705 KW1-S15_115_cg71_4   -            326     8e-17   56.2   0.1   1   1   5.4e-15   3.4e-12   40.9   0.1    49   191    23   236    10   271 0.90 -
GT94.hmm             -            283 KW1-S15_115_cg72_2   -            376   9.4e-28   92.2   0.0   1   1   6.3e-30   1.4e-27   91.7   0.0    35   218   111   306   100   314 0.83 -
GT4.hmm              -            160 KW1-S15_115_cg72_2   -            376     1e-27   92.1   0.0   1   1   7.1e-30   1.5e-27   91.5   0.0     9   153   198   343   195   349 0.92 -
GT5.hmm              -            472 KW1-S15_115_cg72_2   -            376     6e-20   66.6   0.0   1   1   3.4e-19   7.2e-17   56.4   0.0   285   467   195   368   176   370 0.85 -
GT2_Glycos_transf_2.hmm PF00535.25   170 KW1-S15_115_cg72_3   -            322   1.7e-36  120.8   0.2   1   1   8.5e-39   2.7e-36  120.2   0.2     1   167     4   164     4   167 0.89 Glycosyl transferase family 2
GT2_Glyco_tranf_2_3.hmm PF13641.5    230 KW1-S15_115_cg72_3   -            322   6.7e-17   57.4   0.0   1   1   3.3e-19   1.1e-16   56.8   0.0     4   120     3   116     2   174 0.89 Glycosyltransferase like family 2
CE4.hmm              -            130 KW1-S15_115_cg75_3   -            253   3.7e-31  103.3   0.0   1   1   8.8e-34   5.6e-31  102.7   0.0     5   124    23   144    20   150 0.95 -
GT9.hmm              -            225 KW1-S15_115_cg78_3   -            356   7.1e-51  168.6   0.0   1   1   1.4e-53   9.2e-51  168.2   0.0     3   219    76   328    74   334 0.85 -
GT9.hmm              -            225 KW1-S15_115_cg78_4   -            361   1.5e-52  174.1   0.1   1   1     3e-55   1.9e-52  173.7   0.1     3   217    85   326    83   333 0.86 -
GT9.hmm              -            225 KW1-S15_115_cg78_7   -            353   1.5e-47  157.6   0.0   1   1   3.3e-50   2.1e-47  157.2   0.0     6   221    75   320    70   324 0.86 -
CE10.hmm             -            341 KW1-S15_115_cg83_1   -            599   1.7e-19   65.9   0.0   1   1   4.1e-22   2.7e-19   65.3   0.0   101   316   370   574   319   597 0.82 -
GT2_Glyco_tranf_2_3.hmm PF13641.5    230 KW1-S15_115_cg84_3   -            379   2.2e-16   55.7   0.6   1   1   4.5e-19   2.9e-16   55.3   0.6     3   228    43   260    41   262 0.88 Glycosyltransferase like family 2
PL12.hmm             -            138 KW1-S15_115_cg89_2   -            703   3.4e-28   94.0   0.0   1   1   2.5e-30   5.3e-28   93.3   0.0     1   137   406   546   406   547 0.92 -
PL12_3.hmm           -            144 KW1-S15_115_cg89_2   -            703   6.2e-22   73.4   0.0   1   1   5.4e-24   1.1e-21   72.6   0.0     2   140   407   543   406   546 0.79 -
PL12_1.hmm           -            135 KW1-S15_115_cg89_2   -            703   4.6e-20   67.6   0.0   1   1   3.6e-22   7.7e-20   66.9   0.0     1   135   406   546   406   546 0.89 -
CE11.hmm             -            271 KW1-S15_115_cg94_1   -            169   4.9e-47  155.8   0.0   1   1   8.5e-50   5.4e-47  155.6   0.0     1   160     5   168     5   169 0.96 -
GT4.hmm              -            160 KW1-S15_115_cg102_3  -            370   3.6e-29   96.8   0.0   1   1   8.9e-32   5.7e-29   96.1   0.0    23   156   195   328   178   332 0.95 -
CE10.hmm             -            341 KW1-S15_115_cg110_2  -            768   1.6e-27   92.3   0.1   1   1   5.3e-30   3.4e-27   91.2   0.1    81   311   509   726   429   749 0.82 -
CBM9.hmm             -            182 KW1-S15_115_cg125_2  -            901   1.9e-15   52.8   2.9   1   1   5.3e-18   3.4e-15   51.9   2.9     1   175    72   252    72   258 0.78 -
GT41.hmm             -            705 KW1-S15_115_cg134_1  -            556   5.9e-48  159.2   6.6   1   2   3.3e-16   2.1e-13   44.9   0.0    84   191    63   160     4   186 0.77 -
GT41.hmm             -            705 KW1-S15_115_cg134_1  -            556   5.9e-48  159.2   6.6   2   2     4e-16   2.6e-13   44.7   0.5    70   191   253   364   251   364 0.81 -
AA5.hmm              -           1281 KW1-S15_115_cg135_3  -            619   1.4e-67  223.5  12.0   1   1   1.5e-69   3.2e-67  222.3  12.0   556  1030   110   573     7   609 0.81 -
AA5_2.hmm            -            588 KW1-S15_115_cg135_3  -            619   3.2e-45  150.1   2.2   1   1   4.7e-37     1e-34  115.4   0.0   393   588   372   567   364   567 0.88 -
AA5_1.hmm            -            563 KW1-S15_115_cg135_3  -            619   4.5e-27   89.7   1.1   1   1   2.2e-18   4.6e-16   53.3   0.0   368   543   411   569   405   586 0.83 -
GT2_Glycos_transf_2.hmm PF00535.25   170 KW1-S15_115_cg138_2  -            322   4.6e-33  109.7   0.0   1   1     1e-35   6.5e-33  109.2   0.0     1   167     4   164     4   167 0.93 Glycosyl transferase family 2
GT4.hmm              -            160 KW1-S15_115_cg138_3  -            376   4.1e-24   80.4   0.0   1   1   3.4e-26   7.2e-24   79.6   0.0     9   153   200   345   196   349 0.90 -
GT94.hmm             -            283 KW1-S15_115_cg138_3  -            376   1.8e-22   74.8   0.0   1   1   1.2e-24   2.6e-22   74.3   0.0    38   218   116   308   111   322 0.85 -
GT5.hmm              -            472 KW1-S15_115_cg138_3  -            376   4.5e-17   57.1   0.0   1   1   1.7e-16   3.6e-14   47.5   0.0   275   464   187   367   156   372 0.82 -
GT2_Glycos_transf_2.hmm PF00535.25   170 KW1-S15_115_cg138_5  -            242   1.7e-30  101.3   0.0   1   1   3.9e-33   2.5e-30  100.8   0.0     2   168     5   169     4   170 0.96 Glycosyl transferase family 2
GT2_Glycos_transf_2.hmm PF00535.25   170 KW1-S15_115_cg138_6  -            537   2.2e-26   88.0   0.0   1   1     5e-28   1.1e-25   85.7   0.0     1   159     4   159     4   189 0.90 Glycosyl transferase family 2
GT2_Glyco_tranf_2_3.hmm PF13641.5    230 KW1-S15_115_cg138_6  -            537   1.7e-23   79.0   0.0   1   1   2.9e-25   6.1e-23   77.2   0.0     3   223     2   237     1   240 0.82 Glycosyltransferase like family 2
GT27.hmm                -            295 KW1-S15_115_cg138_6  -            537   6.6e-16   53.7   0.1   1   1   4.7e-18   9.9e-16   53.2   0.1     1   237     4   239     4   272 0.80 -
CE10.hmm             -            341 KW1-S15_115_cg141_2  -            888   7.7e-16   53.9   0.1   1   1   2.3e-18   1.4e-15   53.0   0.1    82   316   621   846   571   862 0.83 -
GT4.hmm              -            160 KW1-S15_115_cg147_1  -            402   6.9e-26   86.1   0.0   1   1   1.9e-28   1.2e-25   85.4   0.0    17   157   198   334   185   338 0.90 -
GT2_Glycos_transf_2.hmm PF00535.25   170 KW1-S15_115_cg147_2  -            302   2.4e-30  100.9   0.0   1   1   1.5e-32   4.7e-30   99.9   0.0     1   115    11   123    11   160 0.92 Glycosyl transferase family 2
GT2_Glyco_tranf_2_3.hmm PF13641.5    230 KW1-S15_115_cg147_2  -            302   7.5e-17   57.3   0.1   1   1   4.5e-19   1.4e-16   56.3   0.1     1   208     8   205     8   227 0.83 Glycosyltransferase like family 2
GT41.hmm             -            705 KW1-S15_115_cg148_3  -            375   5.9e-33  109.6   2.8   1   2   4.7e-22     3e-19   64.3   1.1    55   191    47   207    21   213 0.69 -
GT41.hmm             -            705 KW1-S15_115_cg148_3  -            375   5.9e-33  109.6   2.8   2   2   2.4e-15   1.5e-12   42.1   0.0    48   189   213   344   206   349 0.89 -
CE4.hmm              -            130 KW1-S15_115_cg155_5  -            377   1.2e-23   79.1   0.0   1   1   3.2e-26   2.1e-23   78.3   0.0     5   123   150   300   146   304 0.80 -
AA1.hmm              -            943 KW1-S15_115_cg161_2  -            269   1.2e-24   81.9  10.1   1   1   4.9e-27   1.6e-24   81.5  10.1   457   557   130   230   127   264 0.82 -
AA1_3.hmm            -            312 KW1-S15_115_cg161_2  -            269   1.1e-16   56.2   0.5   1   1   4.2e-19   1.3e-16   55.9   0.5    39   136   130   224    84   258 0.87 -
GT2_Glyco_tranf_2_3.hmm PF13641.5    230 KW1-S15_115_cg167_4  -            325   3.5e-27   91.1   0.0   1   1   1.4e-29   4.5e-27   90.7   0.0     1   212    31   248    30   261 0.88 Glycosyltransferase like family 2
GT2_Glycos_transf_2.hmm PF00535.25   170 KW1-S15_115_cg167_4  -            325   9.5e-22   72.9   0.0   1   1   4.2e-24   1.4e-21   72.4   0.0     2   168    35   209    34   211 0.88 Glycosyl transferase family 2
GT41.hmm             -            705 KW1-S15_115_cg167_5  -            758     5e-22   73.4   0.1   1   1   9.5e-18   6.1e-15   50.0   0.0   118   191   594   668   558   669 0.84 -
GT2_Glycos_transf_2.hmm PF00535.25   170 KW1-S15_115_cg170_6  -            252   3.3e-27   90.6   0.0   1   1     7e-30   4.5e-27   90.2   0.0     2   128    34   156    33   191 0.90 Glycosyl transferase family 2
CE14.hmm             -            124 KW1-S15_115_cg181_9  -            236   1.1e-24   82.9   0.2   1   1   2.6e-27   1.7e-24   82.3   0.2     1   123     4   121     4   123 0.93 -
GT4.hmm              -            160 KW1-S15_115_cg194_3  -            412   6.3e-29   96.0   0.0   1   1   1.6e-31     1e-28   95.3   0.0     9   156   236   378   231   382 0.95 -
GT41.hmm             -            705 KW1-S15_115_cg204_4  -            359   3.3e-19   64.1   0.0   1   1   7.3e-17   4.6e-14   47.1   0.0    53   191    82   210    53   220 0.87 -
GH23.hmm             -            135 KW1-S15_115_cg209_6  -            800   5.3e-27   90.3   2.4   1   1   3.1e-29     2e-26   88.4   0.1     9   123   650   783   644   791 0.91 -
GT41.hmm             -            705 KW1-S15_115_cg209_8  -            313   1.6e-22   75.1   3.0   1   1   1.4e-16   8.7e-14   46.2   1.9    50   191   160   291   127   301 0.83 -
GT9.hmm              -            225 KW1-S15_115_cg210_4  -            373   1.8e-43  144.3   0.1   1   1   3.7e-46   2.4e-43  143.9   0.1     3   206   106   351   104   365 0.83 -
GT4.hmm              -            160 KW1-S15_115_cg214_2  -            410   4.9e-31  102.9   0.0   1   1   2.3e-33   7.3e-31  102.3   0.0     9   156   213   359   208   364 0.90 -
GT5.hmm              -            472 KW1-S15_115_cg214_2  -            410   1.3e-18   62.2   0.0   1   1   9.1e-17   2.9e-14   47.8   0.0   290   471   211   386   187   387 0.86 -
GT41.hmm             -            705 KW1-S15_115_cg215_2  -            684   4.3e-29   96.8   7.5   1   1   3.9e-22   2.5e-19   64.5   0.9    53   191   462   590   453   591 0.94 -
AA3_2.hmm            -            568 KW1-S15_115_cg227_2  -            513  4.3e-151  499.7   0.0   1   2  6.2e-105  7.9e-103  340.3   0.0     2   323     9   313     8   329 0.96 -
AA3_2.hmm            -            568 KW1-S15_115_cg227_2  -            513  4.3e-151  499.7   0.0   2   2   1.4e-49   1.8e-47  157.5   0.1   389   566   333   509   315   510 0.91 -
AA3.hmm              -            618 KW1-S15_115_cg227_2  -            513  3.7e-101  334.7   0.1   1   1  3.4e-103  4.4e-101  334.4   0.1    85   397     5   508     1   510 0.87 -
AA3_3.hmm            -            590 KW1-S15_115_cg227_2  -            513   1.3e-75  250.2   0.0   1   2   2.9e-54   3.7e-52  172.7   0.0     2   310     9   301     8   316 0.90 -
AA3_3.hmm            -            590 KW1-S15_115_cg227_2  -            513   1.3e-75  250.2   0.0   2   2   7.5e-19   9.6e-17   55.8   0.0   515   585   439   508   431   511 0.94 -
AA3_1.hmm            -            548 KW1-S15_115_cg227_2  -            513   1.1e-49  164.7   1.3   1   2   1.1e-32   1.4e-30  101.7   0.3    10   288     3   281     1   302 0.74 -
AA3_1.hmm            -            548 KW1-S15_115_cg227_2  -            513   1.1e-49  164.7   1.3   2   2   4.1e-20   5.2e-18   60.1   0.0   408   544   372   508   357   511 0.82 -
AA8.hmm              -            815 KW1-S15_115_cg227_2  -            513   2.1e-38  127.1   2.0   1   1   1.1e-28   1.5e-26   87.9   0.3   238   515     2   278     1   301 0.76 -
GT4.hmm              -            160 KW1-S15_115_cg233_3  -            406   5.8e-39  128.6   0.0   1   1   2.8e-41   8.8e-39  128.0   0.0     9   153   220   371   214   378 0.92 -
GT5.hmm              -            472 KW1-S15_115_cg233_3  -            406   3.1e-24   80.7   0.0   1   1   2.9e-23   9.3e-21   69.3   0.0    14   471    18   402     9   403 0.74 -
GT2_Glycos_transf_2.hmm PF00535.25   170 KW1-S15_115_cg237_2  -            407   7.3e-27   89.5   0.1   1   1   4.8e-29   1.6e-26   88.5   0.1     1   169    46   212    46   213 0.96 Glycosyl transferase family 2
GT2_Glyco_tranf_2_3.hmm PF13641.5    230 KW1-S15_115_cg237_2  -            407   6.2e-21   70.6   0.2   1   1   1.9e-23   6.2e-21   70.6   0.2     1   227    43   259    43   262 0.88 Glycosyltransferase like family 2
GT4.hmm              -            160 KW1-S15_115_cg239_5  -            354   2.1e-35  117.1   0.1   1   1   7.3e-37   2.3e-34  113.7   0.0     6   159   179   323   177   324 0.95 -
GT5.hmm              -            472 KW1-S15_115_cg239_5  -            354   4.4e-19   63.7   0.0   1   1   6.5e-21   2.1e-18   61.5   0.0   285   466   174   342   140   348 0.80 -
GT2_Glycos_transf_2.hmm PF00535.25   170 KW1-S15_115_cg239_11 -            245   8.3e-25   82.8   0.0   1   1   3.7e-27   1.2e-24   82.4   0.0     1   166    12   167    12   171 0.87 Glycosyl transferase family 2
GT81.hmm                -            293 KW1-S15_115_cg239_11 -            245   4.4e-17   57.2   0.0   1   1   1.5e-19   4.9e-17   57.0   0.0    21   146     9   118     3   190 0.88 -
CE11.hmm             -            271 KW1-S15_115_cg245_1  -            407   1.3e-84  279.0   0.0   1   1   2.6e-87   1.6e-84  278.6   0.0    27   270     1   248     1   249 0.97 -
GT19.hmm             -            354 KW1-S15_115_cg245_4  -            373    5e-107  352.8   0.0   1   1    9e-110  5.7e-107  352.7   0.0     1   350     7   349     7   353 0.94 -
GT4.hmm              -            160 KW1-S15_115_cg251_16 -            415   1.6e-35  117.5   0.0   1   1   3.5e-38   2.2e-35  117.0   0.0     5   159   228   380   224   381 0.98 -
GT4.hmm              -            160 KW1-S15_115_cg252_3  -            374   2.5e-39  129.8   0.0   1   1   1.1e-41   3.5e-39  129.3   0.0     7   159   189   337   183   338 0.94 -
GT5.hmm              -            472 KW1-S15_115_cg252_3  -            374   3.4e-18   60.8   0.0   1   1   1.5e-20   4.7e-18   60.3   0.0   277   442   178   333   158   363 0.79 -
GT2_Glycos_transf_2.hmm PF00535.25   170 KW1-S15_115_cg253_2  -            224   1.1e-26   89.0   0.0   1   1   4.3e-29   1.4e-26   88.6   0.0     1   168     8   162     8   163 0.97 Glycosyl transferase family 2
GT81.hmm                -            293 KW1-S15_115_cg253_2  -            224   8.2e-17   56.3   0.1   1   1   3.1e-19     1e-16   56.0   0.1    19   147     3   112     1   168 0.78 -
GH95.hmm             -            722 KW1-S15_115_cg255_2  -            558  2.2e-182  603.3   0.1   1   1  4.5e-185  2.9e-182  603.0   0.1     6   483    49   545    44   556 0.97 -
GT89.hmm             -            556 KW1-S15_115_cg260_1  -            539   1.6e-31  104.5  19.2   1   1   3.1e-34     2e-31  104.2  19.2     6   330     3   356     1   387 0.77 -
GT89.hmm             -            556 KW1-S15_115_cg260_2  -            533   7.1e-31  102.4  19.3   1   1   1.4e-33   8.8e-31  102.1  19.3     8   339     4   354     1   381 0.74 -
GT4.hmm              -            160 KW1-S15_115_cg261_3  -            362   8.4e-41  134.6   0.0   1   1   3.9e-43   1.3e-40  134.0   0.0     8   159   163   314   158   315 0.98 -
GT5.hmm              -            472 KW1-S15_115_cg261_3  -            362   3.6e-17   57.4   0.0   1   1   1.5e-19   4.9e-17   57.0   0.0   290   470   162   337   139   339 0.86 -
GT89.hmm             -            556 KW1-S15_115_cg262_1  -            370   8.2e-30   98.9  30.1   1   1   1.6e-32     1e-29   98.6  30.1     4   348     9   340     7   359 0.77 -
GT4.hmm              -            160 KW1-S15_115_cg264_3  -            420   9.8e-37  121.4   0.0   1   1   4.3e-39   1.4e-36  120.9   0.0     7   159   233   386   228   387 0.97 -
GT5.hmm              -            472 KW1-S15_115_cg264_3  -            420   2.6e-18   61.2   0.0   1   1   1.7e-20   5.6e-18   60.1   0.0   276   460   221   401   191   412 0.81 -
GT2_Glyco_tranf_2_3.hmm PF13641.5    230 KW1-S15_115_cg265_2  -            488   1.4e-29   98.9   0.0   1   1   8.6e-32   1.8e-29   98.5   0.0     1   228    54   282    54   284 0.90 Glycosyltransferase like family 2
GT2_Glyco_trans_2_3.hmm PF13632.5    197 KW1-S15_115_cg265_2  -            488   1.3e-26   89.0   2.9   1   1   6.2e-29   1.3e-26   89.0   2.9     2   179   144   334   143   393 0.76 Glycosyl transferase family group 2
GT2_Glycos_transf_2.hmm PF00535.25   170 KW1-S15_115_cg265_2  -            488   7.2e-21   70.0   0.1   1   1   5.2e-23   1.1e-20   69.4   0.1     4   165    60   226    57   231 0.82 Glycosyl transferase family 2
CE1.hmm              -            227 KW1-S15_115_cg275_1  -            320     2e-18   62.3   0.0   1   1   4.1e-21   2.7e-18   61.9   0.0    52   222    10   209     2   214 0.68 -
GH109.hmm            -            126 KW1-S15_115_cg276_2  -            376   6.1e-15   51.1   0.0   1   1   1.9e-17   1.2e-14   50.1   0.0     1   122     2   116     2   120 0.86 -
GT2_Glycos_transf_2.hmm PF00535.25   170 KW1-S15_115_cg276_4  -            189   6.1e-22   73.5   0.0   1   1   1.2e-24   7.4e-22   73.2   0.0     1   156     6   151     6   164 0.83 Glycosyl transferase family 2
CE14.hmm             -            124 KW1-S15_115_cg278_4  -            236   1.2e-22   76.3   0.1   1   1   3.2e-25     2e-22   75.5   0.1     1   124     5   111     5   111 0.96 -
GT4.hmm              -            160 KW1-S15_115_cg278_5  -            299     1e-24   82.4   0.0   1   1   2.3e-27   1.5e-24   81.8   0.0     5   109   198   299   194   299 0.97 -
GH109.hmm            -            126 KW1-S15_115_cg292_2  -            339   2.7e-18   61.9   0.0   1   1   1.3e-20   8.2e-18   60.3   0.0     1   125     6   122     6   123 0.88 -
GT41.hmm             -            705 KW1-S15_115_cg293_3  -            380   7.3e-35  115.9   5.9   1   1   1.3e-15   8.1e-13   43.0   0.0    95   199   203   294   188   296 0.81 -
GT4.hmm              -            160 KW1-S15_115_cg295_4  -            378   1.2e-30  101.6   0.0   1   1   6.2e-33     2e-30  100.9   0.0     7   151   194   338   189   347 0.95 -
GT5.hmm              -            472 KW1-S15_115_cg295_4  -            378   6.5e-15   50.0   0.0   1   1   3.5e-17   1.1e-14   49.2   0.0   240   471   162   371   146   372 0.82 -
AA3.hmm              -            618 KW1-S15_115_cg302_6  -            524     2e-21   71.3   0.0   1   1   4.1e-24   2.6e-21   70.9   0.0    92   400     4   519     2   523 0.67 -
GT2_Glycos_transf_2.hmm PF00535.25   170 KW1-S15_115_cg302_9  -            230   3.6e-28   93.8   0.0   1   1   8.2e-31   5.2e-28   93.3   0.0     2   166     9   165     8   169 0.93 Glycosyl transferase family 2
GT4.hmm              -            160 KW1-S15_115_cg308_2  -            384   3.3e-29   96.9   0.0   1   1   8.4e-32   5.4e-29   96.2   0.0     7   157   196   353   192   357 0.91 -
GT51.hmm             -            177 KW1-S15_115_cg316_1  -            706   2.8e-69  227.4   0.0   1   1   8.1e-72   5.2e-69  226.6   0.0     2   176    71   245    70   246 0.99 -
GH3.hmm              -            216 KW1-S15_115_cg330_8  -            597   1.5e-53  176.9   0.0   1   1   3.7e-56   2.3e-53  176.2   0.0    10   215    79   306    71   307 0.90 -
GT89.hmm             -            556 KW1-S15_115_cg332_5  -            526   2.9e-26   87.2  27.4   1   1   6.1e-29   3.9e-26   86.8  26.3     3   320    25   338    24   372 0.71 -
GT89.hmm             -            556 KW1-S15_115_cg332_6  -            512   2.3e-35  117.2  30.3   1   1   1.7e-37   1.1e-34  115.0  28.3     8   346    32   357    23   372 0.79 -
GT41.hmm             -            705 KW1-S15_115_cg353_3  -            706   5.5e-19   63.4   0.1   1   1   2.8e-15   1.8e-12   41.9   0.0    67   191   565   686   551   705 0.89 -
GT83.hmm             -            540 KW1-S15_115_cg375_6  -            500   4.4e-18   60.4  37.7   1   1   2.2e-20   1.4e-17   58.7  37.7    66   362    59   386     2   420 0.70 -
GT9.hmm              -            225 KW1-S15_115_cg375_11 -            365   2.6e-19   65.3   0.0   1   1   6.3e-22     4e-19   64.7   0.0     3   196   110   330   108   349 0.80 -
GT2_Glyco_tranf_2_3.hmm PF13641.5    230 KW1-S15_115_cg377_2  -            420     3e-35  117.4   0.0   1   1   1.9e-37     4e-35  117.1   0.0     1   228    58   278    58   280 0.92 Glycosyltransferase like family 2
GT2_Glycos_transf_2.hmm PF00535.25   170 KW1-S15_115_cg377_2  -            420   5.2e-32  106.3   0.0   1   1   3.3e-34   7.1e-32  105.8   0.0     1   166    61   223    61   227 0.93 Glycosyl transferase family 2
GT2_Glyco_trans_2_3.hmm PF13632.5    197 KW1-S15_115_cg377_2  -            420   1.5e-22   75.7  13.5   1   1   7.1e-25   1.5e-22   75.7  13.5     1   182   140   372   140   395 0.81 Glycosyl transferase family group 2
GT9.hmm              -            225 KW1-S15_115_cg377_8  -            351   3.3e-42  140.2   0.0   1   1     7e-45   4.5e-42  139.8   0.0     5   216    77   325    74   333 0.84 -
GT89.hmm             -            556 KW1-S15_115_cg378_2  -            550     9e-41  135.1  17.3   1   1     5e-43   3.2e-40  133.3  17.3    10   470    43   484    34   515 0.75 -
GT9.hmm              -            225 KW1-S15_115_cg381_9  -            341   1.1e-46  154.9   0.0   1   1   2.6e-49   1.7e-46  154.3   0.0    14   219    78   308    64   314 0.82 -
GT30.hmm             -            177 KW1-S15_115_cg381_10 -            439   7.6e-43  141.3   0.0   1   1   2.3e-45   1.4e-42  140.4   0.0    12   176    55   224    39   225 0.91 -
GT2_Glycos_transf_2.hmm PF00535.25   170 KW1-S15_115_cg385_2  -            417   1.3e-23   79.0   0.1   1   1   5.7e-26   1.8e-23   78.5   0.1     2   168    48   212    47   214 0.93 Glycosyl transferase family 2
GT2_Glyco_tranf_2_3.hmm PF13641.5    230 KW1-S15_115_cg385_2  -            417   1.6e-21   72.5   0.0   1   1   6.8e-24   2.2e-21   72.1   0.0     1   209    44   265    44   294 0.80 Glycosyltransferase like family 2
GT2_Glycos_transf_2.hmm PF00535.25   170 KW1-S15_115_cg389_5  -            296   6.1e-20   67.0   0.1   1   1   2.7e-22   8.6e-20   66.5   0.1     1   116    36   150    36   207 0.82 Glycosyl transferase family 2
CE4.hmm              -            130 KW1-S15_115_cg399_5  -            304   1.1e-27   92.1   0.0   1   1     3e-30     2e-27   91.3   0.0     5   125    96   233    92   237 0.92 -
GT28.hmm             -            157 KW1-S15_115_cg407_19 -            386   1.7e-50  166.1   0.1   1   1   4.4e-53   2.8e-50  165.4   0.1     1   156   188   348   188   349 0.95 -
GT89.hmm             -            556 KW1-S15_115_cg408_1  -            152   9.8e-16   52.4   9.8   1   1   1.9e-18   1.2e-15   52.1   9.8     4   136    11   143     9   151 0.79 -
GH74.hmm             -            233 KW1-S15_115_cg409_4  -            254   1.9e-25   84.9   9.1   1   1   3.4e-19   2.2e-16   55.2   0.4    47   139   136   230   133   234 0.83 -
#
# Program:         hmmscan
# Version:         3.3.1 (Jul 2020)
# Pipeline mode:   SCAN
# Query file:      /beegfs/home/lxd/2_sea_metagenomics/6.metabat2/bins_redup_refinem_drep/derep_70_10/derepbins_prodigal/KW1-S15_115.proteins.faa
# Target file:     /beegfs/home/lxd/4_salt_metagenomics/tools/CAZy/dbCAN-HMMdb-V8.txt
# Option settings: hmmscan --tblout KW1-S15_115.tbl --domtblout KW1-S15_115_dom.tbl --acc --noali --notextw -E 1e-14 --domE 1e-14 --cpu 30 /beegfs/home/lxd/4_salt_metagenomics/tools/CAZy/dbCAN-HMMdb-V8.txt /beegfs/home/lxd/2_sea_metagenomics/6.metabat2/bins_redup_refinem_drep/derep_70_10/derepbins_prodigal/KW1-S15_115.proteins.faa 
# Current dir:     /beegfs/home/lxd/2_sea_metagenomics/6.metabat2/bins_redup_refinem_drep/derep_70_10/derepbins_cazy
# Date:            Thu Mar  4 15:35:03 2021
# [ok]
