#                                                                            --- full sequence --- -------------- this domain -------------   hmm coord   ali coord   env coord
# target name        accession   tlen query name           accession   qlen   E-value  score  bias   #  of  c-Evalue  i-Evalue  score  bias  from    to  from    to  from    to  acc description of target
#------------------- ---------- ----- -------------------- ---------- ----- --------- ------ ----- --- --- --------- --------- ------ ----- ----- ----- ----- ----- ----- ----- ---- ---------------------
CE10.hmm             -            341 KW1-S21_123_cg7_6    -            758   1.1e-16   56.7   0.2   1   1   2.6e-19   1.7e-16   56.1   0.2    42   311   446   727   376   746 0.75 -
GT2_Glycos_transf_2.hmm PF00535.25   170 KW1-S21_123_cg24_1   -            307     1e-19   66.3   0.0   1   1   2.2e-22   1.4e-19   65.8   0.0    28   164     1   137     1   143 0.77 Glycosyl transferase family 2
CE14.hmm             -            124 KW1-S21_123_cg25_3   -            942   2.1e-21   72.2   0.0   1   1     1e-23   6.6e-21   70.6   0.0     1   116    56   170    56   180 0.93 -
AA3.hmm              -            618 KW1-S21_123_cg34_2   -            505   7.8e-45  148.6   0.0   1   1   4.1e-47   8.8e-45  148.4   0.0    87   399     3   500     1   504 0.72 -
AA3_2.hmm            -            568 KW1-S21_123_cg34_2   -            505   3.1e-22   74.3   0.0   1   1   1.6e-15   3.4e-13   44.4   0.0   501   563   434   496   372   500 0.93 -
AA7.hmm              -            458 KW1-S21_123_cg38_1   -            485   3.8e-16   55.1   9.1   1   1   7.2e-18   2.3e-15   52.5  10.0    13   194    58   243    53   318 0.88 -
AA1.hmm              -            943 KW1-S21_123_cg38_15  -            355   6.2e-29   96.1   4.8   1   1   1.9e-31   6.2e-29   96.1   4.8   450   550   105   208    46   250 0.80 -
AA1_3.hmm            -            312 KW1-S21_123_cg38_15  -            355   6.4e-19   63.5   0.1   1   1   2.9e-21   9.3e-19   63.0   0.1    10   134    88   208    78   227 0.85 -
GT2_Glycos_transf_2.hmm PF00535.25   170 KW1-S21_123_cg43_22  -            240   6.7e-19   63.6   0.0   1   1   1.4e-21   8.9e-19   63.2   0.0     2   162     6   158     5   165 0.86 Glycosyl transferase family 2
GT2_Glycos_transf_2.hmm PF00535.25   170 KW1-S21_123_cg49_8   -            257   1.1e-20   69.4   0.0   1   1   2.4e-23   1.6e-20   68.9   0.0     2   163     4   166     3   173 0.91 Glycosyl transferase family 2
GH3.hmm              -            216 KW1-S21_123_cg69_5   -            382   4.8e-48  158.9   0.0   1   1   1.1e-50   6.8e-48  158.4   0.0     7   215    61   291    56   292 0.91 -
AA12.hmm             -            401 KW1-S21_123_cg74_2   -            432   4.8e-30   99.7   0.0   1   1   2.1e-32   1.4e-29   98.2   0.0    14   399    41   420    33   422 0.77 -
CE14.hmm             -            124 KW1-S21_123_cg74_30  -            248   2.6e-25   84.9   0.2   1   1   6.9e-28   4.4e-25   84.1   0.2     1   124    13   118    13   118 0.97 -
GT4.hmm              -            160 KW1-S21_123_cg75_18  -            379   8.4e-37  121.6   0.0   1   1     4e-39   1.3e-36  121.0   0.0     6   159   196   346   192   347 0.97 -
GT5.hmm              -            472 KW1-S21_123_cg75_18  -            379   1.3e-20   68.8   0.0   1   1     6e-21   1.9e-18   61.6   0.0   198   471   136   371    91   372 0.71 -
GT35.hmm             -            674 KW1-S21_123_cg78_5   -            714  4.3e-124  410.7   0.0   1   2   1.8e-17   5.6e-15   50.1   0.1    21    67   118   165   111   177 0.92 -
GT35.hmm             -            674 KW1-S21_123_cg78_5   -            714  4.3e-124  410.7   0.0   2   2  6.1e-110    2e-107  355.6   0.0   208   568   263   640   226   663 0.93 -
GT5.hmm              -            472 KW1-S21_123_cg78_5   -            714   2.4e-17   58.0   0.0   1   1   1.1e-19   3.5e-17   57.5   0.0    64   471   174   697   116   698 0.71 -
GH13_9.hmm           -            301 KW1-S21_123_cg78_6   -            642  8.3e-155  509.7   0.0   1   1  1.9e-156    1e-154  509.4   0.0     2   300   188   486   187   487 1.00 -
GH13_8.hmm           -            293 KW1-S21_123_cg78_6   -            642   3.9e-50  166.0   0.0   1   1   1.1e-51   5.6e-50  165.4   0.0     1   201   210   407   210   436 0.92 -
GH13_10.hmm          -            313 KW1-S21_123_cg78_6   -            642   3.7e-39  130.2   0.1   1   1   4.3e-40   2.3e-38  127.6   0.0    10   203   181   398   176   416 0.86 -
GH13_3.hmm           -            210 KW1-S21_123_cg78_6   -            642   6.4e-37  122.4   0.5   1   1   2.2e-38   1.2e-36  121.5   0.5     4   208   185   405   182   407 0.94 -
GH13.hmm             -            299 KW1-S21_123_cg78_6   -            642   7.5e-36  120.1   2.6   1   1   2.3e-37   1.2e-35  119.4   2.6    22   294   186   492   172   496 0.65 -
GH13_11.hmm          -            351 KW1-S21_123_cg78_6   -            642   4.1e-23   77.5   0.0   1   1   1.2e-24   6.4e-23   76.8   0.0     4   170   178   323   177   361 0.90 -
GH13_14.hmm          -            289 KW1-S21_123_cg78_6   -            642   2.7e-20   68.1   0.0   1   1   7.6e-22   4.1e-20   67.5   0.0     1   152   186   321   186   332 0.89 -
CBM48.hmm            -             76 KW1-S21_123_cg78_6   -            642   2.2e-19   65.2   0.7   1   1   1.2e-20   6.6e-19   63.6   0.2     3    69    34   119    32   125 0.85 -
GH13_37.hmm          -            320 KW1-S21_123_cg78_6   -            642     1e-17   59.3   0.1   1   1   3.9e-19   2.1e-17   58.3   0.1    18   155   186   320   171   336 0.82 -
GH13_13.hmm          -            361 KW1-S21_123_cg78_6   -            642     2e-15   51.9   0.1   1   1   2.5e-15   1.4e-13   45.9   0.1    59   182   209   322   185   332 0.86 -
GH13_12.hmm          -            284 KW1-S21_123_cg78_6   -            642   4.1e-15   51.4   0.0   1   1   1.4e-16   7.4e-15   50.6   0.0     9   154   185   321   179   329 0.81 -
GT5.hmm              -            472 KW1-S21_123_cg78_7   -            509  1.1e-158  524.1   0.0   1   1  3.8e-161  1.2e-158  523.9   0.0     1   472    31   501    31   501 0.98 -
GT4.hmm              -            160 KW1-S21_123_cg78_7   -            509   3.8e-18   61.0   0.0   1   1   1.9e-20   6.2e-18   60.3   0.0     6   148   324   463   320   470 0.88 -
GH57.hmm             -            383 KW1-S21_123_cg78_8   -            587   1.7e-51  170.8   0.0   1   1   3.7e-54   2.3e-51  170.4   0.0     5   300    13   308     8   334 0.86 -
GH57.hmm             -            383 KW1-S21_123_cg78_9   -            652   3.5e-58  192.8   0.0   1   1   8.5e-61   5.5e-58  192.2   0.0     1   312     9   298     9   305 0.92 -
GT28.hmm             -            157 KW1-S21_123_cg91_2   -            391   1.2e-38  127.6   0.1   1   1   2.7e-41   1.8e-38  127.1   0.1     2   157   191   354   190   354 0.93 -
GH23.hmm             -            135 KW1-S21_123_cg98_1   -            542   1.7e-23   78.9   3.7   1   1   3.9e-25   2.5e-22   75.1   0.0    16   122   394   521   382   530 0.91 -
GH74.hmm             -            233 KW1-S21_123_cg111_6  -           1074   1.7e-54  180.0  33.6   1   2   6.1e-15     2e-12   42.3   0.1    38   117   177   266   159   279 0.84 -
GH74.hmm             -            233 KW1-S21_123_cg111_6  -           1074   1.7e-54  180.0  33.6   2   2   2.8e-19     9e-17   56.5   1.4    36   122   233   321   225   336 0.84 -
GT2_Glycos_transf_2.hmm PF00535.25   170 KW1-S21_123_cg123_22 -            318   3.5e-32  106.8   0.0   1   1   2.7e-34   5.8e-32  106.1   0.0     1   124    17   143    17   178 0.92 Glycosyl transferase family 2
GT81.hmm                -            293 KW1-S21_123_cg123_22 -            318     4e-18   60.6   0.0   1   1   2.4e-20   5.2e-18   60.2   0.0    19   146    12   133     2   175 0.84 -
GT2_Glyco_tranf_2_3.hmm PF13641.5    230 KW1-S21_123_cg123_22 -            318     2e-16   55.9   0.1   1   1   2.1e-18   4.4e-16   54.7   0.1     3   176    15   178    13   200 0.83 Glycosyltransferase like family 2
GT4.hmm              -            160 KW1-S21_123_cg123_24 -            406   1.8e-41  136.8   0.0   1   1   9.6e-44   3.1e-41  136.0   0.0    11   153   216   363   207   367 0.96 -
GT5.hmm              -            472 KW1-S21_123_cg123_24 -            406   4.5e-21   70.3   0.0   1   1   8.7e-23   2.8e-20   67.7   0.0   295   471   217   394   194   395 0.85 -
GT2_Glycos_transf_2.hmm PF00535.25   170 KW1-S21_123_cg123_28 -            257   1.1e-30  102.0   0.0   1   1   2.1e-33   1.4e-30  101.7   0.0     2   168    24   187    23   189 0.94 Glycosyl transferase family 2
GT51.hmm             -            177 KW1-S21_123_cg128_4  -            241   1.5e-50  166.4   0.0   1   1   3.1e-53     2e-50  166.0   0.0    13   173    70   230    61   233 0.96 -
GT2_Glycos_transf_2.hmm PF00535.25   170 KW1-S21_123_cg130_10 -            242   6.2e-32  106.0   0.0   1   1   2.6e-34   8.5e-32  105.6   0.0     4   167     1   160     1   162 0.92 Glycosyl transferase family 2
GT81.hmm                -            293 KW1-S21_123_cg130_10 -            242   9.4e-16   52.8   0.0   1   1   4.9e-18   1.6e-15   52.1   0.0    27   144     1   107     1   193 0.78 -
GT2_Glycos_transf_2.hmm PF00535.25   170 KW1-S21_123_cg134_7  -            145   4.1e-29   96.9   0.0   1   1   1.7e-31   5.3e-29   96.5   0.0     1   119     7   122     7   141 0.91 Glycosyl transferase family 2
GT2_Glyco_tranf_2_3.hmm PF13641.5    230 KW1-S21_123_cg134_7  -            145   1.6e-16   56.2   0.0   1   1   5.6e-19   1.8e-16   56.0   0.0     1   136     4   133     4   144 0.86 Glycosyltransferase like family 2
GT2_Glycos_transf_2.hmm PF00535.25   170 KW1-S21_123_cg161_32 -            230   2.8e-23   77.9   0.0   1   1   8.3e-26   5.3e-23   77.0   0.0     1   120     7   115     7   145 0.88 Glycosyl transferase family 2
AA1.hmm              -            943 KW1-S21_123_cg172_2  -            560   9.3e-65  214.6   7.8   1   2   2.5e-46     4e-44  146.3   0.8   452   662   105   321    65   384 0.85 -
AA1.hmm              -            943 KW1-S21_123_cg172_2  -            560   9.3e-65  214.6   7.8   2   2   5.6e-24     9e-22   72.4   1.1   465   549   462   555   448   559 0.88 -
AA1_2.hmm            -            337 KW1-S21_123_cg172_2  -            560   3.2e-36  120.3   0.0   1   1   1.5e-33   2.5e-31  104.2   0.0     5   225   106   326   102   425 0.81 -
AA1_3.hmm            -            312 KW1-S21_123_cg172_2  -            560   7.1e-31  102.8   0.3   1   1   1.4e-29   2.3e-27   91.3   0.0    29   255   100   319    86   328 0.84 -
AA1_1.hmm            -            303 KW1-S21_123_cg172_2  -            560   1.9e-19   65.2   0.0   1   1   2.5e-21   3.9e-19   64.1   0.0    11   232   106   319    99   338 0.85 -
GT4.hmm              -            160 KW1-S21_123_cg179_6  -            347   9.3e-37  121.5   0.0   1   1   4.7e-39   1.5e-36  120.8   0.0     7   159   160   312   157   313 0.98 -
GT5.hmm              -            472 KW1-S21_123_cg179_6  -            347   3.4e-17   57.5   0.0   1   1   1.5e-19   4.7e-17   57.0   0.0   290   470   160   335   123   337 0.85 -
AA3.hmm              -            618 KW1-S21_123_cg185_2  -            509   4.5e-51  169.2   0.0   1   1   4.2e-53   5.4e-51  168.9   0.0    87   403     3   498     1   506 0.78 -
AA3_2.hmm            -            568 KW1-S21_123_cg185_2  -            509   1.1e-30  102.1   0.8   1   2   2.4e-15     3e-13   44.6   0.2     2   285     5   260     4   262 0.74 -
AA3_2.hmm            -            568 KW1-S21_123_cg185_2  -            509   1.1e-30  102.1   0.8   2   2   1.6e-17   2.1e-15   51.7   0.0   455   566   374   493   353   495 0.71 -
AA3_1.hmm            -            548 KW1-S21_123_cg185_2  -            509   3.8e-27   90.3   0.5   1   1   8.7e-16   1.1e-13   45.9   0.7    14   280     3   259     1   265 0.77 -
GT2_Glyco_tranf_2_3.hmm PF13641.5    230 KW1-S21_123_cg186_5  -            446   3.6e-43  143.4   0.0   1   1   3.1e-45     5e-43  142.9   0.0     1   230    84   308    84   308 0.93 Glycosyltransferase like family 2
GT2_Glycos_transf_2.hmm PF00535.25   170 KW1-S21_123_cg186_5  -            446   5.1e-36  119.3   0.0   1   1   4.4e-38     7e-36  118.9   0.0     1   170    87   255    87   255 0.95 Glycosyl transferase family 2
GT2_Glyco_trans_2_3.hmm PF13632.5    197 KW1-S21_123_cg186_5  -            446     2e-27   91.7   2.4   1   1   1.2e-29     2e-27   91.7   2.4     2   186   169   372   168   408 0.71 Glycosyl transferase family group 2
GT21.hmm                -            233 KW1-S21_123_cg186_5  -            446   1.3e-22   75.8   0.0   1   1     1e-24   1.6e-22   75.4   0.0     1   231    84   307    84   309 0.96 -
GT41.hmm             -            705 KW1-S21_123_cg217_12 -            236   4.4e-29   96.8   4.7   1   2   2.5e-17   1.6e-14   48.6   0.3    83   191    33   131    22   131 0.88 -
GT41.hmm             -            705 KW1-S21_123_cg217_12 -            236   4.4e-29   96.8   4.7   2   2   1.3e-17   8.3e-15   49.6   0.6    79   190   131   232   129   234 0.92 -
#
# Program:         hmmscan
# Version:         3.3.1 (Jul 2020)
# Pipeline mode:   SCAN
# Query file:      /beegfs/home/lxd/2_sea_metagenomics/6.metabat2/bins_redup_refinem_drep/derep_70_10/derepbins_prodigal/KW1-S21_123.proteins.faa
# Target file:     /beegfs/home/lxd/4_salt_metagenomics/tools/CAZy/dbCAN-HMMdb-V8.txt
# Option settings: hmmscan --tblout KW1-S21_123.tbl --domtblout KW1-S21_123_dom.tbl --acc --noali --notextw -E 1e-14 --domE 1e-14 --cpu 30 /beegfs/home/lxd/4_salt_metagenomics/tools/CAZy/dbCAN-HMMdb-V8.txt /beegfs/home/lxd/2_sea_metagenomics/6.metabat2/bins_redup_refinem_drep/derep_70_10/derepbins_prodigal/KW1-S21_123.proteins.faa 
# Current dir:     /beegfs/home/lxd/2_sea_metagenomics/6.metabat2/bins_redup_refinem_drep/derep_70_10/derepbins_cazy
# Date:            Thu Mar  4 18:09:41 2021
# [ok]
