#                                                                            --- full sequence --- -------------- this domain -------------   hmm coord   ali coord   env coord
# target name        accession   tlen query name           accession   qlen   E-value  score  bias   #  of  c-Evalue  i-Evalue  score  bias  from    to  from    to  from    to  acc description of target
#------------------- ---------- ----- -------------------- ---------- ----- --------- ------ ----- --- --- --------- --------- ------ ----- ----- ----- ----- ----- ----- ----- ---- ---------------------
GT41.hmm             -            705 KW1-S05_12_cg4_1     -            617    1e-135  449.3   0.7   1   1  3.2e-124    2e-121  402.0   0.0    85   488   101   616    96   617 0.94 -
AA4.hmm              -            522 KW1-S05_12_cg5_11    -            475   3.7e-26   87.1   0.0   1   1   4.9e-24   1.6e-21   71.8   0.0    16   194    13   191     6   232 0.91 -
AA7.hmm              -            458 KW1-S05_12_cg5_11    -            475   4.1e-17   58.2   1.5   1   1   5.9e-19   1.9e-16   56.0   1.3    11   210    47   256    41   292 0.90 -
CE10.hmm             -            341 KW1-S05_12_cg12_2    -            671     1e-23   79.7   0.2   1   1   2.4e-26   1.5e-23   79.2   0.2    87   317   428   655   332   664 0.86 -
GT51.hmm             -            177 KW1-S05_12_cg19_3    -            860     3e-66  217.5   0.0   1   1   6.9e-69   4.5e-66  217.0   0.0     1   176    58   233    58   234 0.99 -
CE11.hmm             -            271 KW1-S05_12_cg20_10   -            289  3.7e-109  359.5   0.0   1   1  6.5e-112  4.2e-109  359.3   0.0    13   270     1   260     1   261 0.99 -
GT28.hmm             -            157 KW1-S05_12_cg20_17   -            377   2.1e-51  169.1   0.4   1   1   4.5e-54   2.9e-51  168.6   0.4     2   156   189   348   188   349 0.97 -
GT4.hmm              -            160 KW1-S05_12_cg39_6    -            362   8.8e-32  105.3   0.0   1   1   5.7e-34   1.8e-31  104.3   0.0     6   159   179   330   174   331 0.97 -
GT5.hmm              -            472 KW1-S05_12_cg39_6    -            362   1.9e-17   58.4   0.0   1   1   9.7e-20   3.1e-17   57.6   0.0   282   471   174   355   149   356 0.87 -
GT9.hmm              -            225 KW1-S05_12_cg39_7    -            367   3.5e-54  179.4   0.0   1   1   9.3e-57   5.9e-54  178.6   0.0     3   217    93   335    91   346 0.86 -
GT41.hmm             -            705 KW1-S05_12_cg39_13   -            563   4.9e-26   86.7   1.0   1   1   1.9e-22   1.2e-19   65.6   0.2    58   191   115   238   100   544 0.87 -
GT41.hmm             -            705 KW1-S05_12_cg41_2    -            476   3.9e-98  325.0   0.0   1   1  7.2e-101   4.6e-98  324.8   0.0   175   518    11   472     2   475 0.91 -
GT41.hmm             -            705 KW1-S05_12_cg41_3    -            838   2.8e-49  163.6  23.5   1   2   4.2e-17   2.7e-14   47.9   1.8    89   191    22   114     1   121 0.76 -
GT41.hmm             -            705 KW1-S05_12_cg41_3    -            838   2.8e-49  163.6  23.5   2   2   7.2e-18   4.6e-15   50.4   0.1   119   191   177   250   177   357 0.91 -
AA3_2.hmm            -            568 KW1-S05_12_cg45_1    -            540  2.6e-167  553.2   0.0   1   1  2.5e-169  3.2e-167  552.9   0.0     3   566     2   526     1   528 0.95 -
AA3.hmm              -            618 KW1-S05_12_cg45_1    -            540  9.4e-105  346.5   0.0   1   1  8.9e-107  1.1e-104  346.2   0.0    90   402     2   530     1   536 0.89 -
AA3_3.hmm            -            590 KW1-S05_12_cg45_1    -            540   4.3e-87  288.1   0.0   1   2     3e-67   3.8e-65  215.6   0.0     3   314     2   299     1   312 0.89 -
AA3_3.hmm            -            590 KW1-S05_12_cg45_1    -            540   4.3e-87  288.1   0.0   2   2   7.9e-20     1e-17   59.0   0.0   509   586   448   526   441   529 0.93 -
AA3_1.hmm            -            548 KW1-S05_12_cg45_1    -            540     1e-54  181.3   0.0   1   1   4.9e-56   6.3e-54  178.7   0.0    17   543     2   524     1   528 0.79 -
AA8.hmm              -            815 KW1-S05_12_cg45_1    -            540   1.3e-46  154.2   0.0   1   1   6.5e-40   8.3e-38  125.1   0.0   327   773    78   525    64   538 0.81 -
GH3.hmm              -            216 KW1-S05_12_cg53_19   -            274   3.3e-46  152.9   0.0   1   1   6.1e-49   3.9e-46  152.6   0.0    41   216    23   207     1   207 0.88 -
GH103.hmm            -            295 KW1-S05_12_cg55_12   -            344   2.1e-93  307.9   0.0   1   1   3.8e-96   2.4e-93  307.7   0.0     8   295    46   335    40   335 0.94 -
GT83.hmm             -            540 KW1-S05_12_cg58_1    -            450   1.1e-81  270.3  67.3   1   1   2.1e-84   1.3e-81  270.0  67.3     5   437    10   446     6   449 0.84 -
GH23.hmm             -            135 KW1-S05_12_cg68_5    -            468   6.5e-24   80.3   0.2   1   1     2e-26   1.3e-23   79.3   0.2    13   122   288   436   278   444 0.93 -
AA12.hmm             -            401 KW1-S05_12_cg71_27   -            418   3.6e-28   93.5   0.0   1   1   1.5e-30   9.6e-28   92.1   0.0    11   399    26   409    17   411 0.79 -
GT41.hmm             -            705 KW1-S05_12_cg73_3    -            557   1.6e-26   88.3   0.0   1   1   6.2e-16     4e-13   44.0   0.2    53   191    12   140     2   142 0.92 -
GT41.hmm             -            705 KW1-S05_12_cg73_6    -            589   1.7e-23   78.3   3.3   1   1   4.4e-16   2.8e-13   44.5   0.2    62   190   115   233    99   322 0.86 -
GT41.hmm             -            705 KW1-S05_12_cg73_9    -            715     8e-51  168.6  17.7   1   3   3.9e-18   2.5e-15   51.3   1.1    83   191    10   108     4   110 0.95 -
GT41.hmm             -            705 KW1-S05_12_cg73_9    -            715     8e-51  168.6  17.7   2   3   7.2e-18   4.6e-15   50.4   0.1   125   191   110   176   109   178 0.96 -
GT41.hmm             -            705 KW1-S05_12_cg73_9    -            715     8e-51  168.6  17.7   3   3     1e-18   6.6e-16   53.2   0.2   120   191   138   210   137   246 0.86 -
CBM50.hmm            -             40 KW1-S05_12_cg75_4    -            546   5.1e-45  146.9   6.2   1   2   1.2e-17   3.8e-15   51.3   0.0     1    39   428   470   428   470 0.93 -
CBM50.hmm            -             40 KW1-S05_12_cg75_4    -            546   5.1e-45  146.9   6.2   2   2   5.6e-18   1.8e-15   52.4   0.0     1    38   493   534   493   535 0.88 -
GH23.hmm             -            135 KW1-S05_12_cg75_4    -            546   6.1e-24   80.4   0.1   1   1   3.8e-26   1.2e-23   79.4   0.1    23   122   141   260    97   273 0.91 -
GT9.hmm              -            225 KW1-S05_12_cg81_14   -            377   6.2e-49  162.2   0.6   1   1   1.2e-51     8e-49  161.8   0.6     2   204    80   314    79   345 0.86 -
GT41.hmm             -            705 KW1-S05_12_cg82_31   -            755   4.2e-28   93.5   7.6   1   1   2.7e-20   1.7e-17   58.4   3.4    25   191    11   167     2   168 0.87 -
GT19.hmm             -            354 KW1-S05_12_cg83_14   -            390    1e-123  407.8   0.0   1   1  1.8e-126  1.2e-123  407.6   0.0     2   353    10   368     9   369 0.97 -
GT51.hmm             -            177 KW1-S05_12_cg88_12   -            885   6.1e-66  216.6   0.0   1   1   1.5e-68   9.6e-66  215.9   0.0     1   176    74   249    74   250 0.99 -
GT41.hmm             -            705 KW1-S05_12_cg100_19  -            796   1.2e-30  102.0   3.3   1   1     9e-16   5.8e-13   43.5   0.9    49   191   414   553   363   556 0.76 -
GT41.hmm             -            705 KW1-S05_12_cg102_6   -            201   1.2e-15   52.4   0.4   1   1   2.1e-18   1.4e-15   52.2   0.4    54   191    44   172    23   197 0.89 -
CE10.hmm             -            341 KW1-S05_12_cg104_10  -            647   1.1e-26   89.5   0.0   1   1   5.4e-29   1.7e-26   88.9   0.0    93   323   398   622   352   633 0.80 -
CE7.hmm              -            313 KW1-S05_12_cg104_10  -            647   8.9e-16   52.9   0.2   1   1   1.8e-16   5.6e-14   47.0   0.2    55   306   375   613   355   618 0.82 -
GT41.hmm             -            705 KW1-S05_12_cg106_4   -            700  3.2e-158  523.6  14.6   1   3   1.3e-15     8e-13   43.0   0.7   118   191   106   180   104   185 0.96 -
GT41.hmm             -            705 KW1-S05_12_cg106_4   -            700  3.2e-158  523.6  14.6   2   3   2.5e-54   1.6e-51  171.0   0.0   517   678   304   466   291   470 0.92 -
GT41.hmm             -            705 KW1-S05_12_cg106_4   -            700  3.2e-158  523.6  14.6   3   3   4.2e-77   2.7e-74  246.2   0.0   306   516   466   693   463   698 0.96 -
GT41.hmm             -            705 KW1-S05_12_cg108_5   -            498   1.2e-32  108.5  13.6   1   2   7.7e-16     5e-13   43.7   0.7   117   191    90   165    88   167 0.91 -
GT41.hmm             -            705 KW1-S05_12_cg108_5   -            498   1.2e-32  108.5  13.6   2   2     3e-17   1.9e-14   48.4   1.0    76   191   162   266   160   457 0.90 -
CE1.hmm              -            227 KW1-S05_12_cg110_5   -            240   5.8e-17   57.5   0.0   1   1   1.1e-19   7.2e-17   57.2   0.0     7   155     7   167     3   209 0.72 -
GT41.hmm             -            705 KW1-S05_12_cg110_11  -            633  1.5e-109  362.8   0.0   1   1  5.8e-112  3.7e-109  361.4   0.0    74   515    76   625     2   631 0.91 -
GT41.hmm             -            705 KW1-S05_12_cg120_2   -            603   8.9e-39  128.8   0.0   1   2   9.2e-16   5.9e-13   43.5   0.3    81   191     4   104     1   111 0.92 -
GT41.hmm             -            705 KW1-S05_12_cg120_2   -            603   8.9e-39  128.8   0.0   2   2   1.1e-21     7e-19   63.0   0.7    86   190   110   204   105   205 0.93 -
CE10.hmm             -            341 KW1-S05_12_cg125_18  -            684   6.7e-25   83.7   0.6   1   1   3.2e-27     1e-24   83.1   0.6    64   322   418   665   404   678 0.85 -
CE1.hmm              -            227 KW1-S05_12_cg125_24  -            801   7.9e-24   79.9   0.6   1   1   6.7e-26   2.1e-23   78.5   0.2    10   213   558   780   549   792 0.72 -
CE10.hmm             -            341 KW1-S05_12_cg125_24  -            801   1.1e-22   76.5   1.3   1   1   1.1e-24   3.5e-22   74.7   0.3    78   324   554   788   526   797 0.81 -
CE1.hmm              -            227 KW1-S05_12_cg130_30  -            287   5.5e-46  152.4   0.0   1   1     1e-48   6.4e-46  152.2   0.0     1   225    29   282    29   284 0.85 -
AA3.hmm              -            618 KW1-S05_12_cg133_18  -            529   1.1e-46  154.8   0.0   1   1   6.5e-49   1.4e-46  154.4   0.0    86   398    18   517     7   525 0.73 -
AA3_1.hmm            -            548 KW1-S05_12_cg133_18  -            529   2.2e-24   81.2   0.8   1   1   1.5e-16   3.3e-14   47.6   0.5    16   276    21   270     8   277 0.81 -
GT51.hmm             -            177 KW1-S05_12_cg139_40  -            223   1.8e-52  172.7   0.0   1   1   3.7e-55   2.4e-52  172.3   0.0    14   171    60   217    51   221 0.96 -
GT4.hmm              -            160 KW1-S05_12_cg145_1   -            171   3.1e-29   97.0   0.0   1   1   5.7e-32   3.7e-29   96.8   0.0    22   159     1   133     1   134 0.96 -
GT9.hmm              -            225 KW1-S05_12_cg145_3   -            346   3.6e-51  169.5   0.0   1   1   7.1e-54   4.5e-51  169.2   0.0     2   222    77   322    76   325 0.85 -
GT30.hmm             -            177 KW1-S05_12_cg145_9   -            426   5.3e-71  233.0   0.0   1   1   5.6e-72   3.6e-69  227.1   0.0     2   176    33   210    32   211 0.97 -
GT41.hmm             -            705 KW1-S05_12_cg148_8   -            739   7.2e-38  125.8   0.3   1   2   4.2e-17   2.7e-14   47.9   0.1   123   191    71   139    70   141 0.93 -
GT41.hmm             -            705 KW1-S05_12_cg148_8   -            739   7.2e-38  125.8   0.3   2   2   3.5e-17   2.3e-14   48.1   0.0   123   192   139   223   138   449 0.77 -
GT41.hmm             -            705 KW1-S05_12_cg149_17  -            258   2.3e-19   64.6   4.2   1   1     2e-16   1.3e-13   45.7   0.2    86   191    39   134    24   137 0.91 -
#
# Program:         hmmscan
# Version:         3.3.1 (Jul 2020)
# Pipeline mode:   SCAN
# Query file:      /beegfs/home/lxd/2_sea_metagenomics/6.metabat2/bins_redup_refinem_drep/derep_70_10/derepbins_prodigal/KW1-S05_12.proteins.faa
# Target file:     /beegfs/home/lxd/4_salt_metagenomics/tools/CAZy/dbCAN-HMMdb-V8.txt
# Option settings: hmmscan --tblout KW1-S05_12.tbl --domtblout KW1-S05_12_dom.tbl --acc --noali --notextw -E 1e-14 --domE 1e-14 --cpu 30 /beegfs/home/lxd/4_salt_metagenomics/tools/CAZy/dbCAN-HMMdb-V8.txt /beegfs/home/lxd/2_sea_metagenomics/6.metabat2/bins_redup_refinem_drep/derep_70_10/derepbins_prodigal/KW1-S05_12.proteins.faa 
# Current dir:     /beegfs/home/lxd/2_sea_metagenomics/6.metabat2/bins_redup_refinem_drep/derep_70_10/derepbins_cazy
# Date:            Thu Mar  4 11:10:18 2021
# [ok]
