#                                                                            --- full sequence --- -------------- this domain -------------   hmm coord   ali coord   env coord
# target name        accession   tlen query name           accession   qlen   E-value  score  bias   #  of  c-Evalue  i-Evalue  score  bias  from    to  from    to  from    to  acc description of target
#------------------- ---------- ----- -------------------- ---------- ----- --------- ------ ----- --- --- --------- --------- ------ ----- ----- ----- ----- ----- ----- ----- ---- ---------------------
GT4.hmm              -            160 KW1-S08_155_cg6_3    -            740   2.5e-34  113.6   0.0   1   1   6.6e-37   4.2e-34  112.8   0.0     8   157   533   683   529   686 0.94 -
CE11.hmm             -            271 KW1-S08_155_cg9_2    -            354    3e-108  356.5   0.0   1   1  5.4e-111  3.5e-108  356.3   0.0     1   270    46   316    46   317 0.99 -
GT41.hmm             -            705 KW1-S08_155_cg13_9   -            580   9.3e-77  254.4  31.9   1   5   2.3e-19   1.5e-16   55.3   1.0    83   191    46   144    42   145 0.93 -
GT41.hmm             -            705 KW1-S08_155_cg13_9   -            580   9.3e-77  254.4  31.9   2   5   5.8e-18   3.7e-15   50.7   0.1   123   191   144   212   142   213 0.93 -
GT41.hmm             -            705 KW1-S08_155_cg13_9   -            580   9.3e-77  254.4  31.9   3   5   5.1e-18   3.2e-15   50.9   0.1   123   189   178   244   177   247 0.95 -
GT41.hmm             -            705 KW1-S08_155_cg13_9   -            580   9.3e-77  254.4  31.9   4   5   3.3e-20   2.1e-17   58.2   0.5   122   191   211   280   209   281 0.90 -
GT41.hmm             -            705 KW1-S08_155_cg13_9   -            580   9.3e-77  254.4  31.9   5   5   6.1e-21   3.9e-18   60.6   0.7   118   191   240   314   238   315 0.94 -
GH15.hmm             -            361 KW1-S08_155_cg14_1   -            159   8.2e-32  106.0   0.0   1   1   1.4e-34   9.1e-32  105.9   0.0   197   360     1   147     1   148 0.88 -
GT20.hmm             -            475 KW1-S08_155_cg14_2   -            459  1.5e-168  556.4   0.0   1   1  2.7e-171  1.7e-168  556.2   0.0    13   473     2   453     1   455 0.97 -
GH23.hmm             -            135 KW1-S08_155_cg26_2   -            607   2.9e-25   84.7   3.2   1   1   3.4e-27   2.2e-24   81.8   0.0    17   120   436   562   424   569 0.92 -
GT41.hmm             -            705 KW1-S08_155_cg52_4   -            526     1e-62  208.0   8.8   1   3   1.4e-27   8.7e-25   82.6   0.0    53   191    61   189    25   191 0.93 -
GT41.hmm             -            705 KW1-S08_155_cg52_4   -            526     1e-62  208.0   8.8   2   3     5e-18   3.2e-15   50.9   0.0   119   191   184   257   183   260 0.94 -
GT41.hmm             -            705 KW1-S08_155_cg52_4   -            526     1e-62  208.0   8.8   3   3   1.5e-22   9.9e-20   65.9   0.6   123   191   257   325   256   331 0.92 -
GT41.hmm             -            705 KW1-S08_155_cg55_1   -            680     3e-28   94.0   0.0   1   1     2e-17   1.3e-14   48.9   0.0    55   190    27   152     4   154 0.74 -
AA4.hmm              -            522 KW1-S08_155_cg64_1   -            491   7.7e-22   72.9   0.0   1   1   5.5e-21   1.7e-18   61.8   0.1    14   254    14   244     6   252 0.86 -
AA7.hmm              -            458 KW1-S08_155_cg64_1   -            491   1.5e-19   66.3   2.6   1   1   7.9e-22   2.5e-19   65.5   2.6    12   194    49   238    46   253 0.89 -
GT4.hmm              -            160 KW1-S08_155_cg65_1   -            419   8.3e-16   53.4   0.0   1   1   2.5e-18   1.6e-15   52.4   0.0    10   157   225   376   221   379 0.86 -
GT41.hmm             -            705 KW1-S08_155_cg69_6   -            457   2.2e-44  147.3   2.8   1   3   1.1e-21   7.2e-19   63.0   0.3   103   191    36   126     3   128 0.82 -
GT41.hmm             -            705 KW1-S08_155_cg69_6   -            457   2.2e-44  147.3   2.8   2   3   1.3e-16   8.3e-14   46.3   0.1   145   191   114   160   114   161 0.98 -
GT41.hmm             -            705 KW1-S08_155_cg69_6   -            457   2.2e-44  147.3   2.8   3   3   1.9e-18   1.2e-15   52.4   0.0   122   192   159   235   159   300 0.78 -
GT41.hmm             -            705 KW1-S08_155_cg74_4   -            512   2.1e-64  213.5   9.5   1   4   1.6e-17     1e-14   49.3   0.0   118   191     2    76     1    78 0.96 -
GT41.hmm             -            705 KW1-S08_155_cg74_4   -            512   2.1e-64  213.5   9.5   2   4   6.1e-21   3.9e-18   60.6   0.2   121   191    73   144    72   146 0.96 -
GT41.hmm             -            705 KW1-S08_155_cg74_4   -            512   2.1e-64  213.5   9.5   3   4   2.1e-22   1.3e-19   65.4   0.4   122   191   143   212   141   214 0.96 -
GT41.hmm             -            705 KW1-S08_155_cg74_4   -            512   2.1e-64  213.5   9.5   4   4   1.1e-17   7.2e-15   49.8   0.1   123   191   212   280   211   318 0.89 -
AA7.hmm              -            458 KW1-S08_155_cg79_2   -            469   6.5e-18   60.9  10.2   1   1   2.7e-19   8.7e-17   57.1   8.0    14   218    41   250    35   321 0.82 -
AA4.hmm              -            522 KW1-S08_155_cg79_2   -            469   1.8e-17   58.4   0.0   1   1   7.6e-17   2.4e-14   48.1   0.0    53   201    41   187    21   236 0.84 -
GT4.hmm              -            160 KW1-S08_155_cg89_2   -            408   1.3e-30  101.5   0.0   1   1   6.2e-33     2e-30  100.9   0.0     7   154   219   367   214   374 0.92 -
GT5.hmm              -            472 KW1-S08_155_cg89_2   -            408   1.9e-22   74.8   0.0   1   1     8e-25   2.6e-22   74.4   0.0   274   471   205   398   174   399 0.84 -
GT9.hmm              -            225 KW1-S08_155_cg89_3   -            322   8.6e-36  119.2   0.5   1   1   1.8e-38   1.1e-35  118.8   0.5     3   203    79   295    77   313 0.80 -
GT2_Glycos_transf_2.hmm PF00535.25   170 KW1-S08_155_cg104_5  -            301   3.4e-31  103.6   0.0   1   1   2.1e-33   4.5e-31  103.2   0.0     1   169     7   165     7   166 0.95 Glycosyl transferase family 2
GT2_Glyco_tranf_2_3.hmm PF13641.5    230 KW1-S08_155_cg104_5  -            301   2.2e-26   88.4   0.1   1   1   1.7e-28   3.6e-26   87.7   0.1     1   217     4   210     4   220 0.89 Glycosyltransferase like family 2
GT4.hmm              -            160 KW1-S08_155_cg116_1  -            107   5.3e-20   67.0   0.0   1   1   1.1e-22   7.1e-20   66.6   0.0    84   157     2    75     1    79 0.95 -
GH102.hmm            -            157 KW1-S08_155_cg131_2  -            363   8.2e-57  186.9   0.0   1   1   1.6e-59     1e-56  186.6   0.0     2   157   107   262   106   262 0.98 -
PL12_3.hmm           -            144 KW1-S08_155_cg157_6  -            808   1.1e-20   69.4   0.0   1   1   7.5e-23   2.4e-20   68.3   0.0     9   105   634   731   628   752 0.88 -
PL12.hmm             -            138 KW1-S08_155_cg157_6  -            808   4.2e-18   61.3   0.0   1   1     2e-20   6.5e-18   60.7   0.0     2   102   629   733   628   759 0.87 -
GT4.hmm              -            160 KW1-S08_155_cg157_9  -            289     1e-19   66.0   0.0   1   1   9.4e-22     6e-19   63.6   0.0    12   150   108   249   102   259 0.81 -
CE10.hmm             -            341 KW1-S08_155_cg164_4  -            296   7.6e-30   99.9   0.9   1   1   1.6e-32     1e-29   99.5   0.9    65   309    51   271     7   292 0.78 -
GT83.hmm             -            540 KW1-S08_155_cg167_8  -            516   4.2e-17   57.1  47.7   1   1   9.1e-20   5.9e-17   56.7  47.7    12   362    22   373    17   421 0.69 -
GT41.hmm             -            705 KW1-S08_155_cg175_3  -            568   1.3e-91  303.4   0.0   1   4   2.5e-24   1.6e-21   71.8   4.9    57   191    32   156    13   158 0.93 -
GT41.hmm             -            705 KW1-S08_155_cg175_3  -            568   1.3e-91  303.4   0.0   2   4     2e-21   1.3e-18   62.2   0.1   123   191   156   224   155   225 0.93 -
GT41.hmm             -            705 KW1-S08_155_cg175_3  -            568   1.3e-91  303.4   0.0   3   4   3.6e-18   2.3e-15   51.4   0.1   122   191   223   292   221   294 0.91 -
GT41.hmm             -            705 KW1-S08_155_cg175_3  -            568   1.3e-91  303.4   0.0   4   4   3.4e-37   2.2e-34  114.3   0.0   122   281   291   568   290   568 0.97 -
AA7.hmm              -            458 KW1-S08_155_cg186_7  -           1032   1.2e-17   59.9   2.0   1   1   2.1e-18   1.3e-15   53.2   2.0    13   147   105   242   100   252 0.92 -
GT41.hmm             -            705 KW1-S08_155_cg197_5  -            209   4.4e-25   83.5   0.0   1   1   1.2e-15     8e-13   43.0   0.0   123   191    54   122    14   123 0.88 -
GT41.hmm             -            705 KW1-S08_155_cg206_5  -            675    3e-103  341.9   0.0   1   1  8.2e-100   5.2e-97  321.3   0.0    97   532   143   656   133   672 0.91 -
GT25.hmm             -            181 KW1-S08_155_cg213_1  -            752   2.3e-28   94.6   0.0   1   1     1e-30   3.4e-28   94.1   0.0     3   179    68   273    66   275 0.84 -
GH16.hmm             -            189 KW1-S08_155_cg213_1  -            752   5.4e-22   74.5   0.0   1   1   2.8e-24   8.9e-22   73.8   0.0     4   175   524   713   519   741 0.73 -
GT41.hmm             -            705 KW1-S08_155_cg224_2  -            620   5.9e-22   73.2   0.0   1   1   9.1e-18   5.9e-15   50.1   0.0    81   189   467   565   433   565 0.75 -
GT41.hmm             -            705 KW1-S08_155_cg226_3  -            483   5.6e-42  139.4   2.3   1   2   2.5e-23   1.6e-20   68.5   0.1    55   191    23   149     6   150 0.91 -
GT41.hmm             -            705 KW1-S08_155_cg226_3  -            483   5.6e-42  139.4   2.3   2   2   1.2e-20   7.5e-18   59.7   0.4   122   191   148   217   146   222 0.95 -
AA3_2.hmm            -            568 KW1-S08_155_cg228_2  -            538  7.5e-169  558.3   0.0   1   1    7e-171  8.9e-169  558.0   0.0     2   568     6   533     5   533 0.97 -
AA3.hmm              -            618 KW1-S08_155_cg228_2  -            538  2.1e-108  358.6   0.0   1   1    2e-110  2.6e-108  358.3   0.0    89   402     6   535     3   537 0.88 -
AA3_3.hmm            -            590 KW1-S08_155_cg228_2  -            538   1.3e-76  253.5   0.0   1   2   5.8e-58   7.5e-56  184.9   0.0     3   317     7   307     5   321 0.89 -
AA3_3.hmm            -            590 KW1-S08_155_cg228_2  -            538   1.3e-76  253.5   0.0   2   2   3.2e-18   4.1e-16   53.7   0.1   522   588   468   533   452   534 0.89 -
AA3_1.hmm            -            548 KW1-S08_155_cg228_2  -            538   1.3e-54  181.0   0.0   1   1   1.5e-55   1.9e-53  177.1   0.0    15   544     5   530     1   533 0.77 -
AA8.hmm              -            815 KW1-S08_155_cg228_2  -            538   5.8e-43  142.2   0.0   1   1   1.1e-36   1.4e-34  114.4   0.0   327   773    84   530    81   536 0.81 -
GT4.hmm              -            160 KW1-S08_155_cg256_5  -            410   3.9e-34  112.9   0.0   1   1   1.1e-36   7.4e-34  112.0   0.0     9   158   226   380   221   383 0.95 -
GT28.hmm             -            157 KW1-S08_155_cg256_6  -            397   1.3e-16   56.1   0.2   1   1     3e-19   1.9e-16   55.5   0.2    28   140   241   357   213   368 0.80 -
GT19.hmm             -            354 KW1-S08_155_cg261_1  -             64   9.9e-15   49.3   0.0   1   1   1.7e-17   1.1e-14   49.2   0.0     1    52    12    64    12    64 0.96 -
GT41.hmm             -            705 KW1-S08_155_cg263_1  -            314   4.9e-34  113.2   3.5   1   2   2.3e-22   1.5e-19   65.3   0.4    58   191    42   165     6   166 0.89 -
GT41.hmm             -            705 KW1-S08_155_cg263_1  -            314   4.9e-34  113.2   3.5   2   2   3.8e-18   2.4e-15   51.3   0.2   122   191   164   233   162   299 0.91 -
AA4.hmm              -            522 KW1-S08_155_cg272_2  -            463   6.4e-26   86.3   0.0   1   1   4.1e-24   1.3e-21   72.1   0.0    16   253    11   236     3   331 0.81 -
AA7.hmm              -            458 KW1-S08_155_cg272_2  -            463   4.4e-22   74.6   7.8   1   1     5e-22   1.6e-19   66.2   8.7    13   212    44   251    39   325 0.87 -
GT2_Glyco_tranf_2_3.hmm PF13641.5    230 KW1-S08_155_cg274_3  -            224   3.7e-17   58.2   0.2   1   1   1.8e-19   5.9e-17   57.6   0.2     4   199     2   176     1   197 0.86 Glycosyltransferase like family 2
GT2_Glycos_transf_2.hmm PF00535.25   170 KW1-S08_155_cg274_3  -            224   9.9e-17   56.6   0.0   1   1     4e-19   1.3e-16   56.2   0.0     1   100     3    93     3   132 0.94 Glycosyl transferase family 2
GT19.hmm             -            354 KW1-S08_155_cg281_1  -             98   2.2e-19   64.6   0.0   1   1   3.9e-22   2.5e-19   64.4   0.0   280   352     1    73     1    75 0.96 -
GT9.hmm              -            225 KW1-S08_155_cg295_7  -            311   1.1e-29   99.3   0.2   1   1   2.3e-32   1.5e-29   98.8   0.2    10   204    55   277    46   292 0.77 -
GT30.hmm             -            177 KW1-S08_155_cg312_3  -            432     3e-64  211.0   0.0   1   1   5.6e-66   3.6e-63  207.5   0.0     2   175    34   209    33   211 0.97 -
GH23.hmm             -            135 KW1-S08_155_cg313_3  -            656   3.3e-28   94.2   0.4   1   1   1.4e-30   9.3e-28   92.7   0.4    15   124   502   636   495   645 0.90 -
GT2_Glycos_transf_2.hmm PF00535.25   170 KW1-S08_155_cg321_6  -            397   4.2e-27   90.3   0.0   1   1   1.8e-29   5.7e-27   89.9   0.0     2   168    49   225    48   227 0.93 Glycosyl transferase family 2
GT2_Glyco_tranf_2_3.hmm PF13641.5    230 KW1-S08_155_cg321_6  -            397   4.5e-24   80.9   0.0   1   1   2.1e-26   6.8e-24   80.3   0.0     1   198    45   250    45   255 0.92 Glycosyltransferase like family 2
GT41.hmm             -            705 KW1-S08_155_cg326_2  -            513   3.7e-47  156.5   6.5   1   3   1.8e-17   1.1e-14   49.1   0.2   102   191     9    88     1    90 0.88 -
GT41.hmm             -            705 KW1-S08_155_cg326_2  -            513   3.7e-47  156.5   6.5   2   3   7.2e-23   4.6e-20   67.0   0.3   123   191    88   156    87   159 0.94 -
GT41.hmm             -            705 KW1-S08_155_cg326_2  -            513   3.7e-47  156.5   6.5   3   3     5e-16   3.2e-13   44.3   0.0   126   183   159   216   156   236 0.93 -
AA1.hmm              -            943 KW1-S08_155_cg359_5  -            227   1.1e-33  111.8   4.2   1   1   6.2e-36   1.3e-33  111.5   4.2   458   553    98   208    84   226 0.83 -
AA1_2.hmm            -            337 KW1-S08_155_cg359_5  -            227   3.2e-20   67.7   0.2   1   1   2.1e-22   4.4e-20   67.2   0.2    11   106    99   192    92   201 0.89 -
AA1_3.hmm            -            312 KW1-S08_155_cg359_5  -            227   1.3e-19   65.8   0.1   1   1   7.9e-22   1.7e-19   65.4   0.1    39   132    97   189    85   215 0.88 -
GT4.hmm              -            160 KW1-S08_155_cg383_3  -            345   5.8e-16   53.9   0.0   1   1   1.3e-18   8.1e-16   53.4   0.0    51   157   214   318   170   321 0.77 -
GT4.hmm              -            160 KW1-S08_155_cg399_3  -            345     2e-15   52.1   0.0   1   1   4.3e-18   2.8e-15   51.7   0.0    33   157   185   318   170   321 0.77 -
GT51.hmm             -            177 KW1-S08_155_cg435_6  -            486   2.8e-65  214.4   0.0   1   1   5.8e-68   3.7e-65  214.0   0.0     1   176    55   233    55   234 0.97 -
GT41.hmm             -            705 KW1-S08_155_cg438_2  -            284   8.9e-17   56.1   8.7   1   1   1.8e-18   1.2e-15   52.4   8.7    37   190    29   206     4   267 0.88 -
GH15.hmm             -            361 KW1-S08_155_cg446_5  -            487   3.1e-51  169.9   0.1   1   1   5.8e-54   3.7e-51  169.7   0.1     2   247   224   487   223   487 0.87 -
GH3.hmm              -            216 KW1-S08_155_cg451_3  -            337     6e-43  142.2   0.2   1   1   1.3e-45   8.2e-43  141.8   0.2    11   215    55   279    49   280 0.92 -
#
# Program:         hmmscan
# Version:         3.3.1 (Jul 2020)
# Pipeline mode:   SCAN
# Query file:      /beegfs/home/lxd/2_sea_metagenomics/6.metabat2/bins_redup_refinem_drep/derep_70_10/derepbins_prodigal/KW1-S08_155.proteins.faa
# Target file:     /beegfs/home/lxd/4_salt_metagenomics/tools/CAZy/dbCAN-HMMdb-V8.txt
# Option settings: hmmscan --tblout KW1-S08_155.tbl --domtblout KW1-S08_155_dom.tbl --acc --noali --notextw -E 1e-14 --domE 1e-14 --cpu 30 /beegfs/home/lxd/4_salt_metagenomics/tools/CAZy/dbCAN-HMMdb-V8.txt /beegfs/home/lxd/2_sea_metagenomics/6.metabat2/bins_redup_refinem_drep/derep_70_10/derepbins_prodigal/KW1-S08_155.proteins.faa 
# Current dir:     /beegfs/home/lxd/2_sea_metagenomics/6.metabat2/bins_redup_refinem_drep/derep_70_10/derepbins_cazy
# Date:            Thu Mar  4 12:19:42 2021
# [ok]
