#                                                                            --- full sequence --- -------------- this domain -------------   hmm coord   ali coord   env coord
# target name        accession   tlen query name           accession   qlen   E-value  score  bias   #  of  c-Evalue  i-Evalue  score  bias  from    to  from    to  from    to  acc description of target
#------------------- ---------- ----- -------------------- ---------- ----- --------- ------ ----- --- --- --------- --------- ------ ----- ----- ----- ----- ----- ----- ----- ---- ---------------------
GT41.hmm             -            705 KW1-S08_30_cg1_1     -            191   2.1e-19   64.8   5.5   1   1   1.3e-15   8.6e-13   42.9   0.3    80   191    56   157    54   167 0.91 -
CE4.hmm              -            130 KW1-S08_30_cg17_2    -            291   4.3e-22   74.0   0.0   1   1     3e-24   1.9e-21   71.9   0.0    10   127    34   177    27   179 0.86 -
AA6.hmm              -            195 KW1-S08_30_cg23_4    -            136   1.3e-30  101.6   0.9   1   1   6.3e-33     4e-30  100.0   0.9     2   142    15   135    14   136 0.90 -
GH23.hmm             -            135 KW1-S08_30_cg29_1    -            777   2.2e-28   94.7   2.4   1   1   5.6e-31   3.6e-28   94.1   0.1    17   123   631   757   618   764 0.90 -
CE10.hmm             -            341 KW1-S08_30_cg64_1    -            303   2.9e-78  259.1   1.1   1   1   5.3e-81   3.4e-78  258.9   1.1    40   330    22   300     6   303 0.88 -
GH74.hmm             -            233 KW1-S08_30_cg86_2    -            418   4.5e-49  162.2  19.7   1   4   1.5e-16   9.3e-14   46.6   0.4    45   110    74   145    72   152 0.92 -
GH74.hmm             -            233 KW1-S08_30_cg86_2    -            418   4.5e-49  162.2  19.7   2   4   5.7e-16   3.6e-13   44.7   0.0    48   110   131   196   131   205 0.89 -
GH74.hmm             -            233 KW1-S08_30_cg86_2    -            418   4.5e-49  162.2  19.7   3   4   1.5e-15   9.6e-13   43.3   0.4    45   113   179   257   178   264 0.88 -
GH74.hmm             -            233 KW1-S08_30_cg86_2    -            418   4.5e-49  162.2  19.7   4   4   1.9e-15   1.2e-12   43.0   0.5    46   114   238   318   229   329 0.87 -
GT4.hmm              -            160 KW1-S08_30_cg87_1    -            740   5.5e-16   54.0   0.0   1   1   1.7e-18   1.1e-15   53.0   0.0     8   156   194   354   188   358 0.88 -
GT4.hmm              -            160 KW1-S08_30_cg98_10   -            150   4.9e-24   80.1   0.0   1   1     9e-27   5.8e-24   79.9   0.0    50   154     6   112     1   117 0.92 -
AA3_2.hmm            -            568 KW1-S08_30_cg133_2   -            512  1.2e-128  425.6   0.0   1   2   1.4e-85   1.8e-83  276.4   0.0     2   323     4   307     3   325 0.89 -
AA3_2.hmm            -            568 KW1-S08_30_cg133_2   -            512  1.2e-128  425.6   0.0   2   2   1.9e-46   2.5e-44  147.2   0.0   412   566   353   509   319   511 0.90 -
AA3.hmm              -            618 KW1-S08_30_cg133_2   -            512   7.4e-94  310.5   0.0   1   1   6.5e-96   8.3e-94  310.4   0.0    86   399     1   510     1   511 0.87 -
AA3_3.hmm            -            590 KW1-S08_30_cg133_2   -            512   4.1e-63  208.9   0.0   1   2   7.7e-44   9.9e-42  138.3   0.0     2   311     4   297     3   316 0.86 -
AA3_3.hmm            -            590 KW1-S08_30_cg133_2   -            512   4.1e-63  208.9   0.0   2   2   6.7e-21   8.6e-19   62.6   0.1   506   585   428   508   410   511 0.93 -
AA3_1.hmm            -            548 KW1-S08_30_cg133_2   -            512   2.6e-46  153.6   0.0   1   2   2.7e-32   3.5e-30  100.3   0.1    14   320     2   298     1   338 0.75 -
AA3_1.hmm            -            548 KW1-S08_30_cg133_2   -            512   2.6e-46  153.6   0.0   2   2   1.1e-16   1.4e-14   48.8   0.0   407   544   366   508   345   510 0.78 -
CE10.hmm             -            341 KW1-S08_30_cg147_1   -            305   9.4e-51  168.7   0.7   1   1   1.7e-53   1.1e-50  168.4   0.7    51   329    36   297     8   303 0.84 -
GT51.hmm             -            177 KW1-S08_30_cg152_8   -            728   2.1e-55  182.3   0.0   1   1   5.5e-58   3.5e-55  181.5   0.0    13   177   123   297   110   297 0.92 -
AA3_2.hmm            -            568 KW1-S08_30_cg153_5   -            512  1.3e-127  422.2   0.0   1   2   1.5e-83   1.9e-81  269.7   0.0     2   322     2   302     1   320 0.91 -
AA3_2.hmm            -            568 KW1-S08_30_cg153_5   -            512  1.3e-127  422.2   0.0   2   2   2.1e-47   2.6e-45  150.4   0.1   391   563   325   504   311   505 0.89 -
AA3.hmm              -            618 KW1-S08_30_cg153_5   -            512   4.7e-87  288.0   0.2   1   1   4.4e-89   5.7e-87  287.8   0.2    89   396     2   505     1   510 0.86 -
AA3_3.hmm            -            590 KW1-S08_30_cg153_5   -            512   3.5e-65  215.8   0.0   1   2   1.3e-44   1.7e-42  140.8   0.0     2   309     2   291     1   307 0.87 -
AA3_3.hmm            -            590 KW1-S08_30_cg153_5   -            512   3.5e-65  215.8   0.0   2   2   4.9e-23   6.3e-21   69.6   0.1   510   583   430   504   417   508 0.94 -
AA3_1.hmm            -            548 KW1-S08_30_cg153_5   -            512   2.5e-49  163.5   0.0   1   1   5.6e-50   7.1e-48  158.7   0.0    16   542     2   504     1   505 0.80 -
AA8.hmm              -            815 KW1-S08_30_cg153_5   -            512   1.5e-34  114.4   1.2   1   1   8.5e-25   1.1e-22   75.1   0.8   245   549     2   294     1   308 0.80 -
AA3_2.hmm            -            568 KW1-S08_30_cg156_1   -            513  7.1e-127  419.7   0.0   1   1  1.1e-126  1.5e-124  412.1   0.0     2   567     4   510     3   511 0.89 -
AA3.hmm              -            618 KW1-S08_30_cg156_1   -            513   1.9e-92  305.9   0.0   1   1   1.6e-94   2.1e-92  305.7   0.0    87   399     2   510     1   512 0.87 -
AA3_3.hmm            -            590 KW1-S08_30_cg156_1   -            513   5.6e-65  215.1   0.2   1   2   3.1e-44   3.9e-42  139.6   0.0     2   311     4   297     3   317 0.88 -
AA3_3.hmm            -            590 KW1-S08_30_cg156_1   -            513   5.6e-65  215.1   0.2   2   2   1.1e-20   1.4e-18   61.8   0.1   505   585   427   508   405   511 0.88 -
AA3_1.hmm            -            548 KW1-S08_30_cg156_1   -            513   4.7e-47  156.0   0.3   1   2   2.5e-31   3.2e-29   97.2   0.7    14   317     2   295     1   337 0.76 -
AA3_1.hmm            -            548 KW1-S08_30_cg156_1   -            513   4.7e-47  156.0   0.3   2   2   2.5e-18   3.2e-16   54.2   0.0   407   544   366   508   350   511 0.78 -
AA8.hmm              -            815 KW1-S08_30_cg156_1   -            513     3e-34  113.4   3.2   1   2   1.3e-21   1.7e-19   64.5   3.1   244   517     3   275     1   304 0.75 -
AA8.hmm              -            815 KW1-S08_30_cg156_1   -            513     3e-34  113.4   3.2   2   2   1.8e-15   2.2e-13   44.3   0.0   636   771   366   506   331   512 0.78 -
CE14.hmm             -            124 KW1-S08_30_cg195_6   -            298   8.4e-28   92.9   0.2   1   1   2.7e-30   1.7e-27   91.9   0.1     1   124    27   141    27   141 0.95 -
GT4.hmm              -            160 KW1-S08_30_cg195_7   -            234   1.2e-42  140.6   0.0   1   1   5.3e-45   1.7e-42  140.1   0.0     9   159    40   192    33   193 0.91 -
GT5.hmm              -            472 KW1-S08_30_cg195_7   -            234   1.9e-30  101.2   0.0   1   1   7.4e-33   2.4e-30  100.9   0.0   279   471    30   216    24   217 0.85 -
GH105.hmm            -            332 KW1-S08_30_cg202_4   -            329   5.5e-42  139.5   0.0   1   1   1.7e-43   1.1e-40  135.2   0.2   121   329   127   320   123   322 0.88 -
GT4.hmm              -            160 KW1-S08_30_cg213_3   -            298   1.3e-34  114.5   0.0   1   1   7.7e-37   2.5e-34  113.6   0.0     9   157   111   264   109   267 0.92 -
GT5.hmm              -            472 KW1-S08_30_cg213_3   -            298   5.7e-18   60.0   0.0   1   1   4.6e-20   1.5e-17   58.7   0.0   291   471   110   290    69   291 0.81 -
AA3_2.hmm            -            568 KW1-S08_30_cg221_1   -            346   1.7e-86  286.4   0.0   1   1   1.5e-88   1.9e-86  286.2   0.0     2   324     4   308     3   339 0.90 -
AA3.hmm              -            618 KW1-S08_30_cg221_1   -            346   2.9e-60  199.5   0.0   1   1   2.6e-62   3.3e-60  199.4   0.0    86   321     1   338     1   345 0.76 -
AA3_3.hmm            -            590 KW1-S08_30_cg221_1   -            346   1.2e-49  164.5   0.0   1   1   2.6e-51   3.3e-49  163.0   0.0     1   311     3   297     3   307 0.85 -
AA3_1.hmm            -            548 KW1-S08_30_cg221_1   -            346   7.4e-38  125.7   0.1   1   1   2.4e-39     3e-37  123.6   0.1    14   326     2   304     1   335 0.79 -
AA8.hmm              -            815 KW1-S08_30_cg221_1   -            346   9.1e-26   85.3   0.9   1   1   2.6e-27   3.3e-25   83.4   0.9   244   552     3   301     1   308 0.82 -
CE10.hmm             -            341 KW1-S08_30_cg237_4   -            360   1.5e-40  135.1   0.4   1   1   3.4e-43   2.2e-40  134.6   0.5    68   312    88   335    75   358 0.81 -
CE14.hmm             -            124 KW1-S08_30_cg239_1   -            240   6.1e-28   93.4   0.4   1   1   4.9e-30   3.1e-27   91.1   0.1     1   120     3   111     3   115 0.95 -
GH18.hmm             -            296 KW1-S08_30_cg240_5   -            578   9.7e-15   50.4   0.0   1   1   4.2e-17   2.7e-14   48.9   0.0    70   285   255   499   202   509 0.73 -
GT4.hmm              -            160 KW1-S08_30_cg269_1   -            309   3.5e-16   54.6   0.0   1   1   8.5e-19   5.4e-16   54.0   0.0     8    94   221   309   214   309 0.89 -
CE10.hmm             -            341 KW1-S08_30_cg274_4   -            304   1.1e-51  171.8   1.4   1   1   2.2e-54   1.4e-51  171.4   1.1    81   339    55   301    22   303 0.82 -
CE7.hmm              -            313 KW1-S08_30_cg321_4   -            271   1.4e-20   68.7   0.0   1   1     1e-16   6.5e-14   46.8   0.0    36   204    20   181    13   187 0.80 -
AA3_2.hmm            -            568 KW1-S08_30_cg336_5   -            166   1.7e-45  151.0   0.0   1   1   1.2e-47     2e-45  150.8   0.0   415   567    10   164     3   165 0.95 -
AA3.hmm              -            618 KW1-S08_30_cg336_5   -            166   4.4e-35  116.4   0.0   1   1   2.9e-37   4.6e-35  116.3   0.0   283   398    16   163     2   165 0.89 -
AA3_3.hmm            -            590 KW1-S08_30_cg336_5   -            166   3.3e-21   70.5   0.0   1   1   1.4e-21   2.2e-19   64.5   0.1   506   585    82   162    62   165 0.92 -
AA3_1.hmm            -            548 KW1-S08_30_cg336_5   -            166     3e-16   54.3   0.0   1   1   2.4e-18   3.8e-16   54.0   0.0   407   544    20   162    13   164 0.78 -
GT2_Glycos_transf_2.hmm PF00535.25   170 KW1-S08_30_cg357_1   -            230   1.5e-15   52.7   0.0   1   1   3.2e-18     2e-15   52.3   0.0     1   149    10   140    10   156 0.81 Glycosyl transferase family 2
CE14.hmm             -            124 KW1-S08_30_cg362_4   -            260   1.1e-28   95.8   0.1   1   1     3e-31   1.9e-28   95.0   0.1     1   124    10   128    10   128 0.94 -
GT4.hmm              -            160 KW1-S08_30_cg363_1   -            373   3.3e-35  116.4   0.0   1   1   1.5e-37   4.8e-35  115.9   0.0     8   154   187   335   184   340 0.96 -
GT5.hmm              -            472 KW1-S08_30_cg363_1   -            373   5.3e-16   53.6   0.1   1   1   1.7e-16   5.3e-14   47.0   0.0   295   471   191   364   179   365 0.84 -
CE10.hmm             -            341 KW1-S08_30_cg409_2   -            653     9e-25   83.3   0.1   1   1   2.2e-27   1.4e-24   82.6   0.1    55   316   377   619   315   627 0.85 -
GH15.hmm             -            361 KW1-S08_30_cg445_4   -            403     6e-78  257.8   0.0   1   1   1.1e-80   6.8e-78  257.6   0.0     4   360    15   372    12   373 0.89 -
GT28.hmm             -            157 KW1-S08_30_cg451_10  -            365   4.7e-42  138.7   0.7   1   1   1.2e-44   7.6e-42  138.0   0.7     2   157   189   350   188   350 0.94 -
CBM50.hmm            -             40 KW1-S08_30_cg452_3   -            370   1.6e-27   90.9   0.9   1   2   1.3e-16   8.4e-14   47.0   0.1     1    39   263   305   263   306 0.91 -
CBM50.hmm            -             40 KW1-S08_30_cg452_3   -            370   1.6e-27   90.9   0.9   2   2   5.1e-15   3.3e-12   41.9   0.1     1    39   327   369   327   369 0.92 -
#
# Program:         hmmscan
# Version:         3.3.1 (Jul 2020)
# Pipeline mode:   SCAN
# Query file:      /beegfs/home/lxd/2_sea_metagenomics/6.metabat2/bins_redup_refinem_drep/derep_70_10/derepbins_prodigal/KW1-S08_30.proteins.faa
# Target file:     /beegfs/home/lxd/4_salt_metagenomics/tools/CAZy/dbCAN-HMMdb-V8.txt
# Option settings: hmmscan --tblout KW1-S08_30.tbl --domtblout KW1-S08_30_dom.tbl --acc --noali --notextw -E 1e-14 --domE 1e-14 --cpu 30 /beegfs/home/lxd/4_salt_metagenomics/tools/CAZy/dbCAN-HMMdb-V8.txt /beegfs/home/lxd/2_sea_metagenomics/6.metabat2/bins_redup_refinem_drep/derep_70_10/derepbins_prodigal/KW1-S08_30.proteins.faa 
# Current dir:     /beegfs/home/lxd/2_sea_metagenomics/6.metabat2/bins_redup_refinem_drep/derep_70_10/derepbins_cazy
# Date:            Thu Mar  4 13:48:38 2021
# [ok]
