#                                                                            --- full sequence --- -------------- this domain -------------   hmm coord   ali coord   env coord
# target name        accession   tlen query name           accession   qlen   E-value  score  bias   #  of  c-Evalue  i-Evalue  score  bias  from    to  from    to  from    to  acc description of target
#------------------- ---------- ----- -------------------- ---------- ----- --------- ------ ----- --- --- --------- --------- ------ ----- ----- ----- ----- ----- ----- ----- ---- ---------------------
GT19.hmm             -            354 KW1-S15_97_cg11_1    -            404   3.4e-81  267.9   0.0   1   1   6.4e-84   4.1e-81  267.6   0.0     1   348    30   377    30   382 0.94 -
GH113.hmm            -            306 KW1-S15_97_cg11_2    -            397   1.4e-69  229.7   0.3   1   1   2.7e-72   1.7e-69  229.5   0.3    22   305    77   364    61   365 0.96 -
CE1.hmm              -            227 KW1-S15_97_cg11_4    -            432   4.1e-16   54.7   0.0   1   1   1.1e-18   7.2e-16   53.9   0.0     5   199   223   396   219   409 0.72 -
GT83.hmm             -            540 KW1-S15_97_cg29_1    -            241   1.2e-15   52.3  16.1   1   1   2.7e-18   1.7e-15   51.8  16.1    11   217    21   232    12   233 0.76 -
GH113.hmm            -            306 KW1-S15_97_cg36_12   -            350   4.1e-72  238.0   0.6   1   1   7.8e-75     5e-72  237.8   0.6     2   287    34   320    33   335 0.93 -
CE4.hmm              -            130 KW1-S15_97_cg42_6    -            302   2.8e-23   77.8   0.0   1   1   9.1e-26   5.8e-23   76.8   0.0    21   127    43   150    28   152 0.94 -
GT4.hmm              -            160 KW1-S15_97_cg43_1    -            289   3.5e-34  113.1   0.0   1   1   7.9e-37   5.1e-34  112.6   0.0     8   158    81   239    76   241 0.95 -
CBM9.hmm             -            182 KW1-S15_97_cg61_4    -            732   5.1e-24   80.7   2.1   1   1   4.8e-26   3.1e-23   78.1   0.8     1   173    57   234    57   242 0.83 -
GT41.hmm             -            705 KW1-S15_97_cg64_3    -            501   9.3e-41  135.4   5.4   1   2   3.9e-16   2.5e-13   44.7   0.0   122   191    62   131    60   132 0.97 -
GT41.hmm             -            705 KW1-S15_97_cg64_3    -            501   9.3e-41  135.4   5.4   2   2   5.7e-15   3.7e-12   40.8   0.1   123   191   131   199   130   201 0.91 -
GH74.hmm             -            233 KW1-S15_97_cg66_6    -            501     5e-39  129.3  18.8   1   2   1.5e-16   9.7e-14   46.6   0.1    28   110   200   285   184   319 0.77 -
GH74.hmm             -            233 KW1-S15_97_cg66_6    -            501     5e-39  129.3  18.8   2   2   7.3e-18   4.7e-15   50.9   3.9    42   121   323   402   312   419 0.82 -
GT11.hmm             -            276 KW1-S15_97_cg69_9    -            295   7.1e-68  224.6   0.0   1   1   1.3e-70   8.2e-68  224.4   0.0     1   275     1   290     1   291 0.91 -
GT28.hmm             -            157 KW1-S15_97_cg82_1    -            364   4.7e-36  119.2   0.0   1   1   2.7e-38   1.7e-35  117.4   0.0     1   156   185   349   185   350 0.90 -
GH109.hmm            -            126 KW1-S15_97_cg91_6    -            467   7.1e-22   73.5   0.0   1   1   1.9e-24   1.2e-21   72.7   0.0     2   122    41   171    40   174 0.85 -
GH74.hmm             -            233 KW1-S15_97_cg117_8   -           1093   5.4e-50  165.2  14.1   1   2     6e-17   3.8e-14   47.9   1.0    27   136   114   226    99   238 0.74 -
GH74.hmm             -            233 KW1-S15_97_cg117_8   -           1093   5.4e-50  165.2  14.1   2   2   2.6e-16   1.6e-13   45.8   0.5    43   115   240   314   226   334 0.83 -
CE10.hmm             -            341 KW1-S15_97_cg120_2   -            665     3e-28   94.7   0.2   1   1   1.3e-30     4e-28   94.3   0.2    82   327   426   653   378   664 0.79 -
GT41.hmm             -            705 KW1-S15_97_cg128_2   -            279   1.5e-48  161.1  20.0   1   3   6.3e-16     4e-13   44.0   2.0    90   191     8    99     2    99 0.84 -
GT41.hmm             -            705 KW1-S15_97_cg128_2   -            279   1.5e-48  161.1  20.0   2   3   1.1e-16   7.2e-14   46.5   0.1   121   191    96   167    91   171 0.90 -
GT41.hmm             -            705 KW1-S15_97_cg128_2   -            279   1.5e-48  161.1  20.0   3   3   2.3e-16   1.5e-13   45.4   0.1   118   191   127   201   125   204 0.96 -
AA7.hmm              -            458 KW1-S15_97_cg143_5   -            251   1.6e-19   66.2   1.4   1   1   3.4e-22   2.2e-19   65.7   1.4    13   148    55   193    50   203 0.89 -
GT41.hmm             -            705 KW1-S15_97_cg153_5   -            468   8.9e-23   75.9  13.9   1   1   5.3e-15   3.4e-12   40.9   3.0    60   191   261   382   237   383 0.91 -
GT2_Glycos_transf_2.hmm PF00535.25   170 KW1-S15_97_cg159_1   -            147   5.3e-22   73.7   0.0   1   1   9.9e-25   6.3e-22   73.5   0.0     1   123     7   123     7   140 0.93 Glycosyl transferase family 2
CE1.hmm              -            227 KW1-S15_97_cg168_1   -            345     5e-23   77.3   0.0   1   1   9.9e-26   6.4e-23   77.0   0.0    13   194     2   185     1   215 0.72 -
CE1.hmm              -            227 KW1-S15_97_cg175_8   -            536   4.8e-19   64.3   0.0   1   1   1.2e-21   7.9e-19   63.6   0.0    14   194   199   491   188   532 0.73 -
GT2_Glycos_transf_2.hmm PF00535.25   170 KW1-S15_97_cg210_1   -            119   7.2e-24   79.8   0.1   1   1   1.3e-26   8.2e-24   79.6   0.1     1   112     5   114     5   118 0.92 Glycosyl transferase family 2
GT2_Glycos_transf_2.hmm PF00535.25   170 KW1-S15_97_cg220_4   -            257   8.3e-21   69.8   0.0   1   1   1.8e-23   1.1e-20   69.4   0.0     2   124     6   129     5   163 0.91 Glycosyl transferase family 2
GH102.hmm            -            157 KW1-S15_97_cg226_1   -            185   6.3e-16   54.1   0.0   1   1   5.2e-18   3.3e-15   51.7   0.0    97   156     1    60     1    61 0.98 -
CE10.hmm             -            341 KW1-S15_97_cg229_4   -            518   6.3e-21   70.6   0.0   1   1   1.4e-23   8.7e-21   70.2   0.0    64   334   257   513   211   517 0.74 -
CE10.hmm             -            341 KW1-S15_97_cg235_5   -            439   2.5e-29   98.2   0.3   1   1   5.2e-32   3.4e-29   97.8   0.3    25   279    63   323    33   329 0.79 -
CE10.hmm             -            341 KW1-S15_97_cg240_1   -            646     1e-29   99.5   0.5   1   1   7.8e-32   2.5e-29   98.2   0.1    46   333   361   638   332   645 0.84 -
CE1.hmm              -            227 KW1-S15_97_cg240_1   -            646   3.2e-15   51.8   0.0   1   1     2e-17   6.4e-15   50.8   0.0     8   221   395   629   392   633 0.77 -
GT2_Glycos_transf_2.hmm PF00535.25   170 KW1-S15_97_cg245_10  -            282   5.4e-21   70.4   0.0   1   1   1.1e-23   7.1e-21   70.0   0.0     1   159    28   188    28   195 0.82 Glycosyl transferase family 2
GT4.hmm              -            160 KW1-S15_97_cg246_1   -            388   1.1e-32  108.3   0.0   1   1   5.6e-35   1.8e-32  107.5   0.0     6   149   202   343   198   352 0.93 -
GT5.hmm              -            472 KW1-S15_97_cg246_1   -            388   3.5e-21   70.7   0.0   1   1   1.8e-23   5.7e-21   70.0   0.0   227   471   157   376   150   377 0.83 -
GH74.hmm             -            233 KW1-S15_97_cg246_2   -            585   4.6e-38  126.2  24.2   1   1   7.3e-17   4.7e-14   47.6   3.4    44   136   142   237   139   244 0.86 -
GT2_Glycos_transf_2.hmm PF00535.25   170 KW1-S15_97_cg249_2   -            402   1.1e-26   88.9   0.0   1   1   7.8e-29   1.7e-26   88.4   0.0     1   169    56   228    56   229 0.83 Glycosyl transferase family 2
GT2_Glyco_tranf_2_3.hmm PF13641.5    230 KW1-S15_97_cg249_2   -            402   2.3e-21   72.0   0.0   1   1   1.6e-23   3.3e-21   71.5   0.0     1   211    53   266    53   285 0.84 Glycosyltransferase like family 2
GT21.hmm                -            233 KW1-S15_97_cg249_2   -            402   3.6e-21   71.0   0.0   1   1     3e-23   6.3e-21   70.2   0.0     1   206    53   258    53   280 0.86 -
GH33.hmm             -            342 KW1-S15_97_cg250_2   -            382   1.7e-23   78.7   0.0   1   1   3.5e-26   2.2e-23   78.4   0.0    22   327    60   359    50   372 0.77 -
GT9.hmm              -            225 KW1-S15_97_cg251_4   -            129   1.3e-23   79.4   0.2   1   1   2.4e-26   1.5e-23   79.2   0.2   124   222     3   108     1   111 0.83 -
GT41.hmm             -            705 KW1-S15_97_cg260_1   -            721   2.2e-16   54.8   5.8   1   1   7.5e-16   4.8e-13   43.8   2.6    59   191   534   656   510   660 0.88 -
CE3.hmm              -            194 KW1-S15_97_cg263_16  -            287   2.1e-31  104.7   0.1   1   1   3.4e-33   2.2e-30  101.3   0.0    20   194    55   240    42   240 0.82 -
GT2_Glycos_transf_2.hmm PF00535.25   170 KW1-S15_97_cg274_7   -            338     2e-29   97.9   0.0   1   1   1.4e-31   2.9e-29   97.3   0.0     1   168    25   208    25   210 0.89 Glycosyl transferase family 2
GT2_Glyco_tranf_2_3.hmm PF13641.5    230 KW1-S15_97_cg274_7   -            338   5.4e-20   67.5   0.0   1   1   4.4e-22   9.3e-20   66.8   0.0     4   212    24   247    22   277 0.83 Glycosyltransferase like family 2
GT27.hmm                -            295 KW1-S15_97_cg274_7   -            338   2.1e-15   52.1   0.2   1   1   5.5e-17   1.2e-14   49.6   0.2     1   224    25   247    25   255 0.80 -
CE4.hmm              -            130 KW1-S15_97_cg274_9   -            285   1.8e-23   78.4   0.0   1   1   4.7e-26     3e-23   77.7   0.0     8   123    77   212    72   216 0.85 -
GT4.hmm              -            160 KW1-S15_97_cg274_11  -            467   3.9e-18   61.0   0.0   1   1   1.2e-20   7.4e-18   60.0   0.0     6   159   257   414   254   415 0.92 -
GT4.hmm              -            160 KW1-S15_97_cg296_2   -            443   5.7e-17   57.1   0.0   1   1   1.3e-19   8.3e-17   56.6   0.0     5   158   202   360   198   362 0.91 -
CBM66.hmm            -            155 KW1-S15_97_cg324_4   -            411   1.2e-22   76.2   0.0   1   1   7.8e-19     5e-16   54.7   0.2     3   149   251   397   249   404 0.91 -
GH109.hmm            -            126 KW1-S15_97_cg326_4   -            190   2.2e-15   52.5   0.0   1   1   4.8e-18   3.1e-15   52.0   0.0     1   115    50   169    50   180 0.85 -
GH10.hmm             -            303 KW1-S15_97_cg345_6   -            511   3.5e-24   80.9   0.0   1   1     7e-27   4.5e-24   80.5   0.0    10   300   172   476   164   479 0.81 -
GH74.hmm             -            233 KW1-S15_97_cg349_6   -           1320   1.1e-52  174.0  25.5   1   1   2.5e-16   1.6e-13   45.9   0.3    48   123   133   211   132   229 0.79 -
GT14.hmm             -            250 KW1-S15_97_cg351_1   -             75   8.8e-18   59.9   0.0   1   1   1.5e-20   9.6e-18   59.8   0.0     1    75     2    75     2    75 0.94 -
GT2_Glycos_transf_2.hmm PF00535.25   170 KW1-S15_97_cg351_3   -            319   3.4e-19   64.6   0.0   1   1   8.3e-22   5.3e-19   63.9   0.0     2   112    19   129    18   166 0.88 Glycosyl transferase family 2
CE10.hmm             -            341 KW1-S15_97_cg403_3   -            647     6e-24   80.5   0.0   1   1     3e-26   9.6e-24   79.9   0.0    61   319   387   631   352   643 0.85 -
CE1.hmm              -            227 KW1-S15_97_cg403_3   -            647   3.1e-15   51.8   0.0   1   1   1.6e-17   5.2e-15   51.1   0.0    11   218   410   633   404   639 0.76 -
GT2_Glycos_transf_2.hmm PF00535.25   170 KW1-S15_97_cg423_6   -            250   1.3e-20   69.2   0.0   1   1   2.5e-23   1.6e-20   68.9   0.0     2   168     9   171     8   173 0.97 Glycosyl transferase family 2
GT4.hmm              -            160 KW1-S15_97_cg426_1   -            325   1.7e-31  104.3   0.0   1   1   7.3e-32   2.3e-29   97.4   0.0     8   154   136   287   133   293 0.87 -
GT5.hmm              -            472 KW1-S15_97_cg426_1   -            325   6.5e-16   53.3   0.0   1   1   2.8e-18   9.1e-16   52.8   0.0   290   471   135   318    89   319 0.79 -
GT2_Glycos_transf_2.hmm PF00535.25   170 KW1-S15_97_cg427_1   -            180   6.5e-23   76.7   0.0   1   1   1.2e-25   7.8e-23   76.4   0.0     2   157     6   172     5   180 0.83 Glycosyl transferase family 2
CE10.hmm             -            341 KW1-S15_97_cg431_1   -            508   1.1e-16   56.7   0.3   1   1   2.5e-19   1.6e-16   56.1   0.3    46   182   364   507   331   508 0.81 -
GT30.hmm             -            177 KW1-S15_97_cg431_4   -            417   4.2e-54  178.0   0.7   1   1   9.4e-57     6e-54  177.5   0.7     3   176    34   211    32   212 0.96 -
CE7.hmm              -            313 KW1-S15_97_cg431_5   -            335   5.5e-32  106.2   0.0   1   1     1e-34   6.6e-32  105.9   0.0     9   311    15   307     8   309 0.89 -
GH35.hmm             -            307 KW1-S15_97_cg432_4   -            931   5.4e-61  202.1   0.0   1   1   1.2e-63   7.5e-61  201.6   0.0     1   305    11   319    11   321 0.90 -
GH109.hmm            -            126 KW1-S15_97_cg443_6   -            168   4.8e-19   64.3   2.5   1   1   2.3e-21   1.5e-18   62.7   2.5     2   118     4   110     3   117 0.85 -
GT41.hmm             -            705 KW1-S15_97_cg451_6   -            954   5.5e-34  113.0   7.3   1   1   5.4e-18   3.4e-15   50.9   1.0    44   191   542   695   501   699 0.78 -
GT83.hmm             -            540 KW1-S15_97_cg452_4   -            558   3.6e-19   63.9  63.2   1   1   6.7e-22   4.3e-19   63.7  57.3    66   360   148   441    92   480 0.69 -
CE10.hmm             -            341 KW1-S15_97_cg452_5   -            690   2.7e-22   75.1   0.2   1   1   6.5e-25   4.2e-22   74.5   0.2    93   316   443   665   395   684 0.78 -
GT4.hmm              -            160 KW1-S15_97_cg466_7   -            376   1.1e-27   92.0   0.0   1   1   2.7e-30   1.8e-27   91.3   0.0     7   146   205   332   201   342 0.95 -
CBM9.hmm             -            182 KW1-S15_97_cg473_9   -            350   1.7e-38  127.9   0.0   1   1   3.2e-41   2.1e-38  127.6   0.0     1   164    40   241    40   259 0.84 -
GT83.hmm             -            540 KW1-S15_97_cg474_5   -            723   8.5e-15   49.5  36.7   1   1   1.3e-17   8.5e-15   49.5  36.7    81   363   256   567   242   591 0.70 -
GT1.hmm              -            382 KW1-S15_97_cg486_7   -            426     8e-44  146.2  19.4   1   1   1.8e-46   1.1e-43  145.6  19.2     5   381    13   419     9   420 0.91 -
CE10.hmm             -            341 KW1-S15_97_cg497_3   -            648   2.2e-19   65.6   0.2   1   1     5e-22   3.2e-19   65.0   0.2    45   333   351   628   313   633 0.78 -
GH109.hmm            -            126 KW1-S15_97_cg500_2   -            210   8.2e-21   70.0   0.0   1   1   1.7e-23   1.1e-20   69.6   0.0     1   123     2   126     2   129 0.87 -
GT26.hmm             -            171 KW1-S15_97_cg519_3   -            295     2e-64  211.7   0.0   1   1     4e-67   2.6e-64  211.3   0.0     2   171    87   260    86   260 0.99 -
GT2_Glycos_transf_2.hmm PF00535.25   170 KW1-S15_97_cg519_4   -            307   7.2e-19   63.5   0.0   1   1   2.6e-21   1.6e-18   62.3   0.0     1   124     6   137     6   169 0.87 Glycosyl transferase family 2
GT4.hmm              -            160 KW1-S15_97_cg519_5   -            412   1.6e-35  117.4   0.0   1   1   9.1e-38   2.9e-35  116.6   0.0     7   152   225   370   222   378 0.96 -
GT5.hmm              -            472 KW1-S15_97_cg519_5   -            412     4e-16   54.0   0.0   1   1   1.7e-18   5.4e-16   53.5   0.0   291   438   226   369   199   400 0.83 -
CE4.hmm              -            130 KW1-S15_97_cg519_6   -            254   4.2e-36  119.3   0.0   1   1   1.1e-38   6.8e-36  118.6   0.0     5   127     8   197     5   200 0.94 -
GH29.hmm             -            346 KW1-S15_97_cg525_1   -            144   6.8e-40  132.4   0.1   1   1   1.2e-42   7.5e-40  132.3   0.1    21   137    26   143     7   144 0.83 -
GH130.hmm            -            296 KW1-S15_97_cg525_3   -            320   2.3e-80  264.9   0.0   1   1   4.1e-83   2.6e-80  264.7   0.0     2   294     2   316     1   318 0.90 -
CE1.hmm              -            227 KW1-S15_97_cg543_15  -            473   1.3e-19   66.1   0.0   1   1   3.4e-22   2.1e-19   65.4   0.0     5   175    96   260    94   342 0.70 -
CE14.hmm             -            124 KW1-S15_97_cg552_2   -            229   7.5e-24   80.2   0.2   1   1   1.6e-26   1.1e-23   79.7   0.2     1   124     5   109     5   109 0.97 -
GT4.hmm              -            160 KW1-S15_97_cg552_4   -            396   2.1e-33  110.6   0.0   1   1   9.3e-36     3e-33  110.1   0.0     7   159   207   359   201   360 0.98 -
GT5.hmm              -            472 KW1-S15_97_cg552_4   -            396   2.6e-16   54.6   0.2   1   1   1.2e-15     4e-13   44.1   0.0   276   471   195   384   163   385 0.87 -
#
# Program:         hmmscan
# Version:         3.3.1 (Jul 2020)
# Pipeline mode:   SCAN
# Query file:      /beegfs/home/lxd/2_sea_metagenomics/6.metabat2/bins_redup_refinem_drep/derep_70_10/derepbins_prodigal/KW1-S15_97.proteins.faa
# Target file:     /beegfs/home/lxd/4_salt_metagenomics/tools/CAZy/dbCAN-HMMdb-V8.txt
# Option settings: hmmscan --tblout KW1-S15_97.tbl --domtblout KW1-S15_97_dom.tbl --acc --noali --notextw -E 1e-14 --domE 1e-14 --cpu 30 /beegfs/home/lxd/4_salt_metagenomics/tools/CAZy/dbCAN-HMMdb-V8.txt /beegfs/home/lxd/2_sea_metagenomics/6.metabat2/bins_redup_refinem_drep/derep_70_10/derepbins_prodigal/KW1-S15_97.proteins.faa 
# Current dir:     /beegfs/home/lxd/2_sea_metagenomics/6.metabat2/bins_redup_refinem_drep/derep_70_10/derepbins_cazy
# Date:            Thu Mar  4 17:53:43 2021
# [ok]
