#                                                                            --- full sequence --- -------------- this domain -------------   hmm coord   ali coord   env coord
# target name        accession   tlen query name           accession   qlen   E-value  score  bias   #  of  c-Evalue  i-Evalue  score  bias  from    to  from    to  from    to  acc description of target
#------------------- ---------- ----- -------------------- ---------- ----- --------- ------ ----- --- --- --------- --------- ------ ----- ----- ----- ----- ----- ----- ----- ---- ---------------------
GT4.hmm              -            160 KW1-S05_58_cg11_5    -            370   5.2e-23   76.8   0.0   1   1   1.2e-25   7.9e-23   76.2   0.0    11   150   202   333   193   341 0.90 -
GT4.hmm              -            160 KW1-S05_58_cg11_7    -            409   2.8e-37  123.2   0.0   1   1   8.3e-40   5.3e-37  122.3   0.0    10   157   222   369   215   372 0.96 -
AA4.hmm              -            522 KW1-S05_58_cg22_15   -            470   1.2e-23   78.8   0.0   1   1   1.1e-18   7.2e-16   53.2   0.0    21   239    11   219     2   251 0.81 -
GT19.hmm             -            354 KW1-S05_58_cg23_1    -            264   4.1e-93  307.1   0.0   1   1   6.9e-96   4.4e-93  307.0   0.0     2   245    12   258    11   264 0.96 -
GH103.hmm            -            295 KW1-S05_58_cg36_4    -            330  1.8e-100  331.1   0.3   1   1  3.4e-103  2.2e-100  330.8   0.3     9   295    32   319    25   319 0.93 -
PL22.hmm             -            265 KW1-S05_58_cg43_7    -            432   1.1e-25   85.7   0.0   1   1     1e-15   6.5e-13   43.7   0.0   140   245   291   396   285   408 0.81 -
GH23.hmm             -            135 KW1-S05_58_cg44_1    -            467   8.3e-17   57.3   0.1   1   1   2.8e-19   1.8e-16   56.2   0.1     7   122   293   447   287   459 0.90 -
GT2_Glycos_transf_2.hmm PF00535.25   170 KW1-S05_58_cg46_2    -            289   2.7e-31  103.9   0.0   1   1   5.7e-34   3.6e-31  103.5   0.0     1   168     8   161     8   163 0.94 Glycosyl transferase family 2
AA4.hmm              -            522 KW1-S05_58_cg50_6    -            499   2.7e-22   74.3   0.0   1   1   1.4e-20   4.5e-18   60.4   0.0    18   193    21   194    10   254 0.87 -
AA7.hmm              -            458 KW1-S05_58_cg50_6    -            499   5.5e-19   64.4   0.0   1   1   2.8e-21     9e-19   63.7   0.0    12   195    52   243    49   257 0.89 -
GH23.hmm             -            135 KW1-S05_58_cg54_26   -            282   2.4e-26   88.2   0.1   1   1   5.7e-29   3.7e-26   87.6   0.1     7   127   133   271   128   278 0.91 -
AA7.hmm              -            458 KW1-S05_58_cg85_1    -            463  1.3e-123  409.3   0.1   1   1  6.1e-125  3.9e-122  404.4   0.1     2   458    30   458    29   458 0.98 -
CE11.hmm             -            271 KW1-S05_58_cg89_10   -            307  1.4e-116  383.8   0.0   1   1  2.5e-119  1.6e-116  383.6   0.0     1   270     4   276     4   277 0.99 -
GT2_Glycos_transf_2.hmm PF00535.25   170 KW1-S05_58_cg127_3   -            308   2.4e-29   97.6   0.0   1   1   1.6e-31   3.5e-29   97.1   0.0     1   143    10   150    10   178 0.83 Glycosyl transferase family 2
GT2_Glyco_tranf_2_2.hmm PF10111.8    276 KW1-S05_58_cg127_3   -            308   1.1e-15   53.1   0.2   1   1   7.1e-18   1.5e-15   52.7   0.2     1   223    10   219    10   233 0.80 Glycosyltransferase like family 2
GT2_Glyco_tranf_2_3.hmm PF13641.5    230 KW1-S05_58_cg127_3   -            308   9.2e-15   50.4   0.0   1   1   6.4e-17   1.4e-14   49.8   0.0     3   187     8   188     5   203 0.78 Glycosyltransferase like family 2
GT9.hmm              -            225 KW1-S05_58_cg127_7   -            347     1e-45  151.7   0.0   1   1   2.1e-48   1.3e-45  151.3   0.0     3   205    72   300    70   319 0.84 -
GT30.hmm             -            177 KW1-S05_58_cg127_9   -            423     8e-53  173.8   0.0   1   1   1.8e-55   1.1e-52  173.3   0.0     3   176    40   216    38   217 0.97 -
GT9.hmm              -            225 KW1-S05_58_cg127_13  -            325   5.7e-56  185.2   0.0   1   1   1.8e-58   1.1e-55  184.2   0.0     2   222    55   301    54   304 0.87 -
AA1.hmm              -            943 KW1-S05_58_cg137_2   -            440   3.2e-51  169.8  18.6   1   2     4e-37   6.3e-35  115.9   3.9   403   558    27   199    14   224 0.76 -
AA1.hmm              -            943 KW1-S05_58_cg137_2   -            440   3.2e-51  169.8  18.6   2   2   2.9e-20   4.6e-18   60.1   6.8   447   541   220   322   217   324 0.81 -
AA1_3.hmm            -            312 KW1-S05_58_cg137_2   -            440   2.6e-27   91.1   1.5   1   1   1.7e-29   2.6e-27   91.1   1.5    13   140    67   194    58   214 0.82 -
AA1_2.hmm            -            337 KW1-S05_58_cg137_2   -            440   6.3e-25   83.2   5.1   1   1   6.9e-26   1.1e-23   79.1   1.3     6   122    91   206    87   213 0.90 -
AA1_1.hmm            -            303 KW1-S05_58_cg137_2   -            440   7.2e-17   56.7   0.0   1   1   8.1e-19   1.3e-16   55.8   0.0    13   115    92   188    84   200 0.89 -
GT51.hmm             -            177 KW1-S05_58_cg140_22  -            223   2.3e-50  165.8   0.0   1   1   4.4e-53   2.8e-50  165.5   0.0     7   173    40   205    34   209 0.93 -
GH13_18.hmm          -            343 KW1-S05_58_cg145_18  -            139   1.6e-17   58.8   0.1   1   1   3.7e-20   2.4e-17   58.3   0.1     2    40    96   134    95   137 0.95 -
GT51.hmm             -            177 KW1-S05_58_cg162_10  -            818   8.7e-64  209.5   0.0   1   1   2.1e-66   1.3e-63  208.9   0.0     1   176    58   233    58   234 0.98 -
GH23.hmm             -            135 KW1-S05_58_cg172_16  -            288   8.5e-28   92.8   0.1   1   1   1.3e-30   8.5e-28   92.8   0.1    16   122   137   263   125   272 0.90 -
AA3.hmm              -            618 KW1-S05_58_cg174_9   -            523   7.6e-56  185.0   0.2   1   1   6.2e-58     1e-55  184.6   0.2    92   402    12   518     6   521 0.81 -
AA3_2.hmm            -            568 KW1-S05_58_cg174_9   -            523   3.6e-28   93.8   1.8   1   1   2.8e-20   4.4e-18   60.5   0.5     6   326    13   320    11   337 0.79 -
AA3_4.hmm            -            549 KW1-S05_58_cg174_9   -            523   5.7e-25   83.3   4.4   1   1     1e-16   1.6e-14   48.8   0.3   412   547   386   515   372   517 0.86 -
AA3_1.hmm            -            548 KW1-S05_58_cg174_9   -            523   1.4e-23   78.5   4.6   1   1   7.2e-18   1.2e-15   52.4   1.4    19   276    12   280     6   302 0.76 -
GT4.hmm              -            160 KW1-S05_58_cg181_5   -            328     5e-35  115.8   0.0   1   1   2.3e-37   7.5e-35  115.3   0.0     9   153   145   287   138   294 0.86 -
GT5.hmm              -            472 KW1-S05_58_cg181_5   -            328     7e-16   53.2   0.0   1   1   2.8e-18   8.9e-16   52.8   0.0   271   436   126   283    99   306 0.83 -
AA6.hmm              -            195 KW1-S05_58_cg188_4   -            198   2.3e-71  234.6   0.0   1   1     4e-74   2.5e-71  234.5   0.0     2   194     4   193     3   194 0.94 -
GT4.hmm              -            160 KW1-S05_58_cg198_2   -            318   8.6e-18   59.8   0.1   1   1     4e-20   2.6e-17   58.3   0.0     5   102   218   316   214   317 0.94 -
GT41.hmm             -            705 KW1-S05_58_cg202_5   -            420   9.6e-21   69.2   9.9   1   1   1.1e-22   7.4e-20   66.3   1.7    40   191    14   155     2   155 0.86 -
GT28.hmm             -            157 KW1-S05_58_cg203_7   -            373   2.7e-51  168.7   0.8   1   1     6e-54   3.9e-51  168.2   0.8     2   157   186   346   185   346 0.97 -
GT2_Glycos_transf_2.hmm PF00535.25   170 KW1-S05_58_cg207_2   -            225   3.6e-15   51.5   0.0   1   1   1.1e-17     7e-15   50.5   0.0     1   132     5   126     5   158 0.88 Glycosyl transferase family 2
GH130.hmm            -            296 KW1-S05_58_cg219_1   -            486   6.4e-58  191.3   0.1   1   1   3.6e-60   2.3e-57  189.4   0.1    65   295   259   484   232   485 0.92 -
GH130.hmm            -            296 KW1-S05_58_cg219_2   -            314  1.8e-101  334.2   0.0   1   1  3.2e-104    2e-101  334.0   0.0     2   296    10   307     9   307 0.98 -
GT4.hmm              -            160 KW1-S05_58_cg219_3   -            451   1.5e-32  107.8   0.0   1   1   3.7e-35   2.4e-32  107.1   0.0     5   151   164   304   160   312 0.90 -
GT4.hmm              -            160 KW1-S05_58_cg219_5   -            389   2.9e-16   54.8   0.0   1   1   7.6e-19   4.9e-16   54.1   0.0     7   157   189   351   184   355 0.91 -
GH3.hmm              -            216 KW1-S05_58_cg230_3   -            344   1.5e-51  170.4   0.0   1   1   2.8e-54   1.8e-51  170.1   0.0     3   215    44   275    42   276 0.92 -
#
# Program:         hmmscan
# Version:         3.3.1 (Jul 2020)
# Pipeline mode:   SCAN
# Query file:      /beegfs/home/lxd/2_sea_metagenomics/6.metabat2/bins_redup_refinem_drep/derep_70_10/derepbins_prodigal/KW1-S05_58.proteins.faa
# Target file:     /beegfs/home/lxd/4_salt_metagenomics/tools/CAZy/dbCAN-HMMdb-V8.txt
# Option settings: hmmscan --tblout KW1-S05_58.tbl --domtblout KW1-S05_58_dom.tbl --acc --noali --notextw -E 1e-14 --domE 1e-14 --cpu 30 /beegfs/home/lxd/4_salt_metagenomics/tools/CAZy/dbCAN-HMMdb-V8.txt /beegfs/home/lxd/2_sea_metagenomics/6.metabat2/bins_redup_refinem_drep/derep_70_10/derepbins_prodigal/KW1-S05_58.proteins.faa 
# Current dir:     /beegfs/home/lxd/2_sea_metagenomics/6.metabat2/bins_redup_refinem_drep/derep_70_10/derepbins_cazy
# Date:            Thu Mar  4 11:30:55 2021
# [ok]
