#                                                                            --- full sequence --- -------------- this domain -------------   hmm coord   ali coord   env coord
# target name        accession   tlen query name           accession   qlen   E-value  score  bias   #  of  c-Evalue  i-Evalue  score  bias  from    to  from    to  from    to  acc description of target
#------------------- ---------- ----- -------------------- ---------- ----- --------- ------ ----- --- --- --------- --------- ------ ----- ----- ----- ----- ----- ----- ----- ---- ---------------------
CE1.hmm              -            227 KW1-S05_127_cg10_5   -            221   1.8e-15   52.6   0.0   1   1   3.7e-18   2.4e-15   52.2   0.0    11   209     6   198     2   212 0.74 -
GT28.hmm             -            157 KW1-S05_127_cg11_5   -            356   1.6e-51  169.5   0.0   1   1   3.2e-54     2e-51  169.1   0.0     1   157   179   341   179   341 0.97 -
GH23.hmm             -            135 KW1-S05_127_cg16_3   -            214   5.1e-23   77.4   0.0   1   1   1.3e-25   8.2e-23   76.7   0.0     6   123    80   204    76   211 0.88 -
CE1.hmm              -            227 KW1-S05_127_cg24_4   -            374   1.3e-20   69.4   0.0   1   1   3.3e-23   2.1e-20   68.7   0.0     7   207   144   352   139   365 0.77 -
GH15.hmm             -            361 KW1-S05_127_cg36_2   -            657   5.1e-84  277.8   1.7   1   1   1.2e-86   7.4e-84  277.2   1.7    15   358   284   641   273   644 0.90 -
AA3.hmm              -            618 KW1-S05_127_cg46_3   -            551   8.2e-60  198.1   0.0   1   1   6.8e-62   1.1e-59  197.7   0.0    90   402     7   545     3   549 0.74 -
AA3_2.hmm            -            568 KW1-S05_127_cg46_3   -            551   4.5e-34  113.3   0.0   1   2   2.9e-22   4.6e-20   67.1   0.0     4   280     8   299     6   301 0.79 -
AA3_2.hmm            -            568 KW1-S05_127_cg46_3   -            551   4.5e-34  113.3   0.0   2   2     4e-15   6.5e-13   43.5   0.0   505   566   480   541   474   543 0.95 -
AA4.hmm              -            522 KW1-S05_127_cg48_4   -            962   3.7e-16   54.1   0.1   1   1   7.3e-17   4.7e-14   47.2   0.1    53   166    44   154    26   183 0.80 -
AA7.hmm              -            458 KW1-S05_127_cg76_10  -            453   1.1e-15   53.5   1.2   1   1   2.5e-17   8.2e-15   50.6   1.2    11   198    32   228    27   244 0.84 -
AA4.hmm              -            522 KW1-S05_127_cg76_10  -            453   3.5e-15   50.9   0.0   1   1     5e-16   1.6e-13   45.4   0.0    15   247     5   222     2   238 0.82 -
AA4.hmm              -            522 KW1-S05_127_cg76_11  -            484   1.4e-33  111.6   0.1   1   1   1.5e-30   4.7e-28   93.3   0.1    13   260     3   241     1   268 0.83 -
AA7.hmm              -            458 KW1-S05_127_cg76_11  -            484   3.1e-19   65.2   1.5   1   1   3.5e-21   1.1e-18   63.4   1.4    11   200    38   232    35   260 0.89 -
GH130.hmm            -            296 KW1-S05_127_cg84_3   -            393   2.1e-59  196.1   0.0   1   1   4.4e-62   2.8e-59  195.7   0.0     6   295    32   384    28   385 0.86 -
AA4.hmm              -            522 KW1-S05_127_cg91_3   -            462   1.8e-30  101.3   0.0   1   1   5.3e-28   1.7e-25   84.9   0.0    14   192     4   189     1   239 0.83 -
AA7.hmm              -            458 KW1-S05_127_cg91_3   -            462   5.9e-24   80.8   0.1   1   1   3.2e-25     1e-22   76.7   0.3    13   187    49   230    41   241 0.85 -
GT83.hmm             -            540 KW1-S05_127_cg92_2   -            545    5e-116  383.6  46.6   1   1  9.6e-119  6.2e-116  383.3  46.6     6   489     8   484     3   511 0.85 -
GT2_Glycos_transf_2.hmm PF00535.25   170 KW1-S05_127_cg97_3   -            237   3.6e-32  106.8   0.1   1   1   1.5e-34   4.7e-32  106.4   0.1     1   167     4   173     4   176 0.88 Glycosyl transferase family 2
GT81.hmm                -            293 KW1-S05_127_cg97_3   -            237   1.6e-19   65.1   0.0   1   1   7.1e-22   2.3e-19   64.7   0.0    22   228     2   205     1   216 0.83 -
GT2_Glycos_transf_2.hmm PF00535.25   170 KW1-S05_127_cg102_5  -            237   2.1e-18   62.0   0.0   1   1   4.9e-21   3.2e-18   61.4   0.0     1   152    15   146    15   165 0.80 Glycosyl transferase family 2
GT41.hmm             -            705 KW1-S05_127_cg114_3  -            190   7.8e-15   49.7   0.0   1   1   7.6e-15   4.9e-12   40.4   0.0    76   191    27   131    19   135 0.94 -
GT83.hmm             -            540 KW1-S05_127_cg120_3  -            570  4.1e-117  387.2  41.9   1   1  8.2e-120  5.3e-117  386.8  41.9     9   492    25   518    18   541 0.81 -
GT2_Glycos_transf_2.hmm PF00535.25   170 KW1-S05_127_cg121_2  -            306   1.5e-15   52.7   0.0   1   1   5.3e-18   3.4e-15   51.6   0.0     2   112     5   114     4   164 0.86 Glycosyl transferase family 2
GT4.hmm              -            160 KW1-S05_127_cg121_4  -            387   1.2e-35  117.9   0.0   1   1   6.2e-38     2e-35  117.1   0.0     7   155   186   349   181   354 0.92 -
GT5.hmm              -            472 KW1-S05_127_cg121_4  -            387   1.4e-17   58.7   0.0   1   1   5.8e-20   1.9e-17   58.3   0.0   279   471   178   378   153   379 0.86 -
CE11.hmm             -            271 KW1-S05_127_cg154_12 -            431     1e-83  276.1   0.0   1   1   1.9e-86   1.2e-83  275.8   0.0     1   269   159   424   159   426 0.96 -
GH23.hmm             -            135 KW1-S05_127_cg164_6  -            206   7.9e-35  115.6   0.1   1   1   1.8e-37   1.2e-34  115.1   0.1    14   123    82   190    71   197 0.93 -
GT9.hmm              -            225 KW1-S05_127_cg171_1  -            344   7.6e-56  184.8   0.0   1   1   1.6e-58     1e-55  184.4   0.0     3   217    77   321    75   327 0.87 -
GH65.hmm             -            372 KW1-S05_127_cg172_6  -            797  4.3e-134  442.4   0.1   1   1  8.3e-137  5.3e-134  442.1   0.1     1   369   317   725   317   728 0.98 -
GT19.hmm             -            354 KW1-S05_127_cg212_2  -            383  4.1e-128  422.2   0.0   1   1  7.3e-131  4.7e-128  422.0   0.0     1   352    11   364    11   366 0.98 -
GT51.hmm             -            177 KW1-S05_127_cg240_2  -            791   7.2e-65  213.1   0.0   1   1   2.4e-67   1.5e-64  212.0   0.0    11   176   166   335   157   336 0.97 -
CE1.hmm              -            227 KW1-S05_127_cg245_8  -            370   2.3e-33  111.1   0.0   1   1   6.2e-36     4e-33  110.3   0.0     7   208    33   350    30   363 0.85 -
GT4.hmm              -            160 KW1-S05_127_cg253_2  -            385   5.8e-30   99.4   0.0   1   1   3.2e-32     1e-29   98.6   0.0     7   158   194   341   190   343 0.93 -
GT5.hmm              -            472 KW1-S05_127_cg253_2  -            385   1.2e-18   62.3   0.0   1   1   1.4e-20   4.5e-18   60.4   0.0   241   471   162   366   143   367 0.81 -
GT41.hmm             -            705 KW1-S05_127_cg257_3  -            274   3.3e-25   84.0   0.1   1   1   7.9e-19   5.1e-16   53.6   0.0    56   191    34   160    21   162 0.91 -
CE4.hmm              -            130 KW1-S05_127_cg258_1  -            120   6.7e-16   54.0   0.0   1   1   1.5e-18   9.8e-16   53.4   0.0    10    84    20   117    15   120 0.79 -
GT2_Glycos_transf_2.hmm PF00535.25   170 KW1-S05_127_cg276_3  -            288   3.7e-33  110.0   0.0   1   1     3e-35   4.8e-33  109.6   0.0     1   166     7   162     7   166 0.82 Glycosyl transferase family 2
GT2_Glyco_tranf_2_3.hmm PF13641.5    230 KW1-S05_127_cg276_3  -            288   1.6e-25   85.6   0.0   1   1   1.5e-27   2.4e-25   85.0   0.0     4   194     6   184     4   190 0.91 Glycosyltransferase like family 2
GT2_Glyco_tranf_2_2.hmm PF10111.8    276 KW1-S05_127_cg276_3  -            288   2.2e-21   71.8   0.0   1   1   2.5e-22     4e-20   67.7   0.0     1   206     7   191     7   205 0.85 Glycosyltransferase like family 2
GT27.hmm                -            295 KW1-S05_127_cg276_3  -            288   9.6e-18   59.8   0.0   1   1     1e-16   1.6e-14   49.2   0.0     1   116     7   114     7   119 0.91 -
CE4.hmm              -            130 KW1-S05_127_cg305_3  -            289   6.6e-21   70.2   0.0   1   1   1.8e-23   1.2e-20   69.3   0.0    10   126    20   159    15   163 0.85 -
GT41.hmm             -            705 KW1-S05_127_cg306_6  -            491   6.8e-63  208.5  18.3   1   3   8.2e-20   5.2e-17   56.9   0.3    85   191    34   139    21   141 0.88 -
GT41.hmm             -            705 KW1-S05_127_cg306_6  -            491   6.8e-63  208.5  18.3   2   3   6.7e-15   4.3e-12   40.6   0.0   124   191   208   275   206   285 0.94 -
GT41.hmm             -            705 KW1-S05_127_cg306_6  -            491   6.8e-63  208.5  18.3   3   3   8.9e-18   5.7e-15   50.1   8.0    57   188   369   490   350   491 0.81 -
CE4.hmm              -            130 KW1-S05_127_cg314_1  -            267     3e-17   58.3   0.0   1   1   7.2e-20   4.6e-17   57.7   0.0     7   124    62   192    57   197 0.88 -
CE7.hmm              -            313 KW1-S05_127_cg318_2  -            278     1e-17   59.3   0.0   1   1   1.7e-15   1.1e-12   42.8   0.0   148   302   100   254    92   262 0.82 -
GH130.hmm            -            296 KW1-S05_127_cg329_2  -            332     1e-67  223.4   0.0   1   1   1.9e-70   1.2e-67  223.2   0.0     2   292     8   316     7   320 0.88 -
GH23.hmm             -            135 KW1-S05_127_cg336_6  -            677   3.7e-30  100.5   0.1   1   1   5.7e-33   3.7e-30  100.5   0.1     8   124   532   668   524   674 0.91 -
CE4.hmm              -            130 KW1-S05_127_cg345_9  -            169   3.3e-18   61.4   0.0   1   1   6.8e-21   4.4e-18   61.0   0.0    23   108    69   153    47   164 0.86 -
AA3.hmm              -            618 KW1-S05_127_cg354_4  -            516   1.5e-60  200.5   0.0   1   1   1.1e-62   1.7e-60  200.3   0.0    87   400     4   513     1   515 0.76 -
AA3_2.hmm            -            568 KW1-S05_127_cg354_4  -            516   1.7e-33  111.4   0.0   1   1   5.7e-23   9.1e-21   69.4   0.0     2   321     6   318     5   342 0.73 -
CE4.hmm              -            130 KW1-S05_127_cg364_4  -            313   3.1e-15   51.8   0.0   1   1   8.6e-18   5.5e-15   51.0   0.0    26   126    72   173    53   177 0.84 -
GT9.hmm              -            225 KW1-S05_127_cg377_9  -            371   9.4e-42  138.7   0.0   1   1   2.1e-44   1.4e-41  138.2   0.0    44   216   146   344   117   354 0.76 -
GT41.hmm             -            705 KW1-S05_127_cg384_2  -            643   1.6e-17   58.5   4.3   1   1   2.6e-15   1.7e-12   42.0   0.7    60   191   409   539   301   542 0.83 -
GT41.hmm             -            705 KW1-S05_127_cg388_1  -            586   9.9e-31  102.2  12.8   1   2   8.6e-20   5.5e-17   56.8   0.1   110   191   440   522   424   523 0.85 -
GT41.hmm             -            705 KW1-S05_127_cg388_1  -            586   9.9e-31  102.2  12.8   2   2   5.3e-17   3.4e-14   47.6   1.9   125   201   490   561   489   571 0.88 -
GT9.hmm              -            225 KW1-S05_127_cg389_2  -            360   4.4e-53  175.8   0.0   1   1   9.4e-56     6e-53  175.3   0.0     4   223    87   332    85   334 0.87 -
GT83.hmm             -            540 KW1-S05_127_cg389_4  -            566   1.1e-93  309.8  43.1   1   1   2.3e-96   1.5e-93  309.5  43.1     9   491    13   522     7   548 0.82 -
GT2_Glycos_transf_2.hmm PF00535.25   170 KW1-S05_127_cg397_4  -            326   8.1e-35  115.4   0.0   1   1   1.7e-37   1.1e-34  115.0   0.0     1   166    24   183    24   187 0.83 Glycosyl transferase family 2
GT4.hmm              -            160 KW1-S05_127_cg402_9  -            323   9.6e-29   95.4   0.0   1   1   2.5e-31   1.6e-28   94.7   0.0     9   149   148   287   143   297 0.84 -
AA5.hmm              -           1281 KW1-S05_127_cg404_3  -            314   3.5e-24   79.7   7.2   1   1   2.4e-26   7.6e-24   78.6   7.2   560   865    28   313    17   313 0.87 -
AA12.hmm             -            401 KW1-S05_127_cg405_4  -            386   1.4e-18   61.9   0.0   1   1   4.8e-16   3.1e-13   44.4   0.1   185   350   203   339   193   381 0.79 -
GT4.hmm              -            160 KW1-S05_127_cg408_3  -            394   8.5e-27   89.1   0.0   1   1   4.3e-29   1.4e-26   88.4   0.0     3   152   197   342   195   346 0.92 -
GT5.hmm              -            472 KW1-S05_127_cg408_3  -            394   2.7e-15   51.2   0.0   1   1   1.2e-17   3.7e-15   50.8   0.0   208   469   145   370   113   373 0.85 -
GT51.hmm             -            177 KW1-S05_127_cg410_4  -            550   1.2e-59  196.0   0.0   1   1   3.2e-62     2e-59  195.3   0.0     1   177    66   241    66   241 0.98 -
GT41.hmm             -            705 KW1-S05_127_cg419_6  -            376   6.4e-28   92.9   3.3   1   1   2.2e-20   1.4e-17   58.7   0.5    77   191   180   284   145   286 0.86 -
GT51.hmm             -            177 KW1-S05_127_cg432_6  -            185   2.4e-42  139.7   0.0   1   1   4.6e-45   2.9e-42  139.4   0.0    12   133    64   184    54   185 0.95 -
GT41.hmm             -            705 KW1-S05_127_cg442_2  -            190   3.4e-15   50.9   0.0   1   1     3e-15   1.9e-12   41.8   0.0    74   191    25   131    19   138 0.94 -
CE4.hmm              -            130 KW1-S05_127_cg448_1  -             62   2.1e-15   52.3   0.0   1   1   3.5e-18   2.2e-15   52.3   0.0    27    86     1    59     1    62 0.91 -
CE4.hmm              -            130 KW1-S05_127_cg448_2  -            301   7.3e-18   60.3   0.0   1   1   2.2e-20   1.4e-17   59.4   0.0    25   124    59   157    38   162 0.88 -
GT41.hmm             -            705 KW1-S05_127_cg482_2  -            582   4.3e-42  139.8  15.2   1   1   5.2e-16   3.3e-13   44.3   1.6    58   191   368   492   362   494 0.93 -
AA4.hmm              -            522 KW1-S05_127_cg486_3  -            495   5.5e-26   86.5   0.1   1   1   2.1e-25   6.7e-23   76.4   0.0    15   264     5   257     2   307 0.81 -
AA7.hmm              -            458 KW1-S05_127_cg486_3  -            495   6.1e-18   61.0   5.3   1   1   1.1e-19   3.5e-17   58.4   2.9    28   149    60   183    36   190 0.87 -
GH76.hmm             -            358 KW1-S05_127_cg492_9  -            683   2.4e-18   61.8   0.1   1   1   3.2e-17   2.1e-14   48.9   0.0    49   185   415   571   372   575 0.79 -
GT2_Glycos_transf_2.hmm PF00535.25   170 KW1-S05_127_cg493_13 -            318   7.6e-37  122.0   0.0   1   1   3.2e-39     1e-36  121.6   0.0     1   132     4   136     4   174 0.90 Glycosyl transferase family 2
GT27.hmm                -            295 KW1-S05_127_cg493_13 -            318   8.6e-15   50.1   0.0   1   1   3.6e-17   1.1e-14   49.7   0.0     1   109     4   111     4   117 0.90 -
GT2_Glycos_transf_2.hmm PF00535.25   170 KW1-S05_127_cg496_2  -            281   1.8e-33  111.0   0.0   1   1   1.1e-35   2.5e-33  110.6   0.0     1   130     3   128     3   163 0.86 Glycosyl transferase family 2
GT2_Glyco_tranf_2_3.hmm PF13641.5    230 KW1-S05_127_cg496_2  -            281   6.6e-22   73.8   0.0   1   1   4.1e-24   8.7e-22   73.4   0.0     4   197     2   184     1   217 0.88 Glycosyltransferase like family 2
GT2_Glyco_tranf_2_2.hmm PF10111.8    276 KW1-S05_127_cg496_2  -            281   1.6e-15   52.6   0.0   1   1   8.4e-17   1.8e-14   49.2   0.0    18   206    21   188     3   198 0.81 Glycosyltransferase like family 2
AA7.hmm              -            458 KW1-S05_127_cg499_1  -            284   2.5e-34  115.0   0.4   1   1   2.7e-30   1.7e-27   92.4   0.0   142   371     1   224     1   253 0.74 -
AA7.hmm              -            458 KW1-S05_127_cg499_2  -            495   1.3e-39  132.4   0.4   1   1   2.9e-38   1.9e-35  118.7   0.7     9   193    69   252    62   268 0.91 -
CBM9.hmm             -            182 KW1-S05_127_cg499_4  -            723   4.1e-19   64.7   0.1   1   1   1.5e-21   9.4e-19   63.5   0.1     2   152    38   224    37   240 0.83 -
CE7.hmm              -            313 KW1-S05_127_cg500_3  -            404   1.9e-17   58.4   0.0   1   1   5.1e-15   3.3e-12   41.2   0.0   161   312   226   376   221   377 0.85 -
GH65.hmm             -            372 KW1-S05_127_cg502_3  -            770  5.5e-134  442.0   0.2   1   1  1.1e-136    7e-134  441.7   0.2     1   370   311   698   311   700 0.98 -
GT4.hmm              -            160 KW1-S05_127_cg502_4  -            409   6.3e-31  102.5   0.0   1   1     3e-33   9.5e-31  101.9   0.0     5   159   210   374   206   375 0.94 -
GT5.hmm              -            472 KW1-S05_127_cg502_4  -            409   4.4e-18   60.4   0.1   1   1   7.6e-18   2.4e-15   51.4   0.0   240   471   182   399   166   400 0.76 -
CE7.hmm              -            313 KW1-S05_127_cg509_3  -            405   2.3e-19   64.7   0.0   1   1   5.3e-18   3.4e-15   51.0   0.0   160   312   223   374   219   375 0.93 -
#
# Program:         hmmscan
# Version:         3.3.1 (Jul 2020)
# Pipeline mode:   SCAN
# Query file:      /beegfs/home/lxd/2_sea_metagenomics/6.metabat2/bins_redup_refinem_drep/derep_70_10/derepbins_prodigal/KW1-S05_127.proteins.faa
# Target file:     /beegfs/home/lxd/4_salt_metagenomics/tools/CAZy/dbCAN-HMMdb-V8.txt
# Option settings: hmmscan --tblout KW1-S05_127.tbl --domtblout KW1-S05_127_dom.tbl --acc --noali --notextw -E 1e-14 --domE 1e-14 --cpu 30 /beegfs/home/lxd/4_salt_metagenomics/tools/CAZy/dbCAN-HMMdb-V8.txt /beegfs/home/lxd/2_sea_metagenomics/6.metabat2/bins_redup_refinem_drep/derep_70_10/derepbins_prodigal/KW1-S05_127.proteins.faa 
# Current dir:     /beegfs/home/lxd/2_sea_metagenomics/6.metabat2/bins_redup_refinem_drep/derep_70_10/derepbins_cazy
# Date:            Thu Mar  4 11:07:35 2021
# [ok]
