#                                                                            --- full sequence --- -------------- this domain -------------   hmm coord   ali coord   env coord
# target name        accession   tlen query name           accession   qlen   E-value  score  bias   #  of  c-Evalue  i-Evalue  score  bias  from    to  from    to  from    to  acc description of target
#------------------- ---------- ----- -------------------- ---------- ----- --------- ------ ----- --- --- --------- --------- ------ ----- ----- ----- ----- ----- ----- ----- ---- ---------------------
GT83.hmm             -            540 KW1-S05_45_cg6_6     -            448   6.3e-57  188.6  47.1   1   1   2.4e-59   7.7e-57  188.3  47.1    10   363    18   398    10   432 0.78 -
GT39.hmm             -            223 KW1-S05_45_cg6_6     -            448     2e-19   65.3  12.2   1   1   6.4e-22     2e-19   65.3  12.2     8   215    25   250    16   258 0.86 -
GT2_Glycos_transf_2.hmm PF00535.25   170 KW1-S05_45_cg6_9     -            378   2.5e-27   91.0   0.0   1   1     6e-30   3.9e-27   90.4   0.0     1   129     5   133     5   169 0.89 Glycosyl transferase family 2
GT20.hmm             -            475 KW1-S05_45_cg7_21    -            494  8.9e-163  537.4   0.0   1   1  1.7e-165  1.1e-162  537.1   0.0    10   475    15   487     7   487 0.95 -
AA4.hmm              -            522 KW1-S05_45_cg8_19    -            485   2.9e-34  113.9   1.0   1   1   3.1e-30   9.8e-28   92.3   0.9    13   257     4   238     2   260 0.87 -
AA7.hmm              -            458 KW1-S05_45_cg8_19    -            485   3.2e-19   65.2   1.9   1   1   4.7e-21   1.5e-18   63.0   2.2    12   199    40   235    37   319 0.90 -
GH23.hmm             -            135 KW1-S05_45_cg8_64    -            197   5.3e-16   54.7   0.1   1   1   1.1e-18   7.2e-16   54.2   0.1    15   119    52   190    37   193 0.87 -
GH161.hmm            -           1063 KW1-S05_45_cg9_1     -           1109         0 1219.9   0.0   1   1         0         0 1219.6   0.0     3  1062     7  1107     5  1108 0.97 -
GH24.hmm             -            137 KW1-S05_45_cg9_2     -            139   7.8e-27   89.4   0.0   1   1   1.6e-29     1e-26   89.0   0.0     5   131     4   128     2   132 0.92 -
GT4.hmm              -            160 KW1-S05_45_cg15_8    -            411   7.2e-26   86.1   0.0   1   1   1.6e-28     1e-25   85.6   0.0     4   159   211   370   208   371 0.86 -
GT41.hmm             -            705 KW1-S05_45_cg16_4    -            239   1.4e-24   81.9  10.1   1   2   6.2e-15     4e-12   40.7   0.2    81   186     3    98     1   103 0.86 -
GT41.hmm             -            705 KW1-S05_45_cg16_4    -            239   1.4e-24   81.9  10.1   2   2   7.7e-16   4.9e-13   43.7   5.3    77   191   113   217    99   226 0.86 -
GT51.hmm             -            177 KW1-S05_45_cg20_75   -            770   2.4e-70  230.9   0.0   1   1   5.5e-73   3.6e-70  230.3   0.0     2   177    60   235    59   235 0.98 -
GH23.hmm             -            135 KW1-S05_45_cg24_16   -            715   3.5e-33  110.3   0.2   1   1   1.7e-35   1.1e-32  108.7   0.0     1   124   563   706   563   711 0.91 -
AA7.hmm              -            458 KW1-S05_45_cg32_20   -            967   2.6e-22   75.3   0.0   1   1   6.4e-22     2e-19   65.8   0.0    13   149    43   182    39   188 0.93 -
AA4.hmm              -            522 KW1-S05_45_cg32_20   -            967   1.8e-20   68.3   0.0   1   1   2.7e-20   8.6e-18   59.5   0.0    54   268    45   302    23   311 0.86 -
GT4.hmm              -            160 KW1-S05_45_cg32_30   -            372   5.7e-44  144.9   0.0   1   1   3.1e-46     1e-43  144.1   0.0     6   157   191   339   188   342 0.97 -
GT5.hmm              -            472 KW1-S05_45_cg32_30   -            372   3.7e-22   73.9   0.0   1   1   4.3e-22   1.4e-19   65.4   0.0   291   471   193   366   117   367 0.87 -
GT4.hmm              -            160 KW1-S05_45_cg33_17   -            397   3.2e-38  126.2   0.0   1   1   5.2e-40   1.7e-37  123.9   0.0     8   159   210   362   204   363 0.93 -
GT5.hmm              -            472 KW1-S05_45_cg33_17   -            397   2.5e-21   71.1   0.0   1   1   2.3e-21   7.4e-19   63.0   0.0   280   462   201   378   177   387 0.80 -
GT41.hmm             -            705 KW1-S05_45_cg36_39   -            351   2.3e-33  110.9   4.6   1   2   2.6e-17   1.7e-14   48.6   0.3    45   191    25   161    15   162 0.85 -
GT41.hmm             -            705 KW1-S05_45_cg36_39   -            351   2.3e-33  110.9   4.6   2   2   4.9e-17   3.1e-14   47.7   0.1    81   191   198   298   197   339 0.84 -
GT41.hmm             -            705 KW1-S05_45_cg37_25   -            230   1.8e-18   61.7   0.1   1   1   2.6e-15   1.7e-12   42.0   0.0    99   191    34   127    23   132 0.83 -
GT4.hmm              -            160 KW1-S05_45_cg38_1    -            388   3.9e-30   99.9   0.0   1   1   1.1e-32     7e-30   99.1   0.0     4   140   177   335   175   346 0.85 -
GH15.hmm             -            361 KW1-S05_45_cg38_2    -            657   5.9e-84  277.6   0.1   1   1   1.3e-86   8.3e-84  277.1   0.1    15   359   284   642   273   644 0.89 -
CBM50.hmm            -             40 KW1-S05_45_cg39_6    -            632   2.2e-39  128.9   0.2   1   1   2.3e-17   7.3e-15   50.4   0.3     1    39   520   561   520   562 0.90 -
GH23.hmm             -            135 KW1-S05_45_cg39_6    -            632   2.9e-24   81.4   0.4   1   1     2e-26   6.5e-24   80.3   0.4     2   127   227   365   226   373 0.92 -
GT83.hmm             -            540 KW1-S05_45_cg39_31   -            579  1.2e-102  339.5  48.0   1   1  4.7e-105  1.5e-102  339.1  48.0     8   488    11   488     6   513 0.84 -
GT39.hmm             -            223 KW1-S05_45_cg39_31   -            579   2.4e-18   61.8  11.9   1   1   7.6e-21   2.4e-18   61.8  11.9    11   215    25   227    15   233 0.80 -
GH20.hmm             -            337 KW1-S05_45_cg39_48   -            637   3.3e-40  133.8   0.0   1   1   7.3e-43   4.7e-40  133.3   0.0     9   263   140   396   134   441 0.77 -
GT2_Glycos_transf_2.hmm PF00535.25   170 KW1-S05_45_cg42_13   -            254   3.1e-21   71.2   0.0   1   1   1.3e-23   8.3e-21   69.8   0.0     1   167     5   163     5   166 0.90 Glycosyl transferase family 2
GT83.hmm             -            540 KW1-S05_45_cg42_18   -            597   1.3e-78  260.1  58.1   1   1   2.7e-81   1.7e-78  259.7  58.1     6   471    37   508    33   522 0.77 -
GT41.hmm             -            705 KW1-S05_45_cg48_3    -            509   4.1e-47  156.4   5.7   1   1   5.8e-15   3.7e-12   40.8   0.2    54   191    31   189    14   189 0.93 -
AA3.hmm              -            618 KW1-S05_45_cg50_17   -            524   5.7e-60  198.6   0.0   1   1   4.9e-62   6.3e-60  198.4   0.0    86   400     3   521     1   523 0.73 -
AA3_2.hmm            -            568 KW1-S05_45_cg50_17   -            524   4.9e-33  109.9   0.0   1   2   2.1e-21   2.7e-19   64.6   0.0     2   280     6   282     5   324 0.76 -
AA3_2.hmm            -            568 KW1-S05_45_cg50_17   -            524   4.9e-33  109.9   0.0   2   2   7.7e-15   9.8e-13   42.9   0.0   502   567   455   520   403   521 0.93 -
AA3_1.hmm            -            548 KW1-S05_45_cg50_17   -            524   1.6e-28   94.8   0.3   1   1   4.4e-15   5.7e-13   43.5   0.0   435   546   411   520   388   521 0.77 -
GH15.hmm             -            361 KW1-S05_45_cg50_21   -            612   4.4e-84  278.0   0.2   1   1   9.4e-87     6e-84  277.5   0.2     2   360   226   600   225   601 0.89 -
GT9.hmm              -            225 KW1-S05_45_cg53_4    -            357   4.1e-64  211.9   0.1   1   1   7.8e-67     5e-64  211.6   0.1     3   223    85   335    83   337 0.90 -
GT30.hmm             -            177 KW1-S05_45_cg53_6    -            426   1.5e-59  195.7   0.3   1   1   1.2e-61   7.4e-59  193.5   0.0     4   175    35   214    33   216 0.95 -
GT19.hmm             -            354 KW1-S05_45_cg53_8    -            384  7.3e-124  408.2   0.0   1   1  1.3e-126  8.5e-124  408.0   0.0     1   349     5   356     5   361 0.97 -
GH109.hmm            -            126 KW1-S05_45_cg53_9    -            316     3e-15   52.1   0.0   1   1   2.9e-17   1.9e-14   49.5   0.0     1   121     7   115     7   119 0.94 -
GH23.hmm             -            135 KW1-S05_45_cg54_12   -            222   5.3e-35  116.2   0.0   1   1   1.2e-37   7.8e-35  115.6   0.0    14   122    77   184    67   193 0.94 -
AA1.hmm              -            943 KW1-S05_45_cg56_5    -            364   4.8e-33  109.7   8.5   1   1   1.5e-31   3.3e-29   97.0   3.6   450   563   116   253    59   263 0.74 -
AA1_3.hmm            -            312 KW1-S05_45_cg56_5    -            364   3.3e-19   64.5   1.6   1   1   1.7e-21   3.7e-19   64.3   0.1    12   136   108   228    96   261 0.85 -
AA1_2.hmm            -            337 KW1-S05_45_cg56_5    -            364   1.6e-17   58.8   2.2   1   1     2e-15   4.3e-13   44.2   0.2     6   106   133   227   130   248 0.87 -
GT41.hmm             -            705 KW1-S05_45_cg56_11   -            654   2.1e-19   64.8   1.5   1   1   2.4e-15   1.6e-12   42.1   0.5    65   191   154   285   131   289 0.80 -
GT2_Glycos_transf_2.hmm PF00535.25   170 KW1-S05_45_cg57_3    -            239   8.1e-21   69.9   0.0   1   1   1.6e-23     1e-20   69.5   0.0     1   133    11   138    11   163 0.86 Glycosyl transferase family 2
CE11.hmm             -            271 KW1-S05_45_cg63_26   -            307  5.8e-104  342.4   0.0   1   1    1e-106  6.6e-104  342.3   0.0     1   270     4   271     4   272 0.99 -
GT4.hmm              -            160 KW1-S05_45_cg64_1    -            205   1.7e-26   88.1   0.0   1   1   3.2e-29   2.1e-26   87.8   0.0     5   150    24   168    21   177 0.86 -
GH78.hmm             -            504 KW1-S05_45_cg64_2    -            722   7.8e-17   56.3   0.0   1   1   1.8e-19   1.2e-16   55.7   0.0   199   355   365   550   305   570 0.75 -
CE14.hmm             -            124 KW1-S05_45_cg76_17   -            240     8e-22   73.6   0.1   1   1     2e-24   1.3e-21   73.0   0.1     1   117     8   107     8   118 0.92 -
GT9.hmm              -            225 KW1-S05_45_cg78_21   -            348   1.2e-62  207.1   0.0   1   1   2.4e-65   1.5e-62  206.7   0.0     3   218    76   305    74   311 0.84 -
GT2_Glycos_transf_2.hmm PF00535.25   170 KW1-S05_45_cg78_24   -            334   3.3e-33  110.2   0.1   1   1   1.2e-35   7.4e-33  109.0   0.0     1   168    12   173    12   175 0.95 Glycosyl transferase family 2
GT4.hmm              -            160 KW1-S05_45_cg82_21   -            344   5.4e-19   63.7   0.0   1   1   1.3e-21   8.2e-19   63.1   0.0     7   158   162   312   156   314 0.91 -
GT28.hmm             -            157 KW1-S05_45_cg84_46   -            383   7.7e-58  190.0   0.1   1   1   1.8e-60   1.1e-57  189.4   0.1     1   157   185   347   185   347 0.96 -
GT2_Glycos_transf_2.hmm PF00535.25   170 KW1-S05_45_cg88_22   -            256   1.5e-28   95.0   0.0   1   1     6e-31   1.9e-28   94.7   0.0     1   120    10   130    10   179 0.93 Glycosyl transferase family 2
GT81.hmm                -            293 KW1-S05_45_cg88_22   -            256   8.1e-17   56.3   0.0   1   1     3e-19   9.6e-17   56.1   0.0    22   123     8   104     2   159 0.89 -
GT2_Glyco_tranf_2_3.hmm PF13641.5    230 KW1-S05_45_cg89_6    -            542   1.4e-27   92.4   0.1   1   1   9.4e-30     2e-27   91.8   0.1     4   228    64   290    62   292 0.91 Glycosyltransferase like family 2
GT2_Glyco_trans_2_3.hmm PF13632.5    197 KW1-S05_45_cg89_6    -            542   9.3e-25   83.0   2.2   1   1   4.4e-27   9.3e-25   83.0   2.2     2   192   152   342   151   360 0.83 Glycosyl transferase family group 2
GT2_Glycos_transf_2.hmm PF00535.25   170 KW1-S05_45_cg89_6    -            542   2.3e-23   78.1   0.0   1   1   1.8e-25   3.8e-23   77.4   0.0     3   168    67   237    65   239 0.91 Glycosyl transferase family 2
GT2_Glycos_transf_2.hmm PF00535.25   170 KW1-S05_45_cg89_11   -            227   4.8e-19   64.1   0.0   1   1   2.1e-21   6.8e-19   63.6   0.0     2   166     5   158     4   162 0.84 Glycosyl transferase family 2
GT81.hmm                -            293 KW1-S05_45_cg89_11   -            227   9.1e-19   62.7   0.1   1   1   3.3e-21   1.1e-18   62.5   0.1    22   147     2   110     1   191 0.82 -
GT41.hmm             -            705 KW1-S05_45_cg97_3    -            227   1.1e-24   82.2   9.0   1   1   4.6e-16     3e-13   44.5   1.7   123   191    23    91    13    92 0.87 -
CE4.hmm              -            130 KW1-S05_45_cg99_11   -            432   1.2e-30  101.7   0.0   1   1   3.5e-33   2.3e-30  100.8   0.0     8   123   191   321   185   327 0.91 -
GT41.hmm             -            705 KW1-S05_45_cg103_23  -            162   4.3e-15   50.5   0.0   1   1   2.3e-15   1.5e-12   42.2   0.0    82   191     8   106     3   147 0.81 -
CE10.hmm             -            341 KW1-S05_45_cg108_9   -            658   2.6e-25   85.0   0.2   1   1   1.2e-27   3.8e-25   84.5   0.2    38   316   324   602   266   614 0.72 -
CE1.hmm              -            227 KW1-S05_45_cg108_9   -            658   7.2e-16   53.9   0.1   1   1   3.7e-18   1.2e-15   53.2   0.1    20   210   382   597   369   611 0.74 -
GH18.hmm             -            296 KW1-S05_45_cg110_13  -            366     2e-38  128.1   0.0   1   1   3.9e-41   2.5e-38  127.8   0.0    48   280    70   343    25   352 0.78 -
GT2_Glycos_transf_2.hmm PF00535.25   170 KW1-S05_45_cg111_86  -            276   2.6e-17   58.4   0.0   1   1   6.1e-20   3.9e-17   57.9   0.0     1   166     9   180     9   183 0.92 Glycosyl transferase family 2
GT4.hmm              -            160 KW1-S05_45_cg111_94  -            377   4.9e-26   86.6   0.0   1   1   1.4e-28   8.7e-26   85.8   0.0     6   154   193   340   189   345 0.89 -
GT41.hmm             -            705 KW1-S05_45_cg113_10  -            455   3.5e-26   87.2   0.6   1   1   1.7e-16   1.1e-13   45.9   0.0    65   191   202   320   182   321 0.72 -
GT41.hmm             -            705 KW1-S05_45_cg121_14  -            253   1.7e-27   91.5   1.4   1   2     1e-15   6.4e-13   43.4   0.1    84   191    32   165    24   165 0.63 -
GT41.hmm             -            705 KW1-S05_45_cg121_14  -            253   1.7e-27   91.5   1.4   2   2   6.9e-19   4.4e-16   53.8   0.2    82   191   134   233   126   250 0.93 -
GT41.hmm             -            705 KW1-S05_45_cg122_2   -            414   1.9e-15   51.7   0.0   1   1   1.1e-15   7.1e-13   43.2   0.0    80   192    21   196    16   276 0.58 -
GT41.hmm             -            705 KW1-S05_45_cg122_20  -            596   3.3e-55  183.1  19.4   1   2   1.6e-15     1e-12   42.7   0.9   123   191   128   196   124   197 0.96 -
GT41.hmm             -            705 KW1-S05_45_cg122_20  -            596   3.3e-55  183.1  19.4   2   2   2.2e-16   1.4e-13   45.5   0.4   117   194   189   267   188   273 0.89 -
GH65.hmm             -            372 KW1-S05_45_cg122_67  -            219     4e-54  179.2   0.0   1   1   6.8e-57   4.4e-54  179.1   0.0   200   369    10   180     1   183 0.96 -
CE7.hmm              -            313 KW1-S05_45_cg122_68  -            256   8.3e-18   59.6   0.3   1   1   6.9e-20   4.4e-17   57.2   0.2    48   208    22   173     6   190 0.85 -
#
# Program:         hmmscan
# Version:         3.3.1 (Jul 2020)
# Pipeline mode:   SCAN
# Query file:      /beegfs/home/lxd/2_sea_metagenomics/6.metabat2/bins_redup_refinem_drep/derep_70_10/derepbins_prodigal/KW1-S05_45.proteins.faa
# Target file:     /beegfs/home/lxd/4_salt_metagenomics/tools/CAZy/dbCAN-HMMdb-V8.txt
# Option settings: hmmscan --tblout KW1-S05_45.tbl --domtblout KW1-S05_45_dom.tbl --acc --noali --notextw -E 1e-14 --domE 1e-14 --cpu 30 /beegfs/home/lxd/4_salt_metagenomics/tools/CAZy/dbCAN-HMMdb-V8.txt /beegfs/home/lxd/2_sea_metagenomics/6.metabat2/bins_redup_refinem_drep/derep_70_10/derepbins_prodigal/KW1-S05_45.proteins.faa 
# Current dir:     /beegfs/home/lxd/2_sea_metagenomics/6.metabat2/bins_redup_refinem_drep/derep_70_10/derepbins_cazy
# Date:            Thu Mar  4 11:24:48 2021
# [ok]
