#                                                                            --- full sequence --- -------------- this domain -------------   hmm coord   ali coord   env coord
# target name        accession   tlen query name           accession   qlen   E-value  score  bias   #  of  c-Evalue  i-Evalue  score  bias  from    to  from    to  from    to  acc description of target
#------------------- ---------- ----- -------------------- ---------- ----- --------- ------ ----- --- --- --------- --------- ------ ----- ----- ----- ----- ----- ----- ----- ---- ---------------------
AA3.hmm              -            618 KW1-S15_41_cg6_4     -            507   2.6e-50  166.7   0.0   1   1   2.5e-52   3.2e-50  166.4   0.0    88   400    16   505     8   506 0.77 -
AA3_2.hmm            -            568 KW1-S15_41_cg6_4     -            507   7.6e-34  112.6   0.0   1   2     3e-19   3.8e-17   57.4   0.0     3   316    18   290    16   308 0.78 -
AA3_2.hmm            -            568 KW1-S15_41_cg6_4     -            507   7.6e-34  112.6   0.0   2   2   4.8e-17   6.1e-15   50.2   0.0   424   567   359   504   323   505 0.79 -
AA3_1.hmm            -            548 KW1-S15_41_cg6_4     -            507     3e-33  110.4   0.3   1   1   4.7e-22     6e-20   66.5   0.0    15   277    16   267    11   276 0.79 -
GH23.hmm             -            135 KW1-S15_41_cg7_7     -            205   8.4e-29   96.1   0.1   1   1   2.3e-31   1.5e-28   95.3   0.1    15   122    86   199    71   202 0.90 -
GT2_Glycos_transf_2.hmm PF00535.25   170 KW1-S15_41_cg23_12   -            233   3.8e-16   54.7   0.0   1   1   9.8e-19   6.3e-16   53.9   0.0     1   128     9   124     9   148 0.86 Glycosyl transferase family 2
CE7.hmm              -            313 KW1-S15_41_cg31_3    -            337   3.3e-16   54.3   0.0   1   1   6.5e-17   4.2e-14   47.4   0.0    46   290    72   304    55   312 0.80 -
GT28.hmm             -            157 KW1-S15_41_cg31_9    -            355   1.1e-53  176.5   0.8   1   1   1.7e-56   1.1e-53  176.5   0.8     2   157   183   342   182   342 0.97 -
CE1.hmm              -            227 KW1-S15_41_cg37_4    -            222   3.6e-17   58.2   0.0   1   1   7.6e-20   4.9e-17   57.7   0.0    13   208     8   197     5   213 0.71 -
GT2_Glycos_transf_2.hmm PF00535.25   170 KW1-S15_41_cg39_5    -            327     7e-26   86.3   0.0   1   1   3.9e-28   1.3e-25   85.5   0.0     1   165     8   161     8   164 0.92 Glycosyl transferase family 2
GT2_Glyco_tranf_2_3.hmm PF13641.5    230 KW1-S15_41_cg39_5    -            327   1.4e-15   53.0   0.0   1   1   1.3e-17     4e-15   51.6   0.0     4   228     7   217     4   219 0.85 Glycosyltransferase like family 2
CE11.hmm             -            271 KW1-S15_41_cg42_2    -            308    2e-110  363.6   0.0   1   1  3.5e-113  2.3e-110  363.5   0.0     2   270     7   276     6   277 0.99 -
GT41.hmm             -            705 KW1-S15_41_cg48_1    -            601   1.2e-49  164.8  21.3   1   3   2.2e-17   1.4e-14   48.8   0.8   102   190   303   381   264   382 0.83 -
GT41.hmm             -            705 KW1-S15_41_cg48_1    -            601   1.2e-49  164.8  21.3   2   3   7.6e-22   4.9e-19   63.6   2.8    80   191   383   484   381   485 0.97 -
GT41.hmm             -            705 KW1-S15_41_cg48_1    -            601   1.2e-49  164.8  21.3   3   3     1e-20   6.7e-18   59.8   3.7    80   191   485   586   484   596 0.96 -
AA5.hmm              -           1281 KW1-S15_41_cg48_5    -            350   7.2e-19   62.1  11.1   1   1     4e-19   2.6e-16   53.7   6.5   659   886    21   227    15   234 0.86 -
GH35.hmm             -            307 KW1-S15_41_cg51_1    -            724   5.8e-71  234.8   0.0   1   1   1.1e-72     7e-70  231.3   0.0     3   304    12   380    10   382 0.86 -
AA3.hmm              -            618 KW1-S15_41_cg83_4    -            247   1.6e-20   68.3   0.0   1   1   2.8e-23   1.8e-20   68.1   0.0    87   233     3   242     1   246 0.75 -
AA3.hmm              -            618 KW1-S15_41_cg90_1    -            152   6.1e-23   76.3   0.1   1   1   1.1e-25   7.1e-23   76.1   0.1    86   198     5   150     2   152 0.78 -
GH20.hmm             -            337 KW1-S15_41_cg105_4   -            338   6.8e-37  122.9   0.0   1   1   1.4e-39   8.8e-37  122.5   0.0     9   240    90   311    82   323 0.81 -
GT4.hmm              -            160 KW1-S15_41_cg112_3   -            479   1.4e-21   72.1   0.0   1   1   4.6e-24   2.9e-21   71.1   0.0     8   158   276   448   272   450 0.77 -
GH23.hmm             -            135 KW1-S15_41_cg129_1   -            214   1.9e-31  104.7   0.0   1   1   5.1e-34   3.3e-31  103.9   0.0    12   122    60   190    51   195 0.93 -
GT4.hmm              -            160 KW1-S15_41_cg133_4   -            418     2e-33  110.6   0.0   1   1   1.4e-35   4.4e-33  109.5   0.0     7   153   233   377   229   384 0.95 -
GT5.hmm              -            472 KW1-S15_41_cg133_4   -            418   2.5e-25   84.3   0.0   1   1   2.6e-26   8.2e-24   79.3   0.0   290   472   233   409   191   409 0.88 -
GT4.hmm              -            160 KW1-S15_41_cg133_6   -            312   1.1e-30  101.7   0.0   1   1   2.4e-33   1.5e-30  101.3   0.0     5   159   152   307   148   308 0.91 -
GT19.hmm             -            354 KW1-S15_41_cg143_4   -            376  1.3e-106  351.5   0.0   1   1  2.5e-109  1.6e-106  351.2   0.0     1   350     3   353     3   356 0.95 -
GT30.hmm             -            177 KW1-S15_41_cg143_5   -            413   2.5e-50  165.7   0.2   1   1     6e-53   3.8e-50  165.1   0.2     9   176    34   206    28   207 0.94 -
GT9.hmm              -            225 KW1-S15_41_cg143_13  -            333   8.5e-49  161.8   1.0   1   1   1.6e-51   1.1e-48  161.5   1.0     3   210    98   333    96   333 0.85 -
GT9.hmm              -            225 KW1-S15_41_cg144_7   -            553   6.8e-47  155.5   0.3   1   1     2e-49   1.3e-46  154.7   0.3     3   213    83   327    81   339 0.86 -
GH1.hmm              -            429 KW1-S15_41_cg159_3   -            356  6.6e-127  419.1   0.0   1   1  1.2e-129  7.6e-127  418.9   0.0     4   339     5   356     2   356 0.94 -
GT2_Glycos_transf_2.hmm PF00535.25   170 KW1-S15_41_cg170_3   -            272   4.9e-42  138.9   0.0   1   1   1.9e-44   6.2e-42  138.6   0.0     1   168    45   206    45   208 0.98 Glycosyl transferase family 2
GT81.hmm                -            293 KW1-S15_41_cg170_3   -            272   6.7e-18   59.8   0.1   1   1     4e-20   1.3e-17   58.9   0.1    22   144    43   153    31   236 0.81 -
GT4.hmm              -            160 KW1-S15_41_cg193_6   -            364   1.9e-26   87.9   0.0   1   1     1e-28   3.4e-26   87.2   0.0     8   135   195   316   191   323 0.96 -
GT5.hmm              -            472 KW1-S15_41_cg193_6   -            364   6.7e-17   56.5   0.0   1   1   9.1e-19   2.9e-16   54.4   0.0   211   472   143   360   139   360 0.78 -
GH23.hmm             -            135 KW1-S15_41_cg201_2   -            204   2.7e-36  120.4   0.1   1   1   1.5e-38   9.4e-36  118.6   0.0    15   119    90   193    80   200 0.96 -
AA3.hmm              -            618 KW1-S15_41_cg207_1   -            249     1e-21   72.2   0.0   1   1   1.8e-24   1.2e-21   72.0   0.0   279   400    14   242     7   245 0.68 -
GH23.hmm             -            135 KW1-S15_41_cg219_3   -            191   2.8e-15   52.3   0.0   1   1   6.5e-18   4.1e-15   51.8   0.0    16   120    82   173    71   183 0.89 -
GT51.hmm             -            177 KW1-S15_41_cg246_1   -            359   1.2e-62  205.8   0.0   1   1   2.4e-65   1.5e-62  205.5   0.0     6   176   146   323   141   324 0.95 -
GT20.hmm             -            475 KW1-S15_41_cg267_1   -            542  3.6e-176  581.5   0.0   1   1  7.2e-179  4.6e-176  581.2   0.0     9   473    24   477    16   479 0.96 -
CBM50.hmm            -             40 KW1-S15_41_cg286_6   -            634   4.5e-23   76.7   0.2   1   1   4.7e-15   1.5e-12   43.0   0.0     1    40   405   448   405   448 0.90 -
GH23.hmm             -            135 KW1-S15_41_cg286_6   -            634     1e-20   69.9   0.3   1   1   6.1e-23     2e-20   69.0   0.3     3   105   165   286   163   311 0.81 -
CBM50.hmm            -             40 KW1-S15_41_cg297_2   -            221   4.1e-19   64.0   0.1   1   1   2.7e-21   1.7e-18   62.0   0.0     1    40    30    73    30    73 0.93 -
CE10.hmm             -            341 KW1-S15_41_cg299_5   -            428   9.4e-58  191.7   0.2   1   1     2e-60   1.3e-57  191.3   0.2    39   332   121   404    75   411 0.80 -
GT41.hmm             -            705 KW1-S15_41_cg315_5   -            609   2.1e-28   94.5   3.8   1   1   1.1e-18   7.1e-16   53.1   3.2    63   189   398   514   388   516 0.94 -
GT2_Glycos_transf_2.hmm PF00535.25   170 KW1-S15_41_cg335_3   -            241   1.4e-31  104.9   0.0   1   1   2.9e-34   1.9e-31  104.5   0.0     2   168     8   171     7   173 0.92 Glycosyl transferase family 2
GT4.hmm              -            160 KW1-S15_41_cg339_3   -            377   2.4e-23   77.9   0.0   1   1   5.8e-26   3.7e-23   77.3   0.0     8   159   195   346   189   347 0.90 -
CE10.hmm             -            341 KW1-S15_41_cg363_3   -            309   6.4e-77  254.7   0.2   1   1   1.2e-79   7.4e-77  254.5   0.2    61   334    42   304     6   307 0.87 -
GT41.hmm             -            705 KW1-S15_41_cg369_9   -            599   2.4e-40  134.0   2.3   1   2   2.2e-27   1.4e-24   81.9   0.1    61   191   391   511   364   513 0.93 -
GT41.hmm             -            705 KW1-S15_41_cg369_9   -            599   2.4e-40  134.0   2.3   2   2   1.1e-18   6.9e-16   53.2   0.2   123   191   511   579   510   591 0.96 -
GH1.hmm              -            429 KW1-S15_41_cg371_1   -            237   2.8e-65  216.0   0.0   1   1   4.8e-68   3.1e-65  215.9   0.0   213   426     3   233     1   236 0.90 -
GH37.hmm             -            491 KW1-S15_41_cg386_3   -            699  2.8e-131  434.1   0.5   1   1  5.4e-134  3.4e-131  433.8   0.5    10   489   113   677   108   679 0.91 -
GH23.hmm             -            135 KW1-S15_41_cg389_5   -            185   2.4e-30  101.1   0.6   1   1   5.2e-33   3.3e-30  100.6   0.6     9   122    66   176    58   182 0.92 -
GT4.hmm              -            160 KW1-S15_41_cg391_3   -            360   4.4e-32  106.3   0.0   1   1   2.8e-34   9.1e-32  105.3   0.0    11   159   187   330   179   331 0.96 -
GT5.hmm              -            472 KW1-S15_41_cg391_3   -            360   4.6e-18   60.4   0.3   1   1   2.3e-17   7.5e-15   49.8   0.0   282   471   177   355   126   356 0.78 -
AA4.hmm              -            522 KW1-S15_41_cg406_4   -            472   1.1e-16   55.8   0.0   1   1   1.1e-16   3.5e-14   47.6   0.0    54   261    47   247    41   248 0.85 -
AA7.hmm              -            458 KW1-S15_41_cg406_4   -            472   2.6e-15   52.3   1.3   1   1   1.2e-16   3.7e-14   48.5   0.9    14   194    46   233    38   309 0.83 -
CE9.hmm              -            373 KW1-S15_41_cg418_13  -            159   1.6e-43  143.9   0.0   1   1   2.8e-46   1.8e-43  143.8   0.0   224   373     4   153     1   153 0.96 -
AA7.hmm              -            458 KW1-S15_41_cg429_3   -            462   1.5e-23   79.5   3.0   1   1   5.8e-26   1.9e-23   79.1   3.0    14   198    22   208    17   268 0.88 -
AA4.hmm              -            522 KW1-S15_41_cg429_3   -            462   2.1e-22   74.7   0.0   1   1   1.4e-21   4.5e-19   63.7   0.0    53   248    22   209    16   245 0.84 -
GT81.hmm             -            293 KW1-S15_41_cg433_2   -            404   5.2e-63  207.9   0.0   1   1     2e-65   1.3e-62  206.6   0.0    19   265    33   317    16   338 0.79 -
GT41.hmm             -            705 KW1-S15_41_cg437_2   -            616   2.7e-32  107.4   4.2   1   2   5.4e-18   3.5e-15   50.8   0.5    92   191   401   490   374   491 0.78 -
GT41.hmm             -            705 KW1-S15_41_cg437_2   -            616   2.7e-32  107.4   4.2   2   2   2.8e-17   1.8e-14   48.5   0.2   121   191   487   558   486   561 0.94 -
AA3.hmm              -            618 KW1-S15_41_cg446_4   -             80   2.3e-21   71.1   0.2   1   1   7.8e-24   2.5e-21   71.0   0.2   335   398    13    76     6    79 0.94 -
AA3_2.hmm            -            568 KW1-S15_41_cg446_4   -             80   3.1e-16   54.4   0.1   1   1   1.1e-18   3.4e-16   54.3   0.1   504   566    14    76     9    78 0.95 -
GT4.hmm              -            160 KW1-S15_41_cg496_5   -            364   1.2e-32  108.1   0.0   1   1   4.8e-35   3.1e-32  106.8   0.0    14   148   196   329   188   335 0.95 -
CE10.hmm             -            341 KW1-S15_41_cg497_1   -            465     4e-44  146.9   0.4   1   1   8.5e-47   5.4e-44  146.4   0.4    64   207    65   225     8   292 0.82 -
#
# Program:         hmmscan
# Version:         3.3.1 (Jul 2020)
# Pipeline mode:   SCAN
# Query file:      /beegfs/home/lxd/2_sea_metagenomics/6.metabat2/bins_redup_refinem_drep/derep_70_10/derepbins_prodigal/KW1-S15_41.proteins.faa
# Target file:     /beegfs/home/lxd/4_salt_metagenomics/tools/CAZy/dbCAN-HMMdb-V8.txt
# Option settings: hmmscan --tblout KW1-S15_41.tbl --domtblout KW1-S15_41_dom.tbl --acc --noali --notextw -E 1e-14 --domE 1e-14 --cpu 30 /beegfs/home/lxd/4_salt_metagenomics/tools/CAZy/dbCAN-HMMdb-V8.txt /beegfs/home/lxd/2_sea_metagenomics/6.metabat2/bins_redup_refinem_drep/derep_70_10/derepbins_prodigal/KW1-S15_41.proteins.faa 
# Current dir:     /beegfs/home/lxd/2_sea_metagenomics/6.metabat2/bins_redup_refinem_drep/derep_70_10/derepbins_cazy
# Date:            Thu Mar  4 17:30:03 2021
# [ok]
