#                                                                            --- full sequence --- -------------- this domain -------------   hmm coord   ali coord   env coord
# target name        accession   tlen query name           accession   qlen   E-value  score  bias   #  of  c-Evalue  i-Evalue  score  bias  from    to  from    to  from    to  acc description of target
#------------------- ---------- ----- -------------------- ---------- ----- --------- ------ ----- --- --- --------- --------- ------ ----- ----- ----- ----- ----- ----- ----- ---- ---------------------
GH57.hmm             -            383 KW1-S08_268_cg12_2   -            582   2.3e-76  252.7   0.1   1   1     5e-79   3.2e-76  252.2   0.1     1   313     9   467     9   476 0.91 -
GT51.hmm             -            177 KW1-S08_268_cg13_8   -            587   1.3e-22   75.4   0.0   1   1   3.4e-25   2.2e-22   74.7   0.0   111   176     1    66     1    67 0.99 -
GT41.hmm             -            705 KW1-S08_268_cg16_2   -            217   6.9e-33  109.4   3.2   1   1   6.5e-16   4.2e-13   44.0   0.3   120   189    64   134    62   136 0.94 -
GT5.hmm              -            472 KW1-S08_268_cg20_2   -            492  1.7e-194  642.1   0.0   1   1  6.1e-197    2e-194  641.9   0.0     1   471     6   481     6   482 0.99 -
GT4.hmm              -            160 KW1-S08_268_cg20_2   -            492   9.7e-15   49.9   0.0   1   1   5.3e-17   1.7e-14   49.1   0.0     6   149   299   446   296   460 0.80 -
GT41.hmm             -            705 KW1-S08_268_cg30_2   -            162   4.4e-17   57.1   0.0   1   1   1.5e-15   9.6e-13   42.8   0.0    81   191     7   106     2   110 0.95 -
GT41.hmm             -            705 KW1-S08_268_cg33_2   -            645  4.5e-109  361.2  25.7   1   6   1.5e-26   9.3e-24   79.2   0.1    73   191    24   132     9   133 0.92 -
GT41.hmm             -            705 KW1-S08_268_cg33_2   -            645  4.5e-109  361.2  25.7   2   6   1.6e-17     1e-14   49.3   0.0   124   191    99   166    98   166 0.95 -
GT41.hmm             -            705 KW1-S08_268_cg33_2   -            645  4.5e-109  361.2  25.7   3   6   6.7e-16   4.3e-13   43.9   0.0   121   191   129   200   128   201 0.94 -
GT41.hmm             -            705 KW1-S08_268_cg33_2   -            645  4.5e-109  361.2  25.7   4   6   2.3e-15   1.5e-12   42.2   0.0   123   191   166   234   161   235 0.94 -
GT41.hmm             -            705 KW1-S08_268_cg33_2   -            645  4.5e-109  361.2  25.7   5   6   3.8e-16   2.4e-13   44.7   0.0   123   191   200   268   199   269 0.97 -
GT41.hmm             -            705 KW1-S08_268_cg33_2   -            645  4.5e-109  361.2  25.7   6   6   1.5e-16   9.4e-14   46.1   0.6    81   191   372   472   371   479 0.95 -
GH103.hmm            -            295 KW1-S08_268_cg34_5   -            296   4.8e-54  178.7   0.1   1   1   1.5e-51   9.4e-49  161.3   0.0    10   204    42   262    36   266 0.87 -
GH23.hmm             -            135 KW1-S08_268_cg34_7   -            398   8.5e-27   89.6   0.3   1   1   1.7e-28   5.3e-26   87.0   0.2     2   120   112   243   111   254 0.95 -
CBM50.hmm            -             40 KW1-S08_268_cg34_7   -            398   2.1e-15   52.2   0.1   1   1   2.1e-17   6.6e-15   50.6   0.1     1    39   352   394   352   394 0.90 -
GT9.hmm              -            225 KW1-S08_268_cg39_8   -            357   6.1e-62  204.7   0.0   1   1   1.2e-64   7.8e-62  204.4   0.0     4   221    83   327    80   331 0.85 -
GT9.hmm              -            225 KW1-S08_268_cg39_9   -            382   1.7e-47  157.5   0.2   1   1   3.4e-50   2.2e-47  157.1   0.2     2   203   110   342   109   358 0.86 -
GT9.hmm              -            225 KW1-S08_268_cg39_10  -            371   1.3e-48  161.2   0.0   1   1   2.6e-51   1.7e-48  160.8   0.0     2   221    95   345    94   353 0.88 -
GT4.hmm              -            160 KW1-S08_268_cg39_13  -            387   1.3e-24   82.0   0.0   1   1     6e-27   1.9e-24   81.4   0.0     6   152   202   344   197   348 0.92 -
GT5.hmm              -            472 KW1-S08_268_cg39_13  -            387   6.9e-17   56.5   0.0   1   1   5.6e-19   1.8e-16   55.1   0.0   238   452   168   355   149   374 0.77 -
GT9.hmm              -            225 KW1-S08_268_cg39_14  -            367     4e-63  208.6   0.1   1   1   8.8e-66   5.6e-63  208.1   0.1     2   218    83   332    82   339 0.89 -
GT2_Glycos_transf_2.hmm PF00535.25   170 KW1-S08_268_cg39_15  -            252     1e-22   76.0   0.1   1   1   2.3e-25   1.5e-22   75.5   0.1     1   126     5   121     5   152 0.87 Glycosyl transferase family 2
GT4.hmm              -            160 KW1-S08_268_cg39_16  -            398   8.7e-35  115.1   0.0   1   1   1.1e-36   7.2e-34  112.1   0.0     6   159   207   359   202   360 0.97 -
GT9.hmm              -            225 KW1-S08_268_cg39_17  -            308   4.8e-66  218.2   0.2   1   1   9.7e-69   6.2e-66  217.8   0.2     3   219    27   273    25   278 0.89 -
GT4.hmm              -            160 KW1-S08_268_cg43_2   -            383   4.8e-30   99.7   0.0   1   1   3.4e-32   1.1e-29   98.5   0.0    10   157   204   343   198   346 0.96 -
GT5.hmm              -            472 KW1-S08_268_cg43_2   -            383   7.8e-20   66.2   0.0   1   1   1.2e-20   3.9e-18   60.6   0.0   289   471   200   369   157   370 0.80 -
GH133.hmm            -            372 KW1-S08_268_cg49_3   -            654  8.9e-115  378.8   0.0   1   1  6.1e-117  1.3e-114  378.2   0.0     8   372   291   646   285   646 0.97 -
GH13_25.hmm          -            434 KW1-S08_268_cg49_3   -            654   7.2e-31  102.5   0.0   1   2   3.4e-15   7.3e-13   43.1   0.0     7    90   298   377   294   392 0.87 -
GH13_25.hmm          -            434 KW1-S08_268_cg49_3   -            654   7.2e-31  102.5   0.0   2   2   1.9e-19     4e-17   57.2   0.0   171   434   418   645   394   645 0.82 -
GH78.hmm             -            504 KW1-S08_268_cg49_3   -            654   8.2e-20   66.2   0.0   1   1   5.4e-22   1.2e-19   65.7   0.0   149   347   306   531   304   573 0.80 -
GT41.hmm             -            705 KW1-S08_268_cg52_2   -            753   3.8e-43  143.3  21.2   1   2     3e-18   1.9e-15   51.7   3.5    84   191   565   662   562   667 0.91 -
GT41.hmm             -            705 KW1-S08_268_cg52_2   -            753   3.8e-43  143.3  21.2   2   2   2.6e-16   1.7e-13   45.3   7.8    81   191   630   731   629   750 0.93 -
GT41.hmm             -            705 KW1-S08_268_cg55_5   -            273   1.4e-17   58.8   0.2   1   1   2.5e-18   1.6e-15   51.9   0.1    76   191    36   141    23   216 0.81 -
GH57.hmm             -            383 KW1-S08_268_cg69_2   -            415   2.1e-44  147.5   0.0   1   1   4.1e-47   2.6e-44  147.1   0.0     4   300     8   270     1   304 0.82 -
GT28.hmm             -            157 KW1-S08_268_cg76_10  -            364     6e-52  170.8   0.3   1   1   1.4e-54   8.8e-52  170.3   0.3     1   157   185   347   185   347 0.96 -
GT41.hmm             -            705 KW1-S08_268_cg77_10  -            476   4.3e-64  212.5  31.3   1   4   1.3e-17   8.3e-15   49.6   0.1    79   191    21   123    12   125 0.92 -
GT41.hmm             -            705 KW1-S08_268_cg77_10  -            476   4.3e-64  212.5  31.3   2   4   7.1e-16   4.6e-13   43.8   3.8   121   191   120   191   119   199 0.94 -
GT41.hmm             -            705 KW1-S08_268_cg77_10  -            476   4.3e-64  212.5  31.3   3   4   6.5e-18   4.2e-15   50.6   4.8    79   191   191   302   189   302 0.91 -
GT41.hmm             -            705 KW1-S08_268_cg77_10  -            476   4.3e-64  212.5  31.3   4   4   1.2e-20   7.4e-18   59.7   0.8    67   191   290   404   286   405 0.97 -
GT2_Glycos_transf_2.hmm PF00535.25   170 KW1-S08_268_cg81_4   -            234   3.4e-23   77.6   0.0   1   1   7.3e-26   4.7e-23   77.1   0.0     1   123     7   121     7   129 0.95 Glycosyl transferase family 2
GT30.hmm             -            177 KW1-S08_268_cg87_5   -            435   5.3e-64  210.2   0.0   1   1   3.3e-65   2.1e-62  205.0   0.0     3   176    34   215    32   216 0.95 -
GT19.hmm             -            354 KW1-S08_268_cg87_8   -            383  4.1e-123  405.7   0.0   1   1  7.3e-126  4.7e-123  405.6   0.0     2   352     9   362     8   364 0.98 -
GT41.hmm             -            705 KW1-S08_268_cg90_9   -            458   3.6e-20   67.3   8.4   1   1   8.4e-15   5.4e-12   40.3   2.3    61   200   309   430   295   453 0.81 -
GT41.hmm             -            705 KW1-S08_268_cg101_6  -            547   8.1e-48  158.7  11.2   1   2   5.8e-16   3.7e-13   44.1   0.3    80   190   115   249   109   250 0.80 -
GT41.hmm             -            705 KW1-S08_268_cg101_6  -            547   8.1e-48  158.7  11.2   2   2   9.8e-17   6.3e-14   46.7   0.7    60   191   299   420   296   436 0.91 -
GT2_Glycos_transf_2.hmm PF00535.25   170 KW1-S08_268_cg117_5  -            285   4.4e-34  113.0   0.0   1   1   4.1e-36   8.7e-34  112.1   0.0     1   168     6   162     6   164 0.83 Glycosyl transferase family 2
GT2_Glyco_tranf_2_3.hmm PF13641.5    230 KW1-S08_268_cg117_5  -            285   2.2e-26   88.4   0.2   1   1   1.5e-28   3.3e-26   87.9   0.2     1   212     3   199     3   218 0.88 Glycosyltransferase like family 2
GT2_Glyco_tranf_2_2.hmm PF10111.8    276 KW1-S08_268_cg117_5  -            285   5.2e-23   77.2   0.0   1   1   2.7e-16   5.7e-14   47.5   0.0     1   106     6   105     6   110 0.87 Glycosyltransferase like family 2
GT2_Glyco_tranf_2_3.hmm PF13641.5    230 KW1-S08_268_cg122_3  -            538   1.6e-32  108.6   0.0   1   1   1.1e-34   2.4e-32  107.9   0.0     1   228    66   294    66   296 0.92 Glycosyltransferase like family 2
GT2_Glyco_trans_2_3.hmm PF13632.5    197 KW1-S08_268_cg122_3  -            538   1.3e-25   85.7   1.3   1   1   6.2e-28   1.3e-25   85.7   1.3     2   192   156   362   155   370 0.76 Glycosyl transferase family group 2
GT2_Glycos_transf_2.hmm PF00535.25   170 KW1-S08_268_cg122_3  -            538   2.6e-22   74.7   0.0   1   1   1.7e-24   3.7e-22   74.2   0.0     3   168    71   241    69   243 0.90 Glycosyl transferase family 2
GH57.hmm             -            383 KW1-S08_268_cg124_1  -            514   4.3e-58  192.5   0.0   1   1   9.1e-61   5.8e-58  192.1   0.0    32   298    67   335    14   359 0.81 -
GT2_Glycos_transf_2.hmm PF00535.25   170 KW1-S08_268_cg130_3  -            245     2e-19   65.3   0.0   1   1   4.2e-22   2.7e-19   64.9   0.0     1   160     7   159     7   163 0.90 Glycosyl transferase family 2
GT41.hmm             -            705 KW1-S08_268_cg130_6  -            583   4.1e-19   63.8   0.0   1   1   7.7e-18   4.9e-15   50.3   0.0    62   191   403   522   392   533 0.92 -
GT9.hmm              -            225 KW1-S08_268_cg130_7  -            410   2.7e-41  137.2   0.0   1   1   5.9e-44   3.8e-41  136.7   0.0     3   213   108   373   106   386 0.82 -
GT41.hmm             -            705 KW1-S08_268_cg138_8  -            458     4e-62  206.0  17.1   1   4     5e-23   3.2e-20   67.5   0.5    60   191    34   155    19   155 0.93 -
GT41.hmm             -            705 KW1-S08_268_cg138_8  -            458     4e-62  206.0  17.1   2   4   1.9e-17   1.2e-14   49.1   0.3   120   191   151   223   150   228 0.95 -
GT41.hmm             -            705 KW1-S08_268_cg138_8  -            458     4e-62  206.0  17.1   3   4   6.5e-15   4.2e-12   40.6   0.4   123   191   300   368   295   369 0.89 -
GT41.hmm             -            705 KW1-S08_268_cg138_8  -            458     4e-62  206.0  17.1   4   4   1.5e-15   9.5e-13   42.8   0.2   118   198   362   438   361   449 0.90 -
GH23.hmm             -            135 KW1-S08_268_cg138_19 -            196   2.3e-23   78.5   0.0   1   1   4.7e-26     3e-23   78.1   0.0    13   124    92   191    83   195 0.90 -
GT41.hmm             -            705 KW1-S08_268_cg144_3  -            321   1.2e-30  101.9   0.3   1   1   1.5e-15   9.3e-13   42.8   0.1    58   190    15   155     3   160 0.70 -
CBM50.hmm            -             40 KW1-S08_268_cg149_4  -            670   1.3e-38  126.4   1.1   1   2   7.3e-15   2.3e-12   42.4   0.0     1    38   501   541   501   542 0.91 -
CBM50.hmm            -             40 KW1-S08_268_cg149_4  -            670   1.3e-38  126.4   1.1   2   2   3.4e-15   1.1e-12   43.5   0.1     1    39   571   612   571   612 0.91 -
GH23.hmm             -            135 KW1-S08_268_cg149_4  -            670   4.3e-20   67.9   0.0   1   1   2.6e-22   8.3e-20   67.0   0.0     8   126   265   404   258   413 0.89 -
GT51.hmm             -            177 KW1-S08_268_cg159_11 -            809   8.8e-69  225.8   0.0   1   1     2e-71   1.3e-68  225.3   0.0     3   176    81   254    79   255 0.98 -
GT4.hmm              -            160 KW1-S08_268_cg165_3  -            409   2.5e-29   97.3   0.0   1   1   6.1e-32   3.9e-29   96.7   0.0     6   159   214   371   209   372 0.93 -
GH23.hmm             -            135 KW1-S08_268_cg186_1  -            628     1e-27   92.6   2.0   1   1   2.1e-30   1.4e-27   92.2   0.0    11   122   498   619   487   624 0.91 -
GH3.hmm              -            216 KW1-S08_268_cg186_3  -            358   3.2e-61  201.9   0.0   1   1   6.3e-64     4e-61  201.6   0.0     7   216    75   297    69   297 0.95 -
#
# Program:         hmmscan
# Version:         3.3.1 (Jul 2020)
# Pipeline mode:   SCAN
# Query file:      /beegfs/home/lxd/2_sea_metagenomics/6.metabat2/bins_redup_refinem_drep/derep_70_10/derepbins_prodigal/KW1-S08_268.proteins.faa
# Target file:     /beegfs/home/lxd/4_salt_metagenomics/tools/CAZy/dbCAN-HMMdb-V8.txt
# Option settings: hmmscan --tblout KW1-S08_268.tbl --domtblout KW1-S08_268_dom.tbl --acc --noali --notextw -E 1e-14 --domE 1e-14 --cpu 30 /beegfs/home/lxd/4_salt_metagenomics/tools/CAZy/dbCAN-HMMdb-V8.txt /beegfs/home/lxd/2_sea_metagenomics/6.metabat2/bins_redup_refinem_drep/derep_70_10/derepbins_prodigal/KW1-S08_268.proteins.faa 
# Current dir:     /beegfs/home/lxd/2_sea_metagenomics/6.metabat2/bins_redup_refinem_drep/derep_70_10/derepbins_cazy
# Date:            Thu Mar  4 13:32:06 2021
# [ok]
