#                                                                            --- full sequence --- -------------- this domain -------------   hmm coord   ali coord   env coord
# target name        accession   tlen query name           accession   qlen   E-value  score  bias   #  of  c-Evalue  i-Evalue  score  bias  from    to  from    to  from    to  acc description of target
#------------------- ---------- ----- -------------------- ---------- ----- --------- ------ ----- --- --- --------- --------- ------ ----- ----- ----- ----- ----- ----- ----- ---- ---------------------
AA7.hmm              -            458 KW1-S21_197_cg2_25   -            961   3.3e-19   65.1   0.4   1   1   1.2e-18   3.8e-16   55.0   0.9    13   146    42   178    37   189 0.86 -
AA4.hmm              -            522 KW1-S21_197_cg2_25   -            961   3.3e-15   51.0   0.0   1   1   6.2e-15     2e-12   41.8   0.0    52   188    42   177    24   188 0.87 -
CE4.hmm              -            130 KW1-S21_197_cg8_8    -            268   8.6e-23   76.3   0.0   1   1   2.5e-25   1.6e-22   75.4   0.0    11   126    13   154    10   157 0.83 -
GT4.hmm              -            160 KW1-S21_197_cg8_15   -            433   1.3e-27   91.8   0.0   1   1   3.8e-30   2.4e-27   90.9   0.0     5   157   225   387   221   390 0.82 -
GT20.hmm             -            475 KW1-S21_197_cg8_17   -            506  2.5e-130  430.4   0.0   1   1  4.8e-133  3.1e-130  430.1   0.0    11   474    22   502    14   503 0.91 -
GH109.hmm            -            126 KW1-S21_197_cg18_2   -            374   6.8e-17   57.4   0.1   1   1   3.6e-19   2.3e-16   55.7   0.1     1   115     6   112     6   121 0.87 -
GT4.hmm              -            160 KW1-S21_197_cg28_2   -            441   1.3e-22   75.5   0.0   1   1   3.5e-25   2.3e-22   74.7   0.0     5   159   227   391   223   392 0.84 -
CE14.hmm             -            124 KW1-S21_197_cg30_4   -            241   4.6e-30  100.2   0.1   1   1   1.3e-32   8.6e-30   99.4   0.1     1   122     9   121     9   125 0.94 -
GT2_Glycos_transf_2.hmm PF00535.25   170 KW1-S21_197_cg34_2   -            726   4.7e-20   67.4   0.0   1   1     7e-22   2.3e-19   65.2   0.0     3   126   496   618   494   646 0.91 Glycosyl transferase family 2
GT2_Glycos_transf_2.hmm PF00535.25   170 KW1-S21_197_cg34_11  -            248   3.2e-25   84.2   0.0   1   1   7.1e-28   4.5e-25   83.7   0.0     1   167     6   171     6   174 0.97 Glycosyl transferase family 2
GH74.hmm             -            233 KW1-S21_197_cg55_3   -           1067   1.4e-59  196.6  16.6   1   1   6.2e-17     4e-14   47.8   0.0    39   114   143   228   118   230 0.84 -
AA4.hmm              -            522 KW1-S21_197_cg57_3   -            456   7.5e-33  109.2   0.0   1   1   1.2e-31     4e-29   96.9   0.0    16   246     9   233     1   255 0.82 -
AA7.hmm              -            458 KW1-S21_197_cg57_3   -            456   1.1e-26   89.8   0.3   1   1   4.5e-27   1.4e-24   82.8   0.8    10   204    42   241    36   256 0.87 -
CE14.hmm             -            124 KW1-S21_197_cg60_1   -            239   1.1e-33  111.9   0.1   1   1   2.9e-36   1.8e-33  111.2   0.1     1   124    11   131    11   142 0.92 -
GH15.hmm             -            361 KW1-S21_197_cg78_3   -            625   2.4e-83  275.6   0.0   1   1   4.4e-86   2.8e-83  275.3   0.0     2   360   239   601   238   602 0.86 -
GT4.hmm              -            160 KW1-S21_197_cg81_2   -            307   4.6e-23   77.0   0.0   1   1   1.5e-25   9.7e-23   75.9   0.0     9   132   144   254   142   268 0.92 -
GT41.hmm             -            705 KW1-S21_197_cg87_13  -            188   1.3e-19   65.5   0.7   1   1   7.2e-21   4.6e-18   60.3   0.7    65   191    16   132    13   180 0.89 -
CE10.hmm             -            341 KW1-S21_197_cg89_5   -            154   6.6e-15   50.8   0.0   1   1   1.2e-17   7.4e-15   50.7   0.0   168   330     2   142     1   152 0.77 -
GT39.hmm             -            223 KW1-S21_197_cg134_5  -            397   1.1e-16   56.4  12.5   1   1   4.5e-19   2.9e-16   55.0  12.5    47   214   102   284    86   286 0.85 -
GT2_Glycos_transf_2.hmm PF00535.25   170 KW1-S21_197_cg135_4  -            258     2e-25   84.9   0.0   1   1   3.8e-28   2.5e-25   84.6   0.0     1   129    13   141    13   175 0.90 Glycosyl transferase family 2
CE1.hmm              -            227 KW1-S21_197_cg136_2  -            227   5.3e-22   73.9   0.0   1   1   1.1e-24   6.8e-22   73.6   0.0     6   208     9   205     5   220 0.78 -
GT4.hmm              -            160 KW1-S21_197_cg137_24 -            381   4.6e-42  138.7   0.0   1   1   2.1e-44   6.6e-42  138.2   0.0     9   159   191   341   188   342 0.97 -
GT5.hmm              -            472 KW1-S21_197_cg137_24 -            381   6.8e-18   59.8   0.0   1   1   3.2e-17     1e-14   49.3   0.0   294   471   193   365   177   366 0.87 -
CE14.hmm             -            124 KW1-S21_197_cg150_1  -            163   2.6e-34  114.0   0.0   1   1   5.1e-37   3.3e-34  113.6   0.0     1   124    11   131    11   143 0.92 -
AA3_2.hmm            -            568 KW1-S21_197_cg176_4  -            507  1.4e-118  392.3   0.0   1   2   1.6e-81   2.1e-79  263.0   0.0     2   323     2   310     1   329 0.92 -
AA3_2.hmm            -            568 KW1-S21_197_cg176_4  -            507  1.4e-118  392.3   0.0   2   2   2.1e-40   2.7e-38  127.3   0.0   408   566   341   502   327   503 0.92 -
AA3.hmm              -            618 KW1-S21_197_cg176_4  -            507   4.2e-85  281.6   0.0   1   1   3.9e-87     5e-85  281.4   0.0    89   398     2   502     1   505 0.86 -
AA3_3.hmm            -            590 KW1-S21_197_cg176_4  -            507   9.6e-64  211.0   0.0   1   2     5e-48   6.4e-46  152.1   0.0     3   319     3   308     1   323 0.86 -
AA3_3.hmm            -            590 KW1-S21_197_cg176_4  -            507   9.6e-64  211.0   0.0   2   2   3.9e-19     5e-17   56.7   0.0   510   585   425   501   411   506 0.90 -
AA3_1.hmm            -            548 KW1-S21_197_cg176_4  -            507   7.8e-38  125.6   0.0   1   1   5.3e-29   6.9e-27   89.5   0.0    16   326     2   307     1   314 0.79 -
AA3_2.hmm            -            568 KW1-S21_197_cg194_1  -            243   3.7e-57  189.5   0.0   1   1   2.6e-59   4.1e-57  189.4   0.0     2   253     2   241     1   243 0.89 -
AA3.hmm              -            618 KW1-S21_197_cg194_1  -            243   9.3e-39  128.5   0.0   1   1   6.7e-41   1.1e-38  128.3   0.0    89   234     2   232     1   242 0.77 -
AA3_3.hmm            -            590 KW1-S21_197_cg194_1  -            243   1.8e-34  114.4   0.0   1   1   1.3e-36   2.1e-34  114.1   0.0     3   240     3   238     1   242 0.87 -
AA3_1.hmm            -            548 KW1-S21_197_cg194_1  -            243   1.2e-20   68.9   0.0   1   1   2.2e-22   3.5e-20   67.3   0.0    16   247     2   241     1   243 0.79 -
GH74.hmm             -            233 KW1-S21_197_cg195_4  -            329   8.8e-39  128.5   3.3   1   2   1.6e-16     1e-13   46.5   0.0    43   113    56   125    43   133 0.90 -
GH74.hmm             -            233 KW1-S21_197_cg195_4  -            329   8.8e-39  128.5   3.3   2   2   3.7e-15   2.4e-12   42.0   0.0    41   114   247   317   229   323 0.87 -
CE14.hmm             -            124 KW1-S21_197_cg195_5  -            223   1.1e-25   86.1   0.1   1   1   2.5e-28   1.6e-25   85.5   0.1     4   116     1   102     1   106 0.94 -
GT41.hmm             -            705 KW1-S21_197_cg201_1  -            242   1.2e-25   85.4   0.0   1   2   2.9e-15   1.9e-12   41.8   0.0    83   191    57   155    36   156 0.82 -
GT41.hmm             -            705 KW1-S21_197_cg201_1  -            242   1.2e-25   85.4   0.0   2   2   1.6e-15   1.1e-12   42.6   0.3   123   203   155   230   154   235 0.88 -
GT83.hmm             -            540 KW1-S21_197_cg207_11 -            765   1.6e-28   94.8  59.3   1   2   8.6e-21   2.8e-18   61.0  31.5    16   222     2   211     1   220 0.81 -
GT83.hmm             -            540 KW1-S21_197_cg207_11 -            765   1.6e-28   94.8  59.3   2   2   5.5e-17   1.8e-14   48.5  19.8   250   434   404   578   378   610 0.64 -
GT39.hmm             -            223 KW1-S21_197_cg207_11 -            765   1.4e-18   62.5  17.2   1   1   4.5e-21   1.4e-18   62.5  17.2     5   186     2   177     1   210 0.89 -
CE14.hmm             -            124 KW1-S21_197_cg207_30 -            234   1.7e-31  104.9   0.0   1   1   3.8e-34   2.5e-31  104.3   0.0     1   117     9   116     9   125 0.93 -
GT4.hmm              -            160 KW1-S21_197_cg207_33 -            398   6.9e-39  128.4   0.0   1   1   5.8e-41   1.9e-38  127.0   0.0     8   159   211   365   206   366 0.94 -
GT5.hmm              -            472 KW1-S21_197_cg207_33 -            398   9.8e-31  102.1   2.0   1   1   1.3e-26   4.1e-24   80.3   0.0   280   471   203   389   182   390 0.83 -
GH74.hmm             -            233 KW1-S21_197_cg220_11 -            365   1.1e-30  102.1   2.4   1   1   4.3e-16   2.8e-13   45.1   0.0    33   109   217   299   203   306 0.88 -
AA3_2.hmm            -            568 KW1-S21_197_cg222_4  -            337   1.6e-80  266.7   0.0   1   2   6.6e-41   8.4e-39  128.9   0.0   179   322     1   138     1   156 0.92 -
AA3_2.hmm            -            568 KW1-S21_197_cg222_4  -            337   1.6e-80  266.7   0.0   2   2   4.6e-43   5.9e-41  136.1   0.0   408   565   171   330   144   332 0.92 -
AA3.hmm              -            618 KW1-S21_197_cg222_4  -            337     1e-54  181.2   0.0   1   1     1e-56   1.3e-54  180.9   0.0   205   398    27   331    12   335 0.91 -
AA3_3.hmm            -            590 KW1-S21_197_cg222_4  -            337   3.1e-42  140.0   0.1   1   2   6.2e-24   7.9e-22   72.6   0.0   192   317    22   135     5   147 0.87 -
AA3_3.hmm            -            590 KW1-S21_197_cg222_4  -            337   3.1e-42  140.0   0.1   2   2   1.2e-21   1.5e-19   65.1   0.1   510   583   254   328   245   333 0.91 -
AA3_1.hmm            -            548 KW1-S21_197_cg222_4  -            337   1.1e-33  111.9   0.0   1   2   2.9e-21   3.8e-19   63.9   0.0   194   325    18   135     8   152 0.87 -
AA3_1.hmm            -            548 KW1-S21_197_cg222_4  -            337   1.1e-33  111.9   0.0   2   2   7.7e-16   9.9e-14   46.0   0.0   423   542   206   328   170   331 0.71 -
AA8.hmm              -            815 KW1-S21_197_cg222_4  -            337     1e-28   95.0   0.1   1   1   1.1e-18   1.4e-16   54.9   0.1   427   553    22   134    11   180 0.85 -
PL22.hmm             -            265 KW1-S21_197_cg226_1  -            946   2.2e-28   94.4   0.0   1   1   1.3e-16   8.5e-14   46.6   0.0   104   184   820   888   813   890 0.93 -
AA7.hmm              -            458 KW1-S21_197_cg248_1  -            431   1.5e-19   66.2   2.5   1   1   1.9e-21   1.2e-18   63.3   3.1    11   236    21   259    13   293 0.79 -
CE14.hmm             -            124 KW1-S21_197_cg249_6  -            292   4.9e-46  151.8   0.1   1   1   1.4e-48   8.9e-46  151.0   0.1     1   124    10   140    10   140 0.97 -
#
# Program:         hmmscan
# Version:         3.3.1 (Jul 2020)
# Pipeline mode:   SCAN
# Query file:      /beegfs/home/lxd/2_sea_metagenomics/6.metabat2/bins_redup_refinem_drep/derep_70_10/derepbins_prodigal/KW1-S21_197.proteins.faa
# Target file:     /beegfs/home/lxd/4_salt_metagenomics/tools/CAZy/dbCAN-HMMdb-V8.txt
# Option settings: hmmscan --tblout KW1-S21_197.tbl --domtblout KW1-S21_197_dom.tbl --acc --noali --notextw -E 1e-14 --domE 1e-14 --cpu 30 /beegfs/home/lxd/4_salt_metagenomics/tools/CAZy/dbCAN-HMMdb-V8.txt /beegfs/home/lxd/2_sea_metagenomics/6.metabat2/bins_redup_refinem_drep/derep_70_10/derepbins_prodigal/KW1-S21_197.proteins.faa 
# Current dir:     /beegfs/home/lxd/2_sea_metagenomics/6.metabat2/bins_redup_refinem_drep/derep_70_10/derepbins_cazy
# Date:            Thu Mar  4 18:55:48 2021
# [ok]
