#                                                                            --- full sequence --- -------------- this domain -------------   hmm coord   ali coord   env coord
# target name        accession   tlen query name           accession   qlen   E-value  score  bias   #  of  c-Evalue  i-Evalue  score  bias  from    to  from    to  from    to  acc description of target
#------------------- ---------- ----- -------------------- ---------- ----- --------- ------ ----- --- --- --------- --------- ------ ----- ----- ----- ----- ----- ----- ----- ---- ---------------------
GT4.hmm              -            160 KW1-S15_114_cg9_33   -            782   1.7e-28   94.6   0.0   1   1   2.9e-30   1.8e-27   91.3   0.0     5   159   243   400   240   401 0.93 -
GT41.hmm             -            705 KW1-S15_114_cg14_7   -            345   1.2e-23   78.8   5.2   1   1   1.4e-16   9.1e-14   46.2   2.0    64   191    56   196    22   228 0.64 -
GH74.hmm             -            233 KW1-S15_114_cg16_34  -           1047   7.7e-27   89.4  21.5   1   1   9.2e-15   5.9e-12   40.7   3.0    43   113   735   801   729   809 0.87 -
CE10.hmm             -            341 KW1-S15_114_cg17_17  -            642   1.7e-24   82.3   0.0   1   1   1.6e-26   3.5e-24   81.3   0.0    66   315   374   615   354   631 0.78 -
AA5.hmm              -           1281 KW1-S15_114_cg17_22  -            339   5.3e-30   99.0   2.9   1   1   1.4e-21   4.6e-19   62.8   0.3   810   922    23   128    11   161 0.84 -
CE1.hmm              -            227 KW1-S15_114_cg17_49  -            502   1.9e-18   62.3   0.0   1   1   5.3e-21   3.4e-18   61.5   0.0    11   208   184   469   178   485 0.79 -
GH129.hmm            -            618 KW1-S15_114_cg21_30  -            688   6.8e-61  201.6   0.0   1   2   1.7e-36   1.1e-33  111.7   0.0    62   249   121   320    91   340 0.87 -
GH129.hmm            -            618 KW1-S15_114_cg21_30  -            688   6.8e-61  201.6   0.0   2   2   2.9e-29   1.9e-26   87.9   0.0   411   597   493   685   471   687 0.88 -
GT28.hmm             -            157 KW1-S15_114_cg21_45  -            346   6.7e-16   53.7   0.0   1   1   1.7e-18   1.1e-15   53.1   0.0    28   150   204   327   177   333 0.80 -
GT2_Glycos_transf_2.hmm PF00535.25   170 KW1-S15_114_cg21_49  -            569   4.4e-30  100.0   0.1   1   1     8e-32   1.3e-29   98.5   0.0     1   150     5   142     5   162 0.80 Glycosyl transferase family 2
GT2_Glyco_tranf_2_3.hmm PF13641.5    230 KW1-S15_114_cg21_49  -            569   1.3e-18   63.0   0.0   1   1     5e-20   7.9e-18   60.4   0.0     1   197     2   183     2   200 0.82 Glycosyltransferase like family 2
GT2_Glyco_tranf_2_2.hmm PF10111.8    276 KW1-S15_114_cg21_49  -            569     1e-15   53.2   0.0   1   1   3.9e-17   6.2e-15   50.7   0.0     1   218     5   199     4   207 0.81 Glycosyltransferase like family 2
GT27.hmm                -            295 KW1-S15_114_cg21_49  -            569   2.5e-15   51.8   0.1   1   1   3.3e-15   5.3e-13   44.2   0.1     1    91     5    87     5    97 0.92 -
CE10.hmm             -            341 KW1-S15_114_cg22_17  -            640   3.2e-32  107.7   0.1   1   1   1.5e-34   4.9e-32  107.1   0.1    74   324   380   621   363   630 0.85 -
CE1.hmm              -            227 KW1-S15_114_cg22_30  -            496     6e-18   60.7   0.0   1   1   1.7e-20   1.1e-17   59.8   0.0     7   212   300   478   296   491 0.74 -
GT4.hmm              -            160 KW1-S15_114_cg23_4   -            396   1.9e-43  143.2   0.0   1   1   1.1e-45   3.5e-43  142.4   0.0     7   157   212   359   207   362 0.96 -
GT5.hmm              -            472 KW1-S15_114_cg23_4   -            396     8e-28   92.5   0.0   1   1   8.2e-30   2.6e-27   90.8   0.0   240   471   181   386   165   387 0.82 -
GT2_Glycos_transf_2.hmm PF00535.25   170 KW1-S15_114_cg23_6   -            246   2.4e-21   71.6   0.0   1   1     5e-24   3.2e-21   71.2   0.0     2   161     9   162     8   176 0.84 Glycosyl transferase family 2
GT4.hmm              -            160 KW1-S15_114_cg23_20  -            392   7.5e-25   82.8   0.0   1   1   1.8e-27   1.2e-24   82.1   0.0     8   159   204   355   201   356 0.92 -
GT4.hmm              -            160 KW1-S15_114_cg23_23  -            408   6.1e-35  115.6   0.0   1   1   1.4e-37     9e-35  115.0   0.0     9   160   227   377   224   377 0.96 -
CE4.hmm              -            130 KW1-S15_114_cg23_24  -            702   9.8e-21   69.6   0.0   1   1   3.3e-23   2.1e-20   68.5   0.0     7   124    89   253    84   257 0.85 -
AA5.hmm              -           1281 KW1-S15_114_cg23_27  -            503   7.2e-19   62.1   0.9   1   1   4.7e-20     3e-17   56.7   0.6   575   715    70   206    38   334 0.90 -
AA5.hmm              -           1281 KW1-S15_114_cg23_29  -            442   9.6e-28   91.5   0.8   1   1   5.2e-15   1.7e-12   41.0   0.0   797   892    22   111     9   148 0.80 -
GH137.hmm            -            340 KW1-S15_114_cg30_4   -            809   8.7e-17   56.5   0.0   1   1   1.9e-16   2.4e-14   48.5   0.0   121   290   535   697   530   707 0.84 -
CE14.hmm             -            124 KW1-S15_114_cg30_32  -            237     2e-27   91.7   0.2   1   1   5.9e-30   3.8e-27   90.8   0.2     1   123     4   121     4   123 0.93 -
AA1_2.hmm            -            337 KW1-S15_114_cg31_4   -            111   3.9e-23   77.3   0.1   1   1     2e-25   4.2e-23   77.2   0.1    52   153     1    99     1   109 0.85 -
AA1_3.hmm            -            312 KW1-S15_114_cg31_4   -            111   2.1e-21   71.7   0.2   1   1     1e-23   2.2e-21   71.6   0.2    82   184     1   105     1   110 0.88 -
AA1.hmm              -            943 KW1-S15_114_cg31_4   -            111   2.6e-20   67.5   0.3   1   1   1.3e-22   2.8e-20   67.5   0.3   497   581     1    81     1   106 0.78 -
GT83.hmm             -            540 KW1-S15_114_cg31_26  -            539   6.3e-20   66.4  45.0   1   1   4.5e-22   2.9e-19   64.3  45.1    65   365    70   406    68   434 0.71 -
CBM9.hmm             -            182 KW1-S15_114_cg33_53  -           1678   5.3e-21   70.8   0.0   1   1   1.3e-23   8.6e-21   70.2   0.0     1   164  1455  1648  1455  1654 0.81 -
GT2_Glycos_transf_2.hmm PF00535.25   170 KW1-S15_114_cg33_56  -            271   6.9e-21   70.1   0.0   1   1   1.4e-23   9.3e-21   69.7   0.0     1   144     8   169     8   185 0.81 Glycosyl transferase family 2
GT4.hmm              -            160 KW1-S15_114_cg33_64  -            363     1e-43  144.1   0.0   1   1   4.6e-46   1.5e-43  143.6   0.0     4   157   177   328   174   331 0.97 -
GT5.hmm              -            472 KW1-S15_114_cg33_64  -            363   4.8e-16   53.7   0.0   1   1     2e-18   6.3e-16   53.3   0.0   290   465   180   349   140   353 0.83 -
GT4.hmm              -            160 KW1-S15_114_cg33_92  -            393   2.5e-29   97.3   0.0   1   1     2e-31   6.5e-29   96.0   0.0    12   145   211   344   204   348 0.95 -
GT5.hmm              -            472 KW1-S15_114_cg33_92  -            393   7.2e-20   66.3   0.0   1   1   2.8e-22     9e-20   66.0   0.0   274   465   193   377   148   383 0.87 -
GT4.hmm              -            160 KW1-S15_114_cg36_16  -            678   1.4e-40  133.9   0.0   1   1   6.8e-43   2.2e-40  133.3   0.0     4   157   180   331   177   335 0.97 -
GT5.hmm              -            472 KW1-S15_114_cg36_16  -            678   3.8e-17   57.3   0.0   1   1   1.7e-19   5.5e-17   56.8   0.0   288   469   181   356   131   358 0.84 -
GT2_Glycos_transf_2.hmm PF00535.25   170 KW1-S15_114_cg44_14  -            224   1.8e-19   65.5   0.0   1   1   3.7e-22   2.4e-19   65.1   0.0     1   109     3   100     3   146 0.89 Glycosyl transferase family 2
GT9.hmm              -            225 KW1-S15_114_cg45_38  -            352   1.4e-42  141.4   0.0   1   1   3.4e-45   2.2e-42  140.8   0.0     7   217    81   328    76   335 0.85 -
GT2_Glycos_transf_2.hmm PF00535.25   170 KW1-S15_114_cg47_1   -            236   2.4e-31  104.1   0.0   1   1   4.6e-34     3e-31  103.8   0.0     1   165     7   171     7   175 0.95 Glycosyl transferase family 2
CBM51.hmm            -            134 KW1-S15_114_cg47_44  -            402   6.2e-39  128.5   0.0   1   1   1.5e-41   9.6e-39  127.9   0.0     2   134   260   397   259   397 0.91 -
AA5.hmm              -           1281 KW1-S15_114_cg49_16  -            528     2e-16   54.0   8.4   1   1   3.2e-19     2e-16   54.0   8.4   626   828    79   296    77   301 0.83 -
GT2_Glycos_transf_2.hmm PF00535.25   170 KW1-S15_114_cg49_71  -            245   1.2e-29   98.6   0.1   1   1   4.6e-32   1.5e-29   98.3   0.1     1   128    11   136    11   177 0.87 Glycosyl transferase family 2
GT81.hmm                -            293 KW1-S15_114_cg49_71  -            245   6.8e-19   63.1   0.0   1   1   3.3e-21   1.1e-18   62.5   0.0    22   123     9   102     3   109 0.89 -
AA5.hmm              -           1281 KW1-S15_114_cg49_77  -            859   2.9e-52  172.8  10.9   1   2   1.5e-25     5e-23   75.9   0.8   823   920   513   605   494   607 0.88 -
AA5.hmm              -           1281 KW1-S15_114_cg49_77  -            859   2.9e-52  172.8  10.9   2   2   2.3e-33   7.5e-31  101.8   3.6   652   920   601   858   600   858 0.84 -
AA5_2.hmm            -            588 KW1-S15_114_cg49_77  -            859   8.7e-32  105.7   2.3   1   2   7.2e-19   2.3e-16   54.7   0.1   382   500   513   625   495   633 0.84 -
AA5_2.hmm            -            588 KW1-S15_114_cg49_77  -            859   8.7e-32  105.7   2.3   2   2   4.3e-15   1.4e-12   42.3   0.2   379   463   761   841   728   856 0.81 -
AA5.hmm              -           1281 KW1-S15_114_cg49_78  -            687   4.3e-54  178.8   8.4   1   2   5.2e-24   1.7e-21   70.9   0.1   822   921   341   436   326   437 0.91 -
AA5.hmm              -           1281 KW1-S15_114_cg49_78  -            687   4.3e-54  178.8   8.4   2   2   2.5e-38     8e-36  118.3   4.5   649   920   428   686   424   686 0.86 -
AA5_2.hmm            -            588 KW1-S15_114_cg49_78  -            687   4.4e-27   90.2   2.2   1   1   1.3e-15   4.1e-13   44.0   0.0   381   463   592   670   580   677 0.90 -
GT2_Glycos_transf_2.hmm PF00535.25   170 KW1-S15_114_cg49_87  -            322   9.4e-20   66.4   0.0   1   1   2.1e-22   1.4e-19   65.9   0.0     4   164     7   160     4   165 0.84 Glycosyl transferase family 2
GT83.hmm             -            540 KW1-S15_114_cg49_91  -            516   7.2e-15   49.8  40.3   1   1   4.7e-17     3e-14   47.7  40.3    11   366    14   405     6   453 0.69 -
GT4.hmm              -            160 KW1-S15_114_cg49_92  -            400   3.8e-41  135.7   0.0   1   1   1.9e-43     6e-41  135.1   0.0     8   159   214   363   210   364 0.96 -
GT5.hmm              -            472 KW1-S15_114_cg49_92  -            400   8.6e-32  105.6   0.0   1   1   5.7e-34   1.8e-31  104.6   0.0   115   471    71   388    64   389 0.86 -
GT4.hmm              -            160 KW1-S15_114_cg49_93  -            389   1.3e-39  130.8   0.0   1   1   6.5e-42   2.1e-39  130.1   0.0     8   159   204   356   199   357 0.96 -
GT5.hmm              -            472 KW1-S15_114_cg49_93  -            389     5e-31  103.1   0.0   1   1     5e-29   1.6e-26   88.3   0.0   122   471    64   381    53   382 0.80 -
GT4.hmm              -            160 KW1-S15_114_cg49_95  -            397   1.7e-33  110.9   0.0   1   1   4.2e-36   2.7e-33  110.2   0.0     6   159   208   362   205   363 0.96 -
GT2_Glycos_transf_2.hmm PF00535.25   170 KW1-S15_114_cg49_96  -           2079   1.5e-59  195.9   0.0   1   2     1e-26   1.3e-24   82.2   0.0     1   125  1152  1278  1152  1313 0.83 Glycosyl transferase family 2
GT2_Glycos_transf_2.hmm PF00535.25   170 KW1-S15_114_cg49_96  -           2079   1.5e-59  195.9   0.0   2   2     1e-19   1.3e-17   59.4   0.0     2   132  1413  1542  1412  1586 0.79 Glycosyl transferase family 2
GT2_Glyco_tranf_2_3.hmm PF13641.5    230 KW1-S15_114_cg49_96  -           2079   7.8e-48  158.6   2.2   1   1   1.4e-23   1.8e-21   72.4   0.0     1   212  1409  1628  1409  1650 0.82 Glycosyltransferase like family 2
GT4.hmm                 -            160 KW1-S15_114_cg49_96  -           2079   5.6e-28   92.9   0.0   1   1   1.1e-29   1.4e-27   91.6   0.0     4   159  1877  2035  1874  2036 0.93 -
CE10.hmm             -            341 KW1-S15_114_cg52_6   -            623   4.4e-25   84.3   0.0   1   1   3.1e-27   6.6e-25   83.7   0.0    81   318   378   604   345   615 0.81 -
CE1.hmm              -            227 KW1-S15_114_cg52_6   -            623     2e-15   52.4   0.0   1   1   1.8e-17   3.7e-15   51.5   0.0     8   215   377   602   374   612 0.74 -
CE10.hmm             -            341 KW1-S15_114_cg55_36  -            671   1.9e-29   98.6   0.1   1   1     1e-31   3.4e-29   97.8   0.1    63   332   411   665   387   670 0.78 -
PL22.hmm             -            265 KW1-S15_114_cg55_36  -            671   1.8e-19   65.2   0.0   1   1   1.1e-15   3.6e-13   44.6   0.0   129   203    58   132    23   151 0.83 -
CE11.hmm             -            271 KW1-S15_114_cg57_11  -            435   1.8e-95  314.6   0.0   1   1   3.5e-98   2.3e-95  314.3   0.0     1   270     4   272     4   273 0.99 -
CE1.hmm              -            227 KW1-S15_114_cg63_10  -            601   1.8e-19   65.6   0.0   1   1   4.2e-22   2.7e-19   65.1   0.0     6   175   224   399   220   481 0.71 -
GT2_Glycos_transf_2.hmm PF00535.25   170 KW1-S15_114_cg64_27  -            236   3.3e-20   67.9   0.0   1   1   6.5e-23   4.2e-20   67.5   0.0     1   161    14   165    14   174 0.78 Glycosyl transferase family 2
GT2_Glycos_transf_2.hmm PF00535.25   170 KW1-S15_114_cg64_34  -            235   1.6e-23   78.7   0.0   1   1   3.1e-26     2e-23   78.3   0.0     1   120     4   117     4   159 0.92 Glycosyl transferase family 2
GT83.hmm             -            540 KW1-S15_114_cg64_40  -            515   1.4e-28   95.1  50.7   1   1   4.2e-31   1.4e-28   95.1  50.7    83   362   116   404    54   442 0.72 -
GT39.hmm             -            223 KW1-S15_114_cg64_40  -            515   7.3e-19   63.5   5.5   1   1   2.3e-21   7.3e-19   63.5   5.5     7   209    28   258    21   267 0.85 -
GT2_Glycos_transf_2.hmm PF00535.25   170 KW1-S15_114_cg64_65  -            327   6.5e-33  109.2   0.0   1   1     4e-35   8.6e-33  108.8   0.0     1   123     4   127     4   171 0.88 Glycosyl transferase family 2
GT27.hmm                -            295 KW1-S15_114_cg64_65  -            327   6.6e-24   80.0   0.0   1   1   7.7e-21   1.6e-18   62.3   0.0     1   112     4   113     4   121 0.91 -
GT2_Glyco_tranf_2_3.hmm PF13641.5    230 KW1-S15_114_cg64_65  -            327   2.7e-20   68.5   0.1   1   1   1.1e-20   2.2e-18   62.2   0.1     5   214     4   200     3   226 0.84 Glycosyltransferase like family 2
GT2_Glycos_transf_2.hmm PF00535.25   170 KW1-S15_114_cg64_66  -            294   4.7e-25   83.6   0.0   1   1   2.6e-27   8.4e-25   82.8   0.0     1   169     4   171     4   172 0.87 Glycosyl transferase family 2
GT2_Glyco_tranf_2_3.hmm PF13641.5    230 KW1-S15_114_cg64_66  -            294   5.3e-21   70.8   0.0   1   1   2.5e-23   7.9e-21   70.3   0.0     3   228     2   225     1   227 0.85 Glycosyltransferase like family 2
GT2_Glycos_transf_2.hmm PF00535.25   170 KW1-S15_114_cg64_69  -            914   1.2e-27   92.0   0.0   1   1   1.1e-29   2.4e-27   91.1   0.0     3   166    11   178     9   182 0.92 Glycosyl transferase family 2
GT27.hmm                -            295 KW1-S15_114_cg64_69  -            914   4.3e-22   74.0   0.0   1   1   3.3e-24     7e-22   73.3   0.0    13   229    20   224     9   263 0.77 -
GT2_Glyco_tranf_2_3.hmm PF13641.5    230 KW1-S15_114_cg64_69  -            914   7.2e-20   67.1   0.0   1   1   7.2e-22   1.5e-19   66.1   0.0     4   214     8   221     5   231 0.81 Glycosyltransferase like family 2
GT27.hmm                -            295 KW1-S15_114_cg64_70  -            645     6e-23   76.8   0.0   1   1     3e-16   9.8e-14   46.6   0.0     2   116   282   387   281   389 0.80 -
GT2_Glycos_transf_2.hmm PF00535.25   170 KW1-S15_114_cg64_70  -            645   7.7e-17   56.9   0.0   1   1   4.6e-19   1.5e-16   56.0   0.0     1   117   281   391   281   448 0.80 Glycosyl transferase family 2
GT2_Glycos_transf_2.hmm PF00535.25   170 KW1-S15_114_cg64_73  -            984   6.1e-28   93.0   0.0   1   1   5.5e-30   1.2e-27   92.1   0.0     1   167     8   178     8   181 0.82 Glycosyl transferase family 2
GT27.hmm                -            295 KW1-S15_114_cg64_73  -            984   2.2e-20   68.4   0.0   1   1   1.7e-22   3.5e-20   67.8   0.0     1   243     8   239     8   253 0.77 -
GT2_Glyco_tranf_2_3.hmm PF13641.5    230 KW1-S15_114_cg64_73  -            984   2.5e-18   62.1   0.0   1   1   2.1e-20   4.5e-18   61.2   0.0     1   219     5   225     5   239 0.82 Glycosyltransferase like family 2
GT2_Glycos_transf_2.hmm PF00535.25   170 KW1-S15_114_cg64_74  -            360   1.6e-30  101.4   0.0   1   1   1.5e-32   2.4e-30  100.9   0.0     1   165     8   169     8   174 0.88 Glycosyl transferase family 2
GT2_Glyco_tranf_2_3.hmm PF13641.5    230 KW1-S15_114_cg64_74  -            360   6.8e-23   77.0   0.0   1   1   7.6e-25   1.2e-22   76.2   0.0     5   214     8   213     7   225 0.85 Glycosyltransferase like family 2
GT27.hmm                -            295 KW1-S15_114_cg64_74  -            360   8.6e-23   76.3   0.0   1   1     1e-24   1.6e-22   75.4   0.0     1   228     8   215     8   245 0.86 -
GT2_Glyco_tranf_2_2.hmm PF10111.8    276 KW1-S15_114_cg64_74  -            360   2.4e-15   52.0   0.0   1   1   2.2e-17   3.6e-15   51.5   0.0    21   221    27   215     8   246 0.76 Glycosyltransferase like family 2
GT4.hmm              -            160 KW1-S15_114_cg64_79  -            377   2.4e-22   74.6   0.0   1   1   5.5e-25   3.5e-22   74.1   0.0     9   153   198   338   194   342 0.92 -
CE14.hmm             -            124 KW1-S15_114_cg64_138 -            233   7.7e-29   96.3   0.2   1   1     2e-31   1.3e-28   95.5   0.2     1   124     5   110     5   110 0.98 -
GT4.hmm              -            160 KW1-S15_114_cg64_139 -            381   2.2e-39  130.0   0.0   1   1     1e-41   3.3e-39  129.4   0.0     6   157   200   348   196   352 0.97 -
GT5.hmm              -            472 KW1-S15_114_cg64_139 -            381   1.3e-18   62.2   0.0   1   1     1e-18   3.3e-16   54.3   0.0   276   471   162   375   108   376 0.73 -
AA4.hmm              -            522 KW1-S15_114_cg64_170 -            521   1.6e-25   85.0   0.0   1   1   1.1e-25   3.5e-23   77.3   0.0    16   257    48   279    37   290 0.83 -
AA7.hmm              -            458 KW1-S15_114_cg64_170 -            521   5.3e-22   74.3   5.1   1   1   5.9e-24   1.9e-21   72.5   5.1    12   203    81   280    78   283 0.89 -
AA4.hmm              -            522 KW1-S15_114_cg64_171 -            425     7e-16   53.2   0.0   1   1   5.3e-18   3.4e-15   50.9   0.0    53   241    32   210    24   222 0.90 -
GT83.hmm             -            540 KW1-S15_114_cg65_44  -            475   1.1e-67  224.0  51.7   1   1   4.4e-70   1.4e-67  223.7  51.7    11   366    17   375    13   434 0.84 -
GT39.hmm             -            223 KW1-S15_114_cg65_44  -            475   1.1e-16   56.3  12.9   1   1   3.6e-19   1.1e-16   56.3  12.9    43   198    60   217    18   232 0.79 -
GT2_Glycos_transf_2.hmm PF00535.25   170 KW1-S15_114_cg65_48  -            372   4.2e-26   87.1   0.0   1   1   2.3e-28   7.3e-26   86.3   0.0     1    97     6   103     6   119 0.96 Glycosyl transferase family 2
GT2_Glyco_tranf_2_3.hmm PF13641.5    230 KW1-S15_114_cg65_48  -            372     4e-17   58.1   0.0   1   1   3.8e-19   1.2e-16   56.6   0.0     1   127     3   124     3   238 0.75 Glycosyltransferase like family 2
AA5.hmm              -           1281 KW1-S15_114_cg67_10  -            321   4.5e-53  175.4  13.5   1   3   9.6e-22   3.1e-19   63.3   1.4   577   718     1   130     1   133 0.88 -
AA5.hmm              -           1281 KW1-S15_114_cg67_10  -            321   4.5e-53  175.4  13.5   2   3   8.2e-19   2.6e-16   53.6   0.4   807   920   114   220   111   220 0.68 -
AA5.hmm              -           1281 KW1-S15_114_cg67_10  -            321   4.5e-53  175.4  13.5   3   3   5.3e-22   1.7e-19   64.2   0.4   834   920   239   318   238   320 0.76 -
GT2_Glycos_transf_2.hmm PF00535.25   170 KW1-S15_114_cg69_16  -            267   8.2e-25   82.9   0.0   1   1   3.3e-27   1.1e-24   82.5   0.0     1   129    25   145    25   180 0.91 Glycosyl transferase family 2
GT81.hmm                -            293 KW1-S15_114_cg69_16  -            267   4.4e-19   63.7   0.0   1   1   1.6e-21   5.2e-19   63.5   0.0     6   146     4   130     1   172 0.84 -
GT4.hmm              -            160 KW1-S15_114_cg69_19  -            376   4.4e-20   67.3   0.0   1   1     1e-22   6.7e-20   66.7   0.0    12   152   204   344   198   348 0.96 -
GT2_Glycos_transf_2.hmm PF00535.25   170 KW1-S15_114_cg69_25  -            291   2.3e-30  100.9   0.0   1   1     5e-33   3.2e-30  100.5   0.0     1   164     3   151     3   153 0.95 Glycosyl transferase family 2
GT4.hmm              -            160 KW1-S15_114_cg73_6   -            352   2.7e-20   68.0   0.0   1   1   1.5e-22   4.9e-20   67.1   0.0     8   139   172   303   169   317 0.92 -
GT5.hmm              -            472 KW1-S15_114_cg73_6   -            352   1.2e-15   52.4   0.1   1   1   1.3e-15   4.1e-13   44.0   0.0   293   470   174   347   156   349 0.72 -
CE10.hmm             -            341 KW1-S15_114_cg76_8   -            706   1.1e-24   83.0   0.3   1   1   5.7e-27   1.8e-24   82.2   0.3    93   316   446   668   338   686 0.82 -
CE1.hmm              -            227 KW1-S15_114_cg76_8   -            706   6.2e-15   50.8   0.0   1   1   4.8e-17   1.5e-14   49.5   0.0    12   210   444   663   436   677 0.72 -
GT4.hmm              -            160 KW1-S15_114_cg80_11  -            372   1.9e-35  117.2   0.0   1   1   4.9e-38   3.2e-35  116.5   0.0     6   159   190   342   185   343 0.94 -
GT9.hmm              -            225 KW1-S15_114_cg87_26  -            400   1.4e-40  134.9   0.0   1   1   2.8e-43   1.8e-40  134.5   0.0     2   222   106   360   105   363 0.87 -
GT9.hmm              -            225 KW1-S15_114_cg87_29  -            667   4.5e-60  198.6   0.0   1   1   1.3e-62   8.1e-60  197.8   0.0     5   217   397   640   394   647 0.85 -
GT41.hmm             -            705 KW1-S15_114_cg87_45  -            173   3.7e-16   54.0   0.0   1   1   6.8e-19   4.4e-16   53.8   0.0    68   191    39   152    22   167 0.87 -
GT30.hmm             -            177 KW1-S15_114_cg88_30  -            443   1.8e-55  182.5   0.0   1   1   4.6e-58   2.9e-55  181.7   0.0     2   175    33   209    32   210 0.97 -
GT41.hmm             -            705 KW1-S15_114_cg90_5   -            498   3.6e-43  143.3  11.2   1   2   1.3e-17   8.6e-15   49.5   1.8    25   191    90   256    64   256 0.69 -
GT41.hmm             -            705 KW1-S15_114_cg90_5   -            498   3.6e-43  143.3  11.2   2   2     3e-16   1.9e-13   45.1   0.1   122   191   357   426   355   465 0.93 -
AA5.hmm              -           1281 KW1-S15_114_cg90_43  -           2275   2.9e-89  295.3  31.3   1   3     6e-17   1.9e-14   47.5   1.7   835   906  1670  1736  1667  1743 0.90 -
AA5.hmm              -           1281 KW1-S15_114_cg90_43  -           2275   2.9e-89  295.3  31.3   2   3   4.5e-18   1.4e-15   51.2   0.0   603   718  1740  1852  1735  1858 0.81 -
AA5.hmm              -           1281 KW1-S15_114_cg90_43  -           2275   2.9e-89  295.3  31.3   3   3   1.6e-49   5.1e-47  155.4   7.6   625   921  1959  2233  1958  2237 0.91 -
AA5_2.hmm            -            588 KW1-S15_114_cg90_43  -           2275   8.7e-53  175.0   2.2   1   1   3.6e-15   1.1e-12   42.5   0.0   379   481  2135  2232  2119  2247 0.91 -
GH3.hmm              -            216 KW1-S15_114_cg95_17  -            532   2.6e-55  182.6   0.0   1   1   6.2e-58     4e-55  182.0   0.0    11   215    73   289    66   290 0.93 -
AA5.hmm              -           1281 KW1-S15_114_cg96_1   -            802  4.2e-104  344.5  42.7   1   7   2.9e-16   9.3e-14   45.2   0.2   820   912   180   265   161   268 0.81 -
AA5.hmm              -           1281 KW1-S15_114_cg96_1   -            802  4.2e-104  344.5  42.7   2   7   2.6e-18   8.5e-16   52.0   0.3   602   716   263   374   260   383 0.77 -
AA5.hmm              -           1281 KW1-S15_114_cg96_1   -            802  4.2e-104  344.5  42.7   3   7   6.4e-25   2.1e-22   73.9   2.1   574   718   483   622   466   624 0.91 -
AA5.hmm              -           1281 KW1-S15_114_cg96_1   -            802  4.2e-104  344.5  42.7   4   7   1.7e-17   5.4e-15   49.3   0.0   826   921   573   661   569   666 0.89 -
AA5.hmm              -           1281 KW1-S15_114_cg96_1   -            802  4.2e-104  344.5  42.7   5   7   8.9e-21   2.8e-18   60.2   0.4   821   919   616   708   613   708 0.91 -
AA5.hmm              -           1281 KW1-S15_114_cg96_1   -            802  4.2e-104  344.5  42.7   6   7   1.9e-24     6e-22   72.3   1.5   824   922   668   761   663   763 0.94 -
AA5.hmm              -           1281 KW1-S15_114_cg96_1   -            802  4.2e-104  344.5  42.7   7   7   8.2e-16   2.6e-13   43.7   1.2   808   904   705   792   702   799 0.84 -
AA5.hmm              -           1281 KW1-S15_114_cg96_4   -           2277  3.5e-105  348.1  48.5   1   5     7e-20   2.3e-17   57.2   1.6   625   750  1616  1742  1598  1744 0.72 -
AA5.hmm              -           1281 KW1-S15_114_cg96_4   -           2277  3.5e-105  348.1  48.5   2   5   1.7e-22   5.3e-20   65.9   2.2   775   917  1668  1786  1665  1790 0.89 -
AA5.hmm              -           1281 KW1-S15_114_cg96_4   -           2277  3.5e-105  348.1  48.5   3   5   3.1e-46   9.8e-44  144.5   2.3   600   930  1733  2044  1731  2051 0.89 -
AA5.hmm              -           1281 KW1-S15_114_cg96_4   -           2277  3.5e-105  348.1  48.5   4   5   3.2e-20     1e-17   58.3   0.8   760   889  2045  2154  2039  2155 0.85 -
AA5.hmm              -           1281 KW1-S15_114_cg96_4   -           2277  3.5e-105  348.1  48.5   5   5     1e-21   3.3e-19   63.3   2.6   824   921  2143  2235  2139  2239 0.95 -
AA5.hmm              -           1281 KW1-S15_114_cg96_7   -            114   2.8e-15   50.2   0.6   1   1   5.4e-15   3.5e-12   40.0   0.1   860   922    13    75     3    76 0.92 -
GT2_Glycos_transf_2.hmm PF00535.25   170 KW1-S15_114_cg98_4   -            268   4.8e-24   80.4   0.0   1   1   9.8e-27   6.3e-24   80.0   0.0     1   127     6   124     6   155 0.79 Glycosyl transferase family 2
GT2_Glycos_transf_2.hmm PF00535.25   170 KW1-S15_114_cg98_5   -            324   3.1e-27   90.7   0.0   1   1   2.5e-29   5.3e-27   90.0   0.0     1   170     9   189     9   189 0.98 Glycosyl transferase family 2
GT2_Glyco_tranf_2_3.hmm PF13641.5    230 KW1-S15_114_cg98_5   -            324   2.2e-21   72.1   0.0   1   1   1.8e-23   3.8e-21   71.3   0.0     3   215     7   229     5   248 0.81 Glycosyltransferase like family 2
GT27.hmm                -            295 KW1-S15_114_cg98_5   -            324   3.1e-18   61.4   0.0   1   1   1.8e-20   3.8e-18   61.1   0.0     1   236     9   244     9   295 0.79 -
GT4.hmm              -            160 KW1-S15_114_cg98_7   -            377   3.4e-24   80.6   0.0   1   1   8.8e-27   5.6e-24   79.9   0.0    11   159   198   346   190   347 0.93 -
GT19.hmm             -            354 KW1-S15_114_cg98_8   -            381  1.6e-109  361.0   0.0   1   1  2.9e-112  1.9e-109  360.8   0.0     1   350     6   350     6   354 0.96 -
GT83.hmm             -            540 KW1-S15_114_cg98_11  -            608   5.6e-15   50.1  50.1   1   1   8.8e-18   5.6e-15   50.1  50.1    84   369   160   495   157   511 0.71 -
GT83.hmm             -            540 KW1-S15_114_cg103_4  -            679   4.9e-18   60.2  42.3   1   1     1e-20   6.7e-18   59.8  42.3     9   359    16   392     8   437 0.70 -
GT1.hmm              -            382 KW1-S15_114_cg109_11 -            424   5.4e-60  199.2  21.4   1   1   1.3e-62   8.6e-60  198.5  21.4     4   380     8   417     5   418 0.90 -
AA5.hmm              -           1281 KW1-S15_114_cg109_19 -            403   9.2e-41  134.7  13.0   1   2   2.4e-19   7.7e-17   55.4   1.0   781   920   160   294   152   295 0.80 -
AA5.hmm              -           1281 KW1-S15_114_cg109_19 -            403   9.2e-41  134.7  13.0   2   2   3.3e-20   1.1e-17   58.3   1.7   807   905   289   381   277   391 0.87 -
AA5.hmm              -           1281 KW1-S15_114_cg110_6  -            580     6e-76  251.2   9.6   1   1     1e-77   2.2e-75  249.3   8.9   560  1026   124   578   113   579 0.87 -
AA5_2.hmm            -            588 KW1-S15_114_cg110_6  -            580   1.3e-44  148.0   0.0   1   1     1e-37   2.1e-35  117.6   0.0   385   588   373   576   357   576 0.89 -
AA5_1.hmm            -            563 KW1-S15_114_cg110_6  -            580   1.5e-27   91.3   0.1   1   1   6.2e-21   1.3e-18   61.7   0.0   314   541   377   576   364   578 0.77 -
GT2_Glycos_transf_2.hmm PF00535.25   170 KW1-S15_114_cg114_3  -            231   1.1e-36  121.5   0.1   1   1   4.4e-39   1.4e-36  121.2   0.1     1   167     4   167     4   170 0.94 Glycosyl transferase family 2
GT81.hmm                -            293 KW1-S15_114_cg114_3  -            231   3.5e-18   60.8   0.1   1   1   1.9e-20   6.1e-18   60.0   0.1    22   138     2   109     1   118 0.89 -
GT87.hmm             -            231 KW1-S15_114_cg116_2  -            419   2.1e-16   55.6  15.1   1   1   3.3e-19   2.1e-16   55.6  15.1     2   184    53   247    52   255 0.80 -
GT76.hmm             -            407 KW1-S15_114_cg124_32 -            396   9.2e-22   72.8  10.4   1   1   1.4e-24   9.2e-22   72.8  10.4     4   231    27   247    24   254 0.85 -
GT41.hmm             -            705 KW1-S15_114_cg124_60 -            349     4e-43  143.2   5.2   1   2   2.5e-20   1.6e-17   58.6   0.0    53   207    32   168    20   175 0.81 -
GT41.hmm             -            705 KW1-S15_114_cg124_60 -            349     4e-43  143.2   5.2   2   2     2e-19   1.3e-16   55.6   0.2    88   191   237   330   231   340 0.82 -
AA4.hmm              -            522 KW1-S15_114_cg124_64 -            483   1.2e-42  141.5   0.0   1   1   2.5e-38     8e-36  119.0   0.0    15   245    11   239     2   258 0.83 -
AA7.hmm              -            458 KW1-S15_114_cg124_64 -            483   1.4e-18   63.0   1.6   1   1   6.5e-20   2.1e-17   59.2   1.6    11   203    44   251    38   255 0.90 -
GT2_Glycos_transf_2.hmm PF00535.25   170 KW1-S15_114_cg126_23 -            430   1.1e-22   76.0   0.0   1   1   8.9e-25   2.8e-22   74.6   0.0     1   168     4   162     4   164 0.89 Glycosyl transferase family 2
GT81.hmm                -            293 KW1-S15_114_cg126_23 -            430   5.5e-15   50.3   0.0   1   1   2.4e-17   7.6e-15   49.8   0.0    22   119     2    88     1   101 0.88 -
GT9.hmm              -            225 KW1-S15_114_cg126_42 -            386   1.5e-43  144.6   0.0   1   1     3e-46   1.9e-43  144.2   0.0     2   222   107   361   106   364 0.87 -
CBM51.hmm            -            134 KW1-S15_114_cg132_34 -            412   8.6e-32  105.4   0.0   1   1     2e-34   1.3e-31  104.8   0.0     2   133   268   408   267   409 0.90 -
GT28.hmm             -            157 KW1-S15_114_cg132_44 -            396   1.3e-46  153.5   0.0   1   1   2.7e-49   1.7e-46  153.1   0.0     1   157   191   351   191   351 0.94 -
AA5.hmm              -           1281 KW1-S15_114_cg139_10 -            329   1.3e-20   67.9   8.1   1   1   2.9e-21   9.1e-19   61.8   3.9   699   886    70   244    54   245 0.84 -
GT2_Glycos_transf_2.hmm PF00535.25   170 KW1-S15_114_cg143_9  -            327   1.6e-35  117.7   0.0   1   1     4e-38   2.5e-35  117.1   0.0     1   128    21   149    21   183 0.89 Glycosyl transferase family 2
GT4.hmm              -            160 KW1-S15_114_cg143_10 -            613   4.7e-34  112.7   0.0   1   1   2.4e-36   7.6e-34  112.0   0.0     6   159   212   358   207   359 0.96 -
GT5.hmm              -            472 KW1-S15_114_cg143_10 -            613   1.4e-16   55.5   0.0   1   1   8.3e-19   2.6e-16   54.6   0.0   281   452   206   361   170   383 0.84 -
GT2_Glycos_transf_2.hmm PF00535.25   170 KW1-S15_114_cg151_34 -            242   4.9e-22   73.8   0.0   1   1   1.1e-24   6.8e-22   73.4   0.0     3   165    10   164     9   168 0.91 Glycosyl transferase family 2
GT2_Glycos_transf_2.hmm PF00535.25   170 KW1-S15_114_cg156_3  -            291   1.8e-33  111.0   0.0   1   1   1.1e-35   2.4e-33  110.6   0.0     1   169     8   167     8   168 0.97 Glycosyl transferase family 2
GT2_Glyco_tranf_2_2.hmm PF10111.8    276 KW1-S15_114_cg156_3  -            291   1.1e-18   63.0   0.0   1   1   5.9e-21   1.3e-18   62.8   0.0    16   221    21   208     8   222 0.87 Glycosyltransferase like family 2
GT2_Glyco_tranf_2_3.hmm PF13641.5    230 KW1-S15_114_cg156_3  -            291     3e-18   61.8   0.0   1   1   2.3e-20   4.9e-18   61.1   0.0     2   197     6   189     5   205 0.85 Glycosyltransferase like family 2
GH39.hmm             -            431 KW1-S15_114_cg156_5  -            540   1.8e-22   75.1   0.0   1   1   4.2e-25   2.7e-22   74.6   0.0    63   226   137   327   121   495 0.86 -
GT4.hmm              -            160 KW1-S15_114_cg157_7  -            387   7.9e-28   92.4   0.0   1   1   1.8e-30   1.1e-27   91.9   0.0     7   159   193   352   188   353 0.95 -
CE10.hmm             -            341 KW1-S15_114_cg159_3  -            388   1.6e-41  138.3   0.1   1   1     3e-44   1.9e-41  138.1   0.1    42   337   102   386    57   387 0.78 -
GT19.hmm             -            354 KW1-S15_114_cg163_3  -            395   8.3e-95  312.7   0.0   1   1   1.5e-97   9.9e-95  312.4   0.0     1   350    16   365    16   369 0.95 -
GT4.hmm              -            160 KW1-S15_114_cg165_12 -            357   1.8e-32  107.5   0.0   1   1   4.4e-35   2.8e-32  106.9   0.0     7   159   173   327   168   328 0.96 -
GT83.hmm             -            540 KW1-S15_114_cg165_14 -            524   7.7e-16   53.0  35.2   1   1   1.2e-18   7.7e-16   53.0  35.2    65   366    79   420    76   453 0.75 -
PL12_3.hmm           -            144 KW1-S15_114_cg165_17 -            580   2.2e-30  100.9   0.2   1   1   1.1e-32   3.5e-30  100.2   0.2    10   144   358   490   351   490 0.91 -
PL12.hmm             -            138 KW1-S15_114_cg165_17 -            580   4.3e-26   87.2   0.1   1   1   2.1e-28   6.8e-26   86.5   0.1     2   137   352   490   351   491 0.94 -
GT2_Glycos_transf_2.hmm PF00535.25   170 KW1-S15_114_cg165_20 -            251   9.9e-24   79.3   0.0   1   1   6.2e-26     4e-23   77.4   0.0     1   156     6   152     6   165 0.84 Glycosyl transferase family 2
GT4.hmm              -            160 KW1-S15_114_cg165_23 -            380   1.8e-25   84.8   0.0   1   1   4.3e-28   2.7e-25   84.2   0.0     9   143   189   323   184   340 0.86 -
GT4.hmm              -            160 KW1-S15_114_cg165_25 -            383   5.3e-37  122.3   0.0   1   1   3.4e-39   1.1e-36  121.2   0.0     6   158   196   348   193   350 0.97 -
GT5.hmm              -            472 KW1-S15_114_cg165_25 -            383   3.2e-23   77.4   0.0   1   1   1.4e-24   4.6e-22   73.6   0.0   290   471   197   374   164   375 0.88 -
GT2_Glycos_transf_2.hmm PF00535.25   170 KW1-S15_114_cg169_74 -            248   5.1e-19   64.0   0.0   1   1   1.1e-21     7e-19   63.6   0.0     1   129     8   136     8   211 0.86 Glycosyl transferase family 2
CE14.hmm             -            124 KW1-S15_114_cg169_110 -            778   3.4e-24   81.3   0.1   1   1   1.2e-26   7.5e-24   80.2   0.1     3   122    47   166    45   168 0.86 -
GT83.hmm             -            540 KW1-S15_114_cg173_13 -            595   9.3e-16   52.7  51.2   1   1   5.9e-18   3.8e-15   50.7  49.6     7   358    27   462    23   497 0.77 -
GT2_Glycos_transf_2.hmm PF00535.25   170 KW1-S15_114_cg174_10 -            211   3.9e-20   67.6   0.0   1   1   7.9e-23     5e-20   67.3   0.0     1   122     3   111     3   150 0.87 Glycosyl transferase family 2
GT41.hmm             -            705 KW1-S15_114_cg175_23 -            422   1.2e-26   88.7  19.7   1   1   8.4e-15   5.4e-12   40.3   1.3    65   191   179   310   176   311 0.85 -
GT41.hmm             -            705 KW1-S15_114_cg177_8  -           1264   6.1e-53  175.6   7.0   1   2   2.4e-15   1.5e-12   42.1   0.0    96   191   842   927   822   927 0.78 -
GT41.hmm             -            705 KW1-S15_114_cg177_8  -           1264   6.1e-53  175.6   7.0   2   2   2.8e-15   1.8e-12   41.9   0.1    56   185  1006  1125   997  1137 0.88 -
AA5.hmm              -           1281 KW1-S15_114_cg183_3  -            863   4.6e-73  241.7  27.1   1   3     1e-31   3.3e-29   96.4   5.9   626   882   169   416   168   421 0.81 -
AA5.hmm              -           1281 KW1-S15_114_cg183_3  -            863   4.6e-73  241.7  27.1   2   3   2.8e-19   8.8e-17   55.2   0.3   625   715   524   613   523   621 0.91 -
AA5.hmm              -           1281 KW1-S15_114_cg183_3  -            863   4.6e-73  241.7  27.1   3   3   1.4e-27   4.6e-25   82.7   0.7   772   931   623   773   618   798 0.87 -
AA5_2.hmm            -            588 KW1-S15_114_cg183_3  -            863     6e-36  119.4   7.9   1   1   2.3e-15   7.3e-13   43.2   0.1   192   439   173   410   168   442 0.82 -
GT41.hmm             -            705 KW1-S15_114_cg183_16 -            366   1.4e-16   55.4   0.1   1   1   5.1e-19   3.3e-16   54.2   0.1    64   191   150   267    63   357 0.65 -
GH137.hmm            -            340 KW1-S15_114_cg185_75 -            692   1.1e-18   62.7   0.0   1   1   8.3e-17   1.1e-14   49.7   0.0   131   305   428   596   414   610 0.87 -
AA5.hmm              -           1281 KW1-S15_114_cg185_78 -            608   1.6e-18   61.0   2.5   1   1   2.5e-21   1.6e-18   61.0   2.5   770   905   154   277   130   304 0.87 -
AA5.hmm              -           1281 KW1-S15_114_cg186_1  -            419   2.4e-42  139.9  11.6   1   2     2e-17   6.3e-15   49.1   0.5   822   920   209   308   173   313 0.85 -
AA5.hmm              -           1281 KW1-S15_114_cg186_1  -            419   2.4e-42  139.9  11.6   2   2   2.5e-24     8e-22   71.9   0.7   817   921   309   416   290   417 0.91 -
CBM44.hmm            -             64 KW1-S15_114_cg187_12 -            940   8.9e-15   50.0   5.8   1   1   1.4e-17   8.9e-15   50.0   5.8     7    63   618   672   615   673 0.91 -
GH137.hmm            -            340 KW1-S15_114_cg192_1  -            997   3.9e-16   54.4   0.0   1   1   3.6e-17   7.7e-15   50.1   0.0   135   290   736   884   721   893 0.85 -
GT2_Glycos_transf_2.hmm PF00535.25   170 KW1-S15_114_cg197_10 -           1763   7.8e-37  122.0   0.4   1   2   2.4e-18   7.6e-16   53.7   0.1     2   128    20   156    19   183 0.89 Glycosyl transferase family 2
GT2_Glycos_transf_2.hmm PF00535.25   170 KW1-S15_114_cg197_10 -           1763   7.8e-37  122.0   0.4   2   2   4.5e-18   1.4e-15   52.8   0.0     8   132  1537  1665  1530  1703 0.84 Glycosyl transferase family 2
CE4.hmm              -            130 KW1-S15_114_cg197_11 -            308     8e-23   76.4   0.0   1   1   9.7e-25   6.2e-22   73.5   0.0     4   124    69   267    66   272 0.82 -
GT2_Glycos_transf_2.hmm PF00535.25   170 KW1-S15_114_cg205_14 -            255   5.1e-22   73.8   0.0   1   1   1.1e-24   7.1e-22   73.3   0.0     1   148     7   140     7   160 0.73 Glycosyl transferase family 2
GT4.hmm              -            160 KW1-S15_114_cg205_17 -            367   7.5e-33  108.8   0.0   1   1   1.7e-35   1.1e-32  108.3   0.0     9   157   187   333   182   337 0.95 -
GT4.hmm              -            160 KW1-S15_114_cg205_18 -            397     1e-28   95.4   0.0   1   1   5.6e-31   1.8e-28   94.5   0.0    11   160   204   346   198   346 0.96 -
GT5.hmm              -            472 KW1-S15_114_cg205_18 -            397   6.7e-17   56.5   0.0   1   1   4.3e-19   1.4e-16   55.5   0.0   240   471   168   369   144   370 0.78 -
GT4.hmm              -            160 KW1-S15_114_cg205_19 -            369   1.4e-39  130.7   0.0   1   1   9.3e-42     3e-39  129.6   0.0     7   157   185   333   180   336 0.96 -
GT5.hmm              -            472 KW1-S15_114_cg205_19 -            369   9.3e-20   65.9   0.0   1   1   4.1e-22   1.3e-19   65.5   0.0   278   471   175   360   160   361 0.87 -
GT4.hmm              -            160 KW1-S15_114_cg205_20 -            379   1.1e-36  121.2   0.0   1   1   5.4e-39   1.7e-36  120.6   0.0     8   159   191   340   185   341 0.97 -
GT5.hmm              -            472 KW1-S15_114_cg205_20 -            379   1.1e-17   59.1   0.0   1   1   2.7e-19   8.8e-17   56.1   0.0   282   472   184   366   175   366 0.83 -
GT9.hmm              -            225 KW1-S15_114_cg205_27 -            355   5.7e-55  181.9   0.0   1   1   1.2e-57   7.6e-55  181.5   0.0     4   217    75   314    72   320 0.90 -
#
# Program:         hmmscan
# Version:         3.3.1 (Jul 2020)
# Pipeline mode:   SCAN
# Query file:      /beegfs/home/lxd/2_sea_metagenomics/6.metabat2/bins_redup_refinem_drep/derep_70_10/derepbins_prodigal/KW1-S15_114.proteins.faa
# Target file:     /beegfs/home/lxd/4_salt_metagenomics/tools/CAZy/dbCAN-HMMdb-V8.txt
# Option settings: hmmscan --tblout KW1-S15_114.tbl --domtblout KW1-S15_114_dom.tbl --acc --noali --notextw -E 1e-14 --domE 1e-14 --cpu 30 /beegfs/home/lxd/4_salt_metagenomics/tools/CAZy/dbCAN-HMMdb-V8.txt /beegfs/home/lxd/2_sea_metagenomics/6.metabat2/bins_redup_refinem_drep/derep_70_10/derepbins_prodigal/KW1-S15_114.proteins.faa 
# Current dir:     /beegfs/home/lxd/2_sea_metagenomics/6.metabat2/bins_redup_refinem_drep/derep_70_10/derepbins_cazy
# Date:            Thu Mar  4 15:31:40 2021
# [ok]
