#                                                                            --- full sequence --- -------------- this domain -------------   hmm coord   ali coord   env coord
# target name        accession   tlen query name           accession   qlen   E-value  score  bias   #  of  c-Evalue  i-Evalue  score  bias  from    to  from    to  from    to  acc description of target
#------------------- ---------- ----- -------------------- ---------- ----- --------- ------ ----- --- --- --------- --------- ------ ----- ----- ----- ----- ----- ----- ----- ---- ---------------------
GH113.hmm            -            306 KW1-S21_85_cg12_1    -            670   1.5e-90  298.6   0.0   1   1   1.4e-92   9.2e-90  296.0   0.0     3   305   362   659   360   660 0.95 -
GT5.hmm              -            472 KW1-S21_85_cg21_4    -            117   4.9e-28   93.2   0.0   1   1   8.5e-31   5.4e-28   93.1   0.0     1   108    10   117    10   117 0.91 -
CE9.hmm              -            373 KW1-S21_85_cg32_4    -            396  3.8e-132  435.6   2.7   1   1  6.6e-135  4.2e-132  435.4   2.7     3   373     9   391     7   391 0.97 -
GH15.hmm             -            361 KW1-S21_85_cg44_1    -            612   1.5e-85  282.8   0.2   1   1   3.1e-88     2e-85  282.4   0.2     2   360   226   600   225   601 0.89 -
GT4.hmm              -            160 KW1-S21_85_cg52_10   -            376   2.7e-41  136.2   0.0   1   1   1.2e-43     4e-41  135.7   0.0     6   159   193   343   189   344 0.97 -
GT5.hmm              -            472 KW1-S21_85_cg52_10   -            376   4.5e-21   70.3   0.0   1   1   2.4e-20   7.7e-18   59.6   0.0   290   471   194   368   186   369 0.85 -
GT41.hmm             -            705 KW1-S21_85_cg64_8    -            760   2.5e-93  309.1  26.6   1   2   1.1e-16   7.1e-14   46.5   0.0   119   191    48   121    46   122 0.95 -
GT41.hmm             -            705 KW1-S21_85_cg64_8    -            760   2.5e-93  309.1  26.6   2   2   1.3e-18   8.6e-16   52.8   0.1    87   191   571   665   565   668 0.93 -
GT51.hmm             -            177 KW1-S21_85_cg65_4    -            685   1.4e-63  208.9   0.0   1   1   3.6e-66   2.3e-63  208.2   0.0     1   177    55   231    55   231 0.99 -
CE9.hmm              -            373 KW1-S21_85_cg78_3    -            389  4.4e-129  425.5   0.3   1   1  7.6e-132  4.9e-129  425.4   0.3     6   373    11   384     6   384 0.96 -
CBM9.hmm             -            182 KW1-S21_85_cg81_6    -            682   4.8e-21   71.0   0.0   1   1   1.5e-23   9.5e-21   70.0   0.0     1   146    38   193    38   197 0.87 -
CE14.hmm             -            124 KW1-S21_85_cg89_2    -            268   3.9e-19   64.9   0.3   1   1     1e-21   6.5e-19   64.2   0.3     1   117    14   118    14   125 0.93 -
GT2_Glycos_transf_2.hmm PF00535.25   170 KW1-S21_85_cg98_12   -            213     8e-24   79.6   0.0   1   1   1.9e-26   1.2e-23   79.0   0.0    30   167     2   138     1   141 0.89 Glycosyl transferase family 2
GT2_Glycos_transf_2.hmm PF00535.25   170 KW1-S21_85_cg102_2   -            306   1.9e-21   71.9   0.0   1   1   8.3e-24   2.7e-21   71.4   0.0     2   168    75   231    74   233 0.85 Glycosyl transferase family 2
GT81.hmm                -            293 KW1-S21_85_cg102_2   -            306   5.5e-17   56.9   0.0   1   1   2.4e-19   7.6e-17   56.4   0.0    24   132    74   167    57   181 0.84 -
GH109.hmm            -            126 KW1-S21_85_cg106_4   -            454   9.1e-22   73.1   0.3   1   1   2.7e-24   1.7e-21   72.2   0.3     1   123    48   162    48   165 0.94 -
GT28.hmm             -            157 KW1-S21_85_cg109_3   -            361   3.9e-54  177.9   0.6   1   1   8.2e-57   5.2e-54  177.5   0.1     2   157   181   342   180   342 0.97 -
AA3.hmm              -            618 KW1-S21_85_cg113_2   -            565   1.5e-55  184.0   0.0   1   1   1.1e-57   1.8e-55  183.7   0.0    85   403     5   561     1   563 0.75 -
AA3_2.hmm            -            568 KW1-S21_85_cg113_2   -            565   2.3e-24   81.3   0.2   1   1   1.2e-15   1.9e-13   45.2   0.0     3   278    10   309     9   311 0.71 -
AA3_4.hmm            -            549 KW1-S21_85_cg113_2   -            565     1e-22   75.8   0.0   1   1   2.9e-19   4.7e-17   57.2   0.0   406   547   418   557   404   559 0.94 -
GH23.hmm             -            135 KW1-S21_85_cg115_1   -            172   2.6e-29   97.7   1.7   1   1   5.2e-32   3.4e-29   97.4   1.7    14   122    16   143     3   151 0.90 -
CE10.hmm             -            341 KW1-S21_85_cg115_7   -            677   7.4e-26   86.8   0.1   1   1   7.1e-28   1.1e-25   86.2   0.1    86   317   440   660   368   674 0.82 -
CE1.hmm              -            227 KW1-S21_85_cg115_7   -            677   1.7e-16   56.0   0.3   1   1   2.1e-18   3.4e-16   54.9   0.3    11   210   437   660   430   673 0.72 -
CE7.hmm              -            313 KW1-S21_85_cg115_7   -            677   5.6e-16   53.6   0.0   1   1     3e-16   4.8e-14   47.2   0.0    61   306   428   660   421   666 0.82 -
GH15.hmm             -            361 KW1-S21_85_cg130_5   -            100   1.7e-18   62.2   0.1   1   1   2.9e-21   1.9e-18   62.1   0.1   273   360     1    88     1    89 0.90 -
CBM9.hmm             -            182 KW1-S21_85_cg133_4   -            248   9.3e-26   86.3   0.0   1   1   1.7e-28   1.1e-25   86.1   0.0     4   181    48   244    45   245 0.88 -
GT41.hmm             -            705 KW1-S21_85_cg148_10  -            274   1.8e-17   58.4   1.1   1   1   1.7e-16   1.1e-13   45.9   0.1   101   191    17   104     1   188 0.75 -
GT9.hmm              -            225 KW1-S21_85_cg173_3   -            345   2.5e-52  173.3   0.0   1   1   6.1e-55   3.9e-52  172.7   0.0     7   207    84   310    78   329 0.83 -
GH77.hmm             -            494 KW1-S21_85_cg175_1   -            259   6.1e-52  172.3   0.0   1   1   1.1e-54   7.2e-52  172.0   0.0   259   489     2   254     1   257 0.86 -
GH13_9.hmm           -            301 KW1-S21_85_cg175_2   -            653    3e-159  524.3   0.5   1   1  5.7e-161    4e-159  523.9   0.5     1   301   197   497   197   497 1.00 -
GH13_8.hmm           -            293 KW1-S21_85_cg175_2   -            653   4.8e-46  152.5   0.6   1   1     1e-47   7.1e-46  152.0   0.6     1   244   220   459   220   472 0.86 -
GH13_10.hmm          -            313 KW1-S21_85_cg175_2   -            653   1.3e-35  118.6   0.3   1   1   1.2e-36   8.7e-35  115.8   0.1     6   211   187   416   184   457 0.76 -
GH13.hmm             -            299 KW1-S21_85_cg175_2   -            653   8.9e-30  100.2  11.0   1   1   1.3e-31   8.9e-30  100.2  11.0    23   294   197   502   138   507 0.68 -
GH13_3.hmm           -            210 KW1-S21_85_cg175_2   -            653     2e-27   91.3   0.1   1   1   5.6e-29     4e-27   90.3   0.1     6   209   197   416   192   417 0.91 -
GH13_11.hmm          -            351 KW1-S21_85_cg175_2   -            653   4.1e-22   74.2   0.1   1   1   8.5e-24     6e-22   73.6   0.1     3   170   187   333   185   390 0.88 -
GH13_14.hmm          -            289 KW1-S21_85_cg175_2   -            653   2.6e-20   68.2   0.1   1   1   5.7e-22   4.1e-20   67.5   0.1     2   152   197   331   196   336 0.92 -
CBM48.hmm            -             76 KW1-S21_85_cg175_2   -            653   3.3e-18   61.4   0.1   1   1   1.2e-19   8.3e-18   60.1   0.1     2    72    42   130    41   134 0.83 -
CBM48.hmm            -             76 KW1-S21_85_cg175_3   -            147   3.2e-16   55.0   0.1   1   1   8.6e-19   5.5e-16   54.3   0.1     2    71     4    83     3    88 0.84 -
GT2_Glyco_tranf_2_3.hmm PF13641.5    230 KW1-S21_85_cg184_1   -            496   2.2e-32  108.1   0.0   1   1   1.8e-34   2.9e-32  107.7   0.0     1   228    87   315    87   317 0.93 Glycosyltransferase like family 2
GT2_Glyco_trans_2_3.hmm PF13632.5    197 KW1-S21_85_cg184_1   -            496   8.2e-28   92.9   1.1   1   1   1.1e-29   1.8e-27   91.8   1.1     2   195   177   362   176   427 0.82 Glycosyl transferase family group 2
GT2_Glycos_transf_2.hmm PF00535.25   170 KW1-S21_85_cg184_1   -            496   2.8e-27   90.9   0.0   1   1   2.6e-29   4.2e-27   90.3   0.0     3   164    92   257    90   262 0.82 Glycosyl transferase family 2
GT21.hmm                -            233 KW1-S21_85_cg184_1   -            496   1.1e-17   59.6   0.0   1   1   9.5e-20   1.5e-17   59.2   0.0     1   231    87   316    87   317 0.94 -
GH3.hmm              -            216 KW1-S21_85_cg188_3   -            367     3e-47  156.3   0.0   1   1   6.7e-50   4.3e-47  155.7   0.0    11   215    66   285    58   286 0.93 -
GT20.hmm             -            475 KW1-S21_85_cg194_1   -            499  6.1e-151  498.4   0.0   1   1  1.2e-153  7.4e-151  498.1   0.0    13   473    17   483     8   485 0.94 -
GT2_Glyco_tranf_2_3.hmm PF13641.5    230 KW1-S21_85_cg197_3   -            475   4.7e-29   97.2   1.9   1   1   9.5e-23     2e-20   68.9   0.2    65   229   142   325   135   326 0.86 Glycosyltransferase like family 2
GT2_Glycos_transf_2.hmm PF00535.25   170 KW1-S21_85_cg197_3   -            475   3.2e-23   77.7   0.0   1   1   7.8e-25   1.7e-22   75.3   0.0     1   169    62   266    62   267 0.80 Glycosyl transferase family 2
GT2_Glyco_trans_2_3.hmm PF13632.5    197 KW1-S21_85_cg197_3   -            475   2.9e-17   58.5   8.9   1   1   1.4e-19   2.9e-17   58.5   8.9     1   179   165   397   165   444 0.68 Glycosyl transferase family group 2
GT4.hmm              -            160 KW1-S21_85_cg198_2   -            429   4.7e-28   93.2   0.0   1   1   1.3e-30   8.4e-28   92.4   0.0     4   158   236   398   233   400 0.93 -
AA7.hmm              -            458 KW1-S21_85_cg200_1   -            192   3.5e-16   55.2   0.4   1   1   6.7e-19   4.3e-16   54.9   0.4    13   149    45   184    40   192 0.91 -
CE15.hmm             -            269 KW1-S21_85_cg207_3   -            441    6e-105  345.8   0.0   1   1  1.2e-107  7.5e-105  345.5   0.0     1   268    48   437    48   438 0.99 -
GH33.hmm             -            342 KW1-S21_85_cg216_3   -            337   6.9e-35  116.2   0.3   1   1   2.7e-37   8.6e-35  115.9   0.3    15   325    32   318    21   330 0.85 -
GH109.hmm            -            126 KW1-S21_85_cg228_1   -            423   7.9e-22   73.3   1.1   1   1   4.8e-24     3e-21   71.4   1.4     2   117    39   147    38   155 0.87 -
GH109.hmm            -            126 KW1-S21_85_cg240_5   -            375   1.1e-15   53.5   0.0   1   1   2.8e-18   1.8e-15   52.8   0.0     4   123    46   161    44   164 0.82 -
GH109.hmm            -            126 KW1-S21_85_cg244_5   -            342   5.1e-16   54.5   0.3   1   1   3.5e-18   2.3e-15   52.4   0.3     1   119    26   132    26   137 0.89 -
GH38.hmm             -            269 KW1-S21_85_cg247_1   -            621   9.8e-21   69.7   0.0   1   1   2.1e-23   1.4e-20   69.3   0.0     2   259   321   590   320   599 0.86 -
GT9.hmm              -            225 KW1-S21_85_cg249_2   -            367   8.4e-66  217.4   0.1   1   1   1.8e-68   1.1e-65  217.0   0.1     3   223    82   334    80   336 0.88 -
GT30.hmm             -            177 KW1-S21_85_cg249_4   -            445   2.7e-59  194.9   0.1   1   1   1.4e-61   9.2e-59  193.2   0.1     2   176    32   212    31   213 0.97 -
GT2_Glycos_transf_2.hmm PF00535.25   170 KW1-S21_85_cg250_6   -            376   1.3e-31  105.0   0.0   1   1   9.2e-34     2e-31  104.4   0.0     1   164     3   168     3   172 0.88 Glycosyl transferase family 2
GT27.hmm                -            295 KW1-S21_85_cg250_6   -            376   1.4e-15   52.7   0.0   1   1   1.9e-17   4.1e-15   51.1   0.0     1   116     3   116     3   118 0.86 -
GT2_Glyco_tranf_2_3.hmm PF13641.5    230 KW1-S21_85_cg250_6   -            376     3e-15   52.0   0.0   1   1     2e-17   4.3e-15   51.5   0.0     4   172     2   170     1   185 0.83 Glycosyltransferase like family 2
GT4.hmm              -            160 KW1-S21_85_cg251_2   -            377   6.2e-31  102.5   0.0   1   1   3.1e-33   9.9e-31  101.9   0.0     7   155   193   339   187   344 0.93 -
GT5.hmm              -            472 KW1-S21_85_cg251_2   -            377   1.1e-23   78.9   0.0   1   1   3.1e-24   9.9e-22   72.4   0.0   275   471   180   368   160   369 0.88 -
GT4.hmm              -            160 KW1-S21_85_cg252_2   -            478   3.2e-29   97.0   0.0   1   1   7.7e-32   4.9e-29   96.4   0.0     4   159   231   391   228   392 0.87 -
GT41.hmm             -            705 KW1-S21_85_cg257_2   -            460   7.1e-34  112.6  12.9   1   1   5.4e-15   3.4e-12   40.9   0.4    29   191   245   397   229   435 0.70 -
GH109.hmm            -            126 KW1-S21_85_cg260_3   -            412   2.2e-16   55.7   0.1   1   1   7.5e-19   4.8e-16   54.6   0.1     3   119    42   149    40   156 0.88 -
GT41.hmm             -            705 KW1-S21_85_cg271_1   -            322   9.1e-20   66.0  13.2   1   1   2.9e-17   1.9e-14   48.4   7.1    66   191    88   205    58   207 0.81 -
GT2_Glycos_transf_2.hmm PF00535.25   170 KW1-S21_85_cg280_6   -            238   1.3e-23   79.0   0.0   1   1   5.1e-26   1.6e-23   78.6   0.0     1   168     5   157     5   159 0.89 Glycosyl transferase family 2
GT2_Glyco_tranf_2_3.hmm PF13641.5    230 KW1-S21_85_cg280_6   -            238   3.7e-16   55.0   0.0   1   1   2.8e-18   8.9e-16   53.7   0.0     4   201     4   183     2   208 0.87 Glycosyltransferase like family 2
CE6.hmm              -             99 KW1-S21_85_cg284_2   -            464   3.7e-20   67.3   0.0   1   1   1.1e-22   6.9e-20   66.4   0.0     1    98   221   315   221   316 0.93 -
GH109.hmm            -            126 KW1-S21_85_cg303_3   -            443   1.4e-17   59.5   0.0   1   1   4.3e-20   2.8e-17   58.6   0.0     3   122    40   151    38   154 0.92 -
GT4.hmm              -            160 KW1-S21_85_cg307_6   -            402   2.9e-20   67.8   0.0   1   1   7.4e-23   4.7e-20   67.2   0.0     7   159   213   370   209   371 0.91 -
CE1.hmm              -            227 KW1-S21_85_cg310_2   -            288   2.3e-33  111.1   0.0   1   1     1e-35   3.3e-33  110.6   0.0     5   208    62   266    59   281 0.77 -
CE10.hmm             -            341 KW1-S21_85_cg310_2   -            288   2.2e-17   59.0   0.1   1   1   1.1e-19   3.5e-17   58.3   0.1    71   309    58   266    38   277 0.78 -
GT41.hmm             -            705 KW1-S21_85_cg318_1   -            319   2.8e-20   67.7  10.7   1   1   6.8e-18   4.4e-15   50.5   4.6    57   191   118   244    92   247 0.82 -
GH109.hmm            -            126 KW1-S21_85_cg326_3   -            372   5.8e-17   57.6   0.8   1   1   3.2e-19     2e-16   55.8   0.8     1   126     4   120     4   120 0.90 -
GT83.hmm             -            540 KW1-S21_85_cg329_3   -            579  1.5e-119  395.3  51.2   1   1  2.8e-122  1.8e-119  395.0  51.2    11   485     2   488     1   506 0.87 -
GT2_Glycos_transf_2.hmm PF00535.25   170 KW1-S21_85_cg329_4   -            266     4e-30  100.1   0.0   1   1   8.9e-33   5.7e-30   99.6   0.0     1   141     6   139     6   167 0.82 Glycosyl transferase family 2
AA3.hmm              -            618 KW1-S21_85_cg331_2   -            538   1.8e-52  173.8   0.0   1   1   1.7e-54   2.2e-52  173.5   0.0    85   401     3   533     1   536 0.77 -
AA3_2.hmm            -            568 KW1-S21_85_cg331_2   -            538   1.2e-27   92.1   0.0   1   2   1.6e-15   2.1e-13   45.1   0.0     4   280     9   289     7   321 0.81 -
AA3_2.hmm            -            568 KW1-S21_85_cg331_2   -            538   1.2e-27   92.1   0.0   2   2     2e-15   2.6e-13   44.8   0.0   500   566   464   530   432   532 0.92 -
AA3.hmm              -            618 KW1-S21_85_cg331_3   -            536   5.8e-54  178.7   0.0   1   1   4.3e-56   6.8e-54  178.5   0.0    86   402     2   532     1   534 0.79 -
AA3_2.hmm            -            568 KW1-S21_85_cg331_3   -            536     9e-28   92.5   0.0   1   1   1.9e-16     3e-14   47.9   0.0     3   311     6   312     4   328 0.74 -
AA3_4.hmm            -            549 KW1-S21_85_cg331_3   -            536   5.4e-25   83.4   0.0   1   1   5.3e-15   8.4e-13   43.1   0.0   410   547   397   529   384   531 0.89 -
GT2_Glycos_transf_2.hmm PF00535.25   170 KW1-S21_85_cg332_1   -            149   2.3e-29   97.7   0.0   1   1   8.5e-32   2.7e-29   97.4   0.0     1   117     7   125     7   136 0.98 Glycosyl transferase family 2
GT81.hmm                -            293 KW1-S21_85_cg332_1   -            149   4.5e-17   57.1   0.0   1   1   1.7e-19   5.5e-17   56.9   0.0    22   123     5   101     3   122 0.87 -
GH23.hmm             -            135 KW1-S21_85_cg335_4   -            222   3.4e-36  120.0   0.0   1   1   7.5e-39   4.8e-36  119.6   0.0    11   123    78   189    70   196 0.94 -
GT5.hmm              -            472 KW1-S21_85_cg337_8   -            492  1.8e-179  592.6   0.0   1   1  6.3e-182    2e-179  592.4   0.0     1   471    10   482    10   483 0.96 -
GT4.hmm              -            160 KW1-S21_85_cg337_8   -            492   2.6e-15   51.8   0.0   1   1   2.2e-17     7e-15   50.4   0.0     4   154   300   452   297   461 0.88 -
#
# Program:         hmmscan
# Version:         3.3.1 (Jul 2020)
# Pipeline mode:   SCAN
# Query file:      /beegfs/home/lxd/2_sea_metagenomics/6.metabat2/bins_redup_refinem_drep/derep_70_10/derepbins_prodigal/KW1-S21_85.proteins.faa
# Target file:     /beegfs/home/lxd/4_salt_metagenomics/tools/CAZy/dbCAN-HMMdb-V8.txt
# Option settings: hmmscan --tblout KW1-S21_85.tbl --domtblout KW1-S21_85_dom.tbl --acc --noali --notextw -E 1e-14 --domE 1e-14 --cpu 30 /beegfs/home/lxd/4_salt_metagenomics/tools/CAZy/dbCAN-HMMdb-V8.txt /beegfs/home/lxd/2_sea_metagenomics/6.metabat2/bins_redup_refinem_drep/derep_70_10/derepbins_prodigal/KW1-S21_85.proteins.faa 
# Current dir:     /beegfs/home/lxd/2_sea_metagenomics/6.metabat2/bins_redup_refinem_drep/derep_70_10/derepbins_cazy
# Date:            Thu Mar  4 19:40:32 2021
# [ok]
