#                                                                            --- full sequence --- -------------- this domain -------------   hmm coord   ali coord   env coord
# target name        accession   tlen query name           accession   qlen   E-value  score  bias   #  of  c-Evalue  i-Evalue  score  bias  from    to  from    to  from    to  acc description of target
#------------------- ---------- ----- -------------------- ---------- ----- --------- ------ ----- --- --- --------- --------- ------ ----- ----- ----- ----- ----- ----- ----- ---- ---------------------
GT51.hmm             -            177 KW1-S05_85_cg2_16    -            638   3.7e-64  210.8   0.0   1   1   8.8e-67   5.6e-64  210.2   0.0    14   177   104   267    92   267 0.97 -
GT21.hmm                -            233 KW1-S05_85_cg15_2    -            410   3.9e-73  241.1   0.1   1   1   3.4e-75   7.3e-73  240.2   0.0     2   233    45   275    44   275 0.99 -
GT2_Glyco_tranf_2_3.hmm PF13641.5    230 KW1-S05_85_cg15_2    -            410   5.9e-26   87.0   0.0   1   1   4.1e-28   8.8e-26   86.5   0.0     9   229    51   273    45   280 0.89 Glycosyltransferase like family 2
GT2_Glyco_trans_2_3.hmm PF13632.5    197 KW1-S05_85_cg15_2    -            410   3.3e-22   74.6   1.5   1   1   2.4e-24   5.2e-22   74.0   1.5     1   193   132   322   132   326 0.91 Glycosyl transferase family group 2
GT4.hmm              -            160 KW1-S05_85_cg32_3    -            344   1.6e-21   71.9   0.0   1   1   4.7e-24     3e-21   71.1   0.0    11   139   186   301   182   311 0.86 -
GT2_Glycos_transf_2.hmm PF00535.25   170 KW1-S05_85_cg39_4    -            392   3.4e-24   80.9   0.0   1   1   7.8e-27     5e-24   80.3   0.0     1   166    15   174    15   176 0.97 Glycosyl transferase family 2
CE11.hmm             -            271 KW1-S05_85_cg45_3    -            162   7.7e-53  174.8   0.0   1   1   1.4e-55   8.7e-53  174.6   0.0   141   270     1   130     1   131 0.98 -
AA4.hmm              -            522 KW1-S05_85_cg53_5    -            467   1.3e-31  105.1   0.0   1   1   2.4e-27   7.8e-25   82.7   0.0    16   251    14   237     7   249 0.79 -
AA7.hmm              -            458 KW1-S05_85_cg53_5    -            467   7.9e-24   80.4   1.8   1   1   8.9e-24   2.8e-21   71.9   2.6    12   210    46   252    41   265 0.92 -
AA4.hmm              -            522 KW1-S05_85_cg62_2    -            478   3.1e-22   74.2   0.0   1   1     1e-19   3.2e-17   57.6   0.0    17   251    16   240    12   259 0.79 -
AA7.hmm              -            458 KW1-S05_85_cg62_2    -            478   1.5e-17   59.7   0.2   1   1   4.1e-19   1.3e-16   56.6   0.3    17   223    53   267    46   300 0.86 -
GT2_Glycos_transf_2.hmm PF00535.25   170 KW1-S05_85_cg69_6    -            321   2.5e-16   55.3   0.0   1   1   5.4e-19   3.5e-16   54.8   0.0     1   131    18   140    18   181 0.84 Glycosyl transferase family 2
CE10.hmm             -            341 KW1-S05_85_cg69_7    -            303   2.4e-28   95.0   1.6   1   1   5.1e-31   3.2e-28   94.6   1.6    67   309    62   279    33   297 0.83 -
GT41.hmm             -            705 KW1-S05_85_cg82_6    -            571     2e-66  220.2   0.0   1   4   9.3e-19   5.9e-16   53.4   0.2   124   191    11    78     2    80 0.87 -
GT41.hmm             -            705 KW1-S05_85_cg82_6    -            571     2e-66  220.2   0.0   2   4   6.8e-20   4.3e-17   57.1   1.3   122   191    77   146    77   147 0.97 -
GT41.hmm             -            705 KW1-S05_85_cg82_6    -            571     2e-66  220.2   0.0   3   4   7.3e-22   4.7e-19   63.6   0.9   123   191   146   214   145   216 0.97 -
GT41.hmm             -            705 KW1-S05_85_cg82_6    -            571     2e-66  220.2   0.0   4   4   8.8e-17   5.6e-14   46.8   0.0   121   263   211   497   209   511 0.84 -
GH109.hmm            -            126 KW1-S05_85_cg112_3   -            353   2.8e-15   52.1   0.3   1   1   1.1e-17   7.3e-15   50.8   0.3     2   118     5   113     4   120 0.84 -
CE4.hmm              -            130 KW1-S05_85_cg123_5   -            279   2.2e-22   75.0   0.0   1   1   7.5e-25   4.8e-22   73.8   0.0     7   127     2   145     1   147 0.82 -
GT4.hmm              -            160 KW1-S05_85_cg140_3   -            347   6.9e-35  115.4   0.0   1   1   3.2e-37     1e-34  114.8   0.0     8   154   168   308   163   314 0.96 -
GT5.hmm              -            472 KW1-S05_85_cg140_3   -            347   2.2e-18   61.4   0.0   1   1   8.9e-21   2.9e-18   61.0   0.0   283   472   160   339   154   339 0.91 -
GT9.hmm              -            225 KW1-S05_85_cg140_5   -            368   1.4e-39  131.6   0.3   1   1   3.3e-42   2.1e-39  131.0   0.3    11   202   117   318   106   342 0.77 -
GH119.hmm            -           1070 KW1-S05_85_cg141_1   -           1065   1.4e-26   87.6   8.4   1   1   2.2e-29   1.4e-26   87.6   8.4   806   908   727   833   718   930 0.91 -
CE10.hmm             -            341 KW1-S05_85_cg142_5   -            174   5.9e-28   93.7   0.1   1   1     1e-30   6.7e-28   93.5   0.1   161   338     6   172     3   173 0.84 -
AA1.hmm              -            943 KW1-S05_85_cg153_1   -            208   6.5e-17   56.3  10.1   1   1   7.6e-16   4.9e-13   43.5   1.1   497   557     2    60     1    86 0.82 -
CE10.hmm             -            341 KW1-S05_85_cg164_1   -            497   1.8e-23   79.0   0.3   1   1   3.8e-26   2.4e-23   78.5   0.3    93   316   247   462   191   477 0.84 -
GH103.hmm            -            295 KW1-S05_85_cg168_4   -            116   4.9e-22   73.6   0.0   1   1   8.7e-25   5.5e-22   73.4   0.0     1    88    29   116    29   116 0.99 -
AA3_2.hmm            -            568 KW1-S05_85_cg172_1   -             50   4.7e-18   60.4   0.1   1   1   1.5e-20   4.7e-18   60.4   0.1     3    39     8    44     6    50 0.94 -
AA3.hmm              -            618 KW1-S05_85_cg172_1   -             50   7.8e-15   49.5   0.0   1   1   2.4e-17   7.8e-15   49.5   0.0    89   123     7    44     1    49 0.90 -
CE10.hmm             -            341 KW1-S05_85_cg223_6   -            325   1.2e-73  244.0   2.2   1   1   2.3e-76   1.5e-73  243.7   2.2    28   327    11   302     3   313 0.87 -
GT21.hmm                -            233 KW1-S05_85_cg227_2   -            387     2e-77  255.1   0.0   1   1   1.3e-79   2.8e-77  254.6   0.0     2   233    47   277    47   277 0.99 -
GT2_Glyco_tranf_2_3.hmm PF13641.5    230 KW1-S05_85_cg227_2   -            387   7.4e-27   90.0   0.0   1   1   4.9e-29     1e-26   89.5   0.0     5   229    49   275    47   276 0.93 Glycosyltransferase like family 2
GT2_Glyco_trans_2_3.hmm PF13632.5    197 KW1-S05_85_cg227_2   -            387     2e-23   78.6   0.6   1   1   9.4e-26     2e-23   78.6   0.6     1   186   134   321   134   332 0.91 Glycosyl transferase family group 2
GH109.hmm            -            126 KW1-S05_85_cg247_2   -            374   7.8e-15   50.7   0.1   1   1   2.4e-17   1.6e-14   49.7   0.1     3   122    10   120     8   124 0.91 -
AA3_2.hmm            -            568 KW1-S05_85_cg258_1   -             58   1.6e-22   75.2   0.5   1   1   5.1e-25   1.6e-22   75.2   0.5   516   568     3    55     1    55 0.94 -
AA3.hmm              -            618 KW1-S05_85_cg258_1   -             58   1.9e-20   68.0   0.3   1   1   6.3e-23     2e-20   67.9   0.3   345   400     1    55     1    57 0.94 -
AA3_2.hmm            -            568 KW1-S05_85_cg258_2   -            463  7.8e-136  449.3   0.0   1   1  7.3e-138  9.4e-136  449.0   0.0     2   497     6   462     5   462 0.93 -
AA3.hmm              -            618 KW1-S05_85_cg258_2   -            463     1e-75  250.6   0.0   1   1     1e-77   1.3e-75  250.2   0.0    88   323     5   428     2   456 0.87 -
AA3_3.hmm            -            590 KW1-S05_85_cg258_2   -            463   1.4e-66  220.3   0.0   1   1   3.1e-65     4e-63  208.9   0.0     3   325     7   313     5   354 0.89 -
AA3_1.hmm            -            548 KW1-S05_85_cg258_2   -            463   1.6e-43  144.3   0.0   1   1   3.9e-45     5e-43  142.7   0.0    14   450     4   435     1   447 0.79 -
AA8.hmm              -            815 KW1-S05_85_cg258_2   -            463   2.9e-35  116.7   0.0   1   1   1.8e-36   2.3e-34  113.7   0.0   243   679     4   435     1   448 0.76 -
GH23.hmm             -            135 KW1-S05_85_cg263_5   -            600   1.3e-23   79.3   0.0   1   1   4.8e-26   3.1e-23   78.1   0.0    17   120   431   557   426   565 0.91 -
GT1.hmm              -            382 KW1-S05_85_cg274_5   -            393   1.1e-15   53.8   7.1   1   1     7e-18   4.5e-15   51.8   7.1    41   352    21   364     4   388 0.78 -
GT4.hmm              -            160 KW1-S05_85_cg274_7   -            386   5.2e-31  102.8   0.0   1   1   2.6e-33   8.3e-31  102.1   0.0     9   158   201   350   194   352 0.89 -
GT5.hmm              -            472 KW1-S05_85_cg274_7   -            386   3.3e-20   67.4   0.0   1   1   1.4e-22   4.3e-20   67.0   0.0   271   467   182   372   141   376 0.86 -
GT4.hmm              -            160 KW1-S05_85_cg274_8   -            453   2.6e-34  113.5   0.0   1   1   6.5e-37   4.1e-34  112.9   0.0    11   157   243   394   236   397 0.95 -
GT28.hmm             -            157 KW1-S05_85_cg290_11  -            386   1.2e-45  150.3   0.0   1   1     3e-48   1.9e-45  149.7   0.0     2   156   193   354   192   355 0.96 -
CE4.hmm              -            130 KW1-S05_85_cg317_13  -            294     5e-22   73.8   0.0   1   1   4.2e-24   2.7e-21   71.4   0.0    23   127    42   147    34   150 0.95 -
AA3_2.hmm            -            568 KW1-S05_85_cg320_1   -             89   9.4e-28   92.5   0.1   1   1   4.8e-30     1e-27   92.3   0.1   490   567     1    79     1    80 0.98 -
AA3.hmm              -            618 KW1-S05_85_cg320_1   -             89     6e-27   89.5   0.1   1   1   2.9e-29   6.2e-27   89.5   0.1   333   401    12    81     1    85 0.92 -
AA3_1.hmm            -            548 KW1-S05_85_cg320_1   -             89   3.5e-17   57.4   0.0   1   1   1.7e-19   3.7e-17   57.3   0.0   481   545    15    78     3    81 0.94 -
CE10.hmm             -            341 KW1-S05_85_cg321_4   -            291     4e-21   71.3   0.5   1   1   9.6e-24   6.2e-21   70.6   0.5    42   309    24   259     4   288 0.74 -
GT51.hmm             -            177 KW1-S05_85_cg340_1   -            781   7.1e-65  213.1   0.0   1   1   1.7e-67   1.1e-64  212.5   0.0     1   177    55   234    55   234 0.97 -
CE4.hmm              -            130 KW1-S05_85_cg348_6   -            249   2.6e-28   94.1   0.0   1   1   6.2e-31     4e-28   93.5   0.0     5   124   120   246   116   248 0.93 -
CE4.hmm              -            130 KW1-S05_85_cg372_4   -            301   2.6e-15   52.1   0.0   1   1   7.1e-18   4.5e-15   51.3   0.0    23   125    80   183    67   187 0.80 -
GH23.hmm             -            135 KW1-S05_85_cg373_5   -            432   7.5e-31  102.7   0.1   1   1   1.2e-33   7.5e-31  102.7   0.1    12   121   268   402   260   414 0.87 -
CE10.hmm             -            341 KW1-S05_85_cg375_1   -            216   1.2e-18   63.1   0.2   1   1   2.4e-21   1.5e-18   62.8   0.2    62   207    40   184     7   212 0.79 -
AA4.hmm              -            522 KW1-S05_85_cg384_2   -            496   9.7e-29   95.6   0.0   1   1   2.1e-24   6.7e-22   73.0   0.2    11   251    11   241     4   251 0.86 -
AA7.hmm              -            458 KW1-S05_85_cg384_2   -            496   6.9e-22   74.0   0.6   1   1   4.6e-24   1.5e-21   72.9   0.6    12   194    49   238    46   249 0.90 -
GH3.hmm              -            216 KW1-S05_85_cg397_2   -            350   2.6e-42  140.1   0.1   1   1   5.9e-45   3.8e-42  139.6   0.1    13   215    68   287    58   288 0.90 -
CBM50.hmm            -             40 KW1-S05_85_cg401_6   -            337   5.5e-27   89.2   0.3   1   1     3e-17   1.9e-14   49.1   0.0     1    40   107   150   107   150 0.89 -
GT9.hmm              -            225 KW1-S05_85_cg408_4   -            313     2e-42  140.9   0.1   1   1     4e-45   2.5e-42  140.6   0.1     5   204    79   294    75   308 0.85 -
GT4.hmm              -            160 KW1-S05_85_cg408_5   -            412   1.6e-30  101.2   0.0   1   1   8.7e-33   2.8e-30  100.4   0.0     6   156   217   374   213   378 0.88 -
GT5.hmm              -            472 KW1-S05_85_cg408_5   -            412     9e-18   59.4   0.0   1   1   3.8e-20   1.2e-17   59.0   0.0   224   471   167   403   161   404 0.77 -
AA12.hmm             -            401 KW1-S05_85_cg410_1   -            432   7.7e-23   76.0   0.0   1   1   2.2e-25   1.4e-22   75.1   0.0    12   399    43   425    34   427 0.77 -
GT2_Glycos_transf_2.hmm PF00535.25   170 KW1-S05_85_cg426_5   -            198   3.6e-15   51.5   0.0   1   1   6.7e-18   4.3e-15   51.2   0.0     2   131    11   133    10   168 0.87 Glycosyl transferase family 2
GT41.hmm             -            705 KW1-S05_85_cg449_2   -            646  1.9e-186  616.9   2.0   1   3   1.6e-26     1e-23   79.0   5.1    56   191    12   137     3   139 0.94 -
GT41.hmm             -            705 KW1-S05_85_cg449_2   -            646  1.9e-186  616.9   2.0   2   3   7.5e-22   4.8e-19   63.6   0.8   121   191   100   171    99   171 0.95 -
GT41.hmm             -            705 KW1-S05_85_cg449_2   -            646  1.9e-186  616.9   2.0   3   3  7.3e-149  4.7e-146  483.4   0.0   123   521   137   622   136   630 0.97 -
CE9.hmm              -            373 KW1-S05_85_cg453_2   -            365  3.7e-113  373.1   1.7   1   1  6.7e-116  4.3e-113  372.9   1.7     4   373     6   358     4   358 0.95 -
GT41.hmm             -            705 KW1-S05_85_cg456_3   -            648   8.1e-71  234.7   0.5   1   1   1.7e-68   1.1e-65  217.8   0.0    80   516   137   647   127   647 0.92 -
GH23.hmm             -            135 KW1-S05_85_cg459_3   -            183   1.1e-26   89.2   0.1   1   1   2.4e-29   1.5e-26   88.8   0.1    13   124    52   164    38   173 0.89 -
AA12.hmm             -            401 KW1-S05_85_cg475_1   -            179   5.3e-16   53.5   0.0   1   1   9.8e-19   6.3e-16   53.2   0.0   271   399    38   172    14   174 0.77 -
CE10.hmm             -            341 KW1-S05_85_cg477_8   -            315   1.3e-74  247.1   0.7   1   1   2.4e-77   1.5e-74  246.9   0.7    54   336    37   311     4   313 0.87 -
CE10.hmm             -            341 KW1-S05_85_cg486_3   -            277   6.5e-39  129.8   1.5   1   1   1.3e-41   8.3e-39  129.4   1.5    77   309    42   252    23   266 0.80 -
GH102.hmm            -            157 KW1-S05_85_cg521_3   -            378   2.9e-48  159.1   0.0   1   1   6.3e-51     4e-48  158.7   0.0     2   157   120   275   119   275 0.98 -
AA1.hmm              -            943 KW1-S05_85_cg542_1   -            150   7.6e-23   75.9   0.4   1   1   3.8e-25   8.1e-23   75.8   0.4   468   549    63   148    22   150 0.80 -
AA1_2.hmm            -            337 KW1-S05_85_cg542_1   -            150   4.8e-17   57.2   0.0   1   1   2.5e-19   5.4e-17   57.1   0.0    16   105    64   149    41   150 0.93 -
AA1_3.hmm            -            312 KW1-S05_85_cg542_1   -            150   8.9e-15   49.9   0.0   1   1   4.3e-17   9.3e-15   49.9   0.0    46   135    64   150    24   150 0.87 -
#
# Program:         hmmscan
# Version:         3.3.1 (Jul 2020)
# Pipeline mode:   SCAN
# Query file:      /beegfs/home/lxd/2_sea_metagenomics/6.metabat2/bins_redup_refinem_drep/derep_70_10/derepbins_prodigal/KW1-S05_85.proteins.faa
# Target file:     /beegfs/home/lxd/4_salt_metagenomics/tools/CAZy/dbCAN-HMMdb-V8.txt
# Option settings: hmmscan --tblout KW1-S05_85.tbl --domtblout KW1-S05_85_dom.tbl --acc --noali --notextw -E 1e-14 --domE 1e-14 --cpu 30 /beegfs/home/lxd/4_salt_metagenomics/tools/CAZy/dbCAN-HMMdb-V8.txt /beegfs/home/lxd/2_sea_metagenomics/6.metabat2/bins_redup_refinem_drep/derep_70_10/derepbins_prodigal/KW1-S05_85.proteins.faa 
# Current dir:     /beegfs/home/lxd/2_sea_metagenomics/6.metabat2/bins_redup_refinem_drep/derep_70_10/derepbins_cazy
# Date:            Thu Mar  4 11:50:20 2021
# [ok]
