#                                                                            --- full sequence --- -------------- this domain -------------   hmm coord   ali coord   env coord
# target name        accession   tlen query name           accession   qlen   E-value  score  bias   #  of  c-Evalue  i-Evalue  score  bias  from    to  from    to  from    to  acc description of target
#------------------- ---------- ----- -------------------- ---------- ----- --------- ------ ----- --- --- --------- --------- ------ ----- ----- ----- ----- ----- ----- ----- ---- ---------------------
AA5.hmm              -           1281 KW1-S05_81_cg3_13    -            486   2.7e-32  106.6   7.0   1   1   9.7e-23   3.1e-20   66.7   0.2   805   926   185   303   178   311 0.87 -
AA5_2.hmm            -            588 KW1-S05_81_cg3_13    -            486   6.1e-21   69.9   1.6   1   1   1.8e-15   5.8e-13   43.5   0.0   381   481   199   297   168   298 0.78 -
CBM9.hmm             -            182 KW1-S05_81_cg8_16    -           1734   1.3e-21   72.8   0.0   1   1   3.1e-24     2e-21   72.2   0.0     2   182    39   241    38   241 0.80 -
AA5.hmm              -           1281 KW1-S05_81_cg24_39   -            485   7.4e-18   58.8   0.3   1   1   4.1e-20   2.7e-17   56.9   0.1   631   740   165   280   160   310 0.82 -
CE1.hmm              -            227 KW1-S05_81_cg25_12   -            409     5e-19   64.2   0.1   1   1   1.1e-21   7.1e-19   63.7   0.1    28   147    97   214    88   300 0.73 -
GT41.hmm             -            705 KW1-S05_81_cg29_4    -            440     5e-18   60.2   7.4   1   1   2.2e-19   1.4e-16   55.4   2.2    36   211   105   258    71   355 0.80 -
CE10.hmm             -            341 KW1-S05_81_cg35_3    -            690   2.6e-20   68.6   0.2   1   1   6.6e-23   4.3e-20   67.9   0.2    64   315   428   668   377   688 0.79 -
GT4.hmm              -            160 KW1-S05_81_cg38_2    -            428   2.5e-17   58.3   0.0   1   1     1e-18   6.7e-16   53.7   0.0     8   157   225   393   221   396 0.80 -
GT4.hmm              -            160 KW1-S05_81_cg38_3    -            377   1.7e-34  114.1   0.0   1   1   4.2e-37   2.7e-34  113.5   0.0     8   159   193   343   189   344 0.97 -
GT4.hmm              -            160 KW1-S05_81_cg46_2    -            402   8.7e-19   63.0   0.0   1   1   2.1e-21   1.3e-18   62.5   0.0     5   152   213   358   209   366 0.90 -
GT4.hmm              -            160 KW1-S05_81_cg50_3    -            386   1.3e-21   72.2   0.0   1   1   3.4e-24   2.2e-21   71.5   0.0    12   155   198   353   194   357 0.89 -
GT4.hmm              -            160 KW1-S05_81_cg52_14   -            506   2.5e-23   77.8   0.0   1   1     7e-26   4.5e-23   77.0   0.0     6   159   306   468   301   469 0.92 -
GH114.hmm            -            190 KW1-S05_81_cg52_20   -            337   2.4e-20   68.3   0.0   1   1   4.2e-23   2.7e-20   68.1   0.0    38   190    93   296    37   296 0.77 -
AA5.hmm              -           1281 KW1-S05_81_cg64_4    -            313     2e-22   73.9  11.6   1   1     1e-24   3.4e-22   73.2  11.6   575   865    38   311    16   312 0.84 -
GH3.hmm              -            216 KW1-S05_81_cg74_30   -            455   4.9e-48  158.8   0.2   1   1   2.2e-50   1.4e-47  157.3   0.1     5   215    54   271    50   272 0.88 -
GH114.hmm            -            190 KW1-S05_81_cg80_6    -            309   4.9e-24   80.3   0.6   1   1     9e-27   5.8e-24   80.1   0.6     1   190    44   271    44   271 0.86 -
CBM51.hmm            -            134 KW1-S05_81_cg91_4    -            410   1.1e-27   92.1   0.0   1   1   8.5e-30   5.5e-27   89.8   0.0    16   134   279   395   259   395 0.89 -
CE1.hmm              -            227 KW1-S05_81_cg98_2    -            380   7.2e-18   60.4   0.0   1   1   1.4e-20   8.9e-18   60.1   0.0    11   143    54   202    48   321 0.74 -
GH23.hmm             -            135 KW1-S05_81_cg104_13  -            182   1.7e-30  101.6   0.1   1   1   3.3e-33   2.1e-30  101.3   0.1    15   119    57   176    45   181 0.92 -
GT30.hmm             -            177 KW1-S05_81_cg112_20  -            431   1.5e-46  153.4   0.0   1   1   3.4e-49   2.2e-46  152.9   0.0     3   175    43   222    41   224 0.94 -
GT19.hmm             -            354 KW1-S05_81_cg112_22  -            377   7.2e-86  283.3   0.0   1   1   1.3e-88   8.4e-86  283.0   0.0     2   351     6   353     5   356 0.94 -
GT4.hmm              -            160 KW1-S05_81_cg112_41  -            530   3.4e-22   74.1   0.0   1   1   2.2e-24   7.1e-22   73.1   0.0     6   126   293   446   291   458 0.95 -
GT5.hmm              -            472 KW1-S05_81_cg112_41  -            530   4.2e-17   57.2   0.0   1   1   3.1e-18   9.9e-16   52.7   0.0   273   468   279   517   194   520 0.76 -
GT9.hmm              -            225 KW1-S05_81_cg115_2   -            389   2.7e-49  163.4   0.1   1   1   6.4e-52   4.1e-49  162.8   0.1     6   214   112   349   108   364 0.81 -
GT2_Glycos_transf_2.hmm PF00535.25   170 KW1-S05_81_cg116_7   -            441   1.1e-19   66.2   0.0   1   1   7.1e-22   1.5e-19   65.7   0.0     2   127    58   186    57   228 0.82 Glycosyl transferase family 2
GT2_Glyco_tranf_2_3.hmm PF13641.5    230 KW1-S05_81_cg116_7   -            441   1.7e-19   65.9   0.0   1   1   1.3e-21   2.8e-19   65.2   0.0     1   200    54   253    54   268 0.86 Glycosyltransferase like family 2
GT21.hmm                -            233 KW1-S05_81_cg116_7   -            441   3.2e-15   51.5   0.0   1   1   2.1e-17   4.5e-15   51.1   0.0     1   205    54   256    54   272 0.91 -
GT2_Glycos_transf_2.hmm PF00535.25   170 KW1-S05_81_cg116_12  -            298   1.2e-23   79.1   0.0   1   1   6.3e-26     2e-23   78.3   0.0     1   131     7   141     7   174 0.84 Glycosyl transferase family 2
GT2_Glyco_tranf_2_3.hmm PF13641.5    230 KW1-S05_81_cg116_12  -            298   5.9e-17   57.6   0.0   1   1   2.5e-19   8.2e-17   57.1   0.0     1   126     4   130     3   229 0.78 Glycosyltransferase like family 2
GT2_Glycos_transf_2.hmm PF00535.25   170 KW1-S05_81_cg116_13  -            308   5.6e-21   70.4   0.0   1   1   5.5e-23   1.8e-20   68.8   0.0     1   164     7   177     7   183 0.84 Glycosyl transferase family 2
GT2_Glyco_tranf_2_3.hmm PF13641.5    230 KW1-S05_81_cg116_13  -            308   6.9e-15   50.8   0.0   1   1     3e-17   9.8e-15   50.3   0.0     2   214     3   227     2   239 0.78 Glycosyltransferase like family 2
GT2_Glycos_transf_2.hmm PF00535.25   170 KW1-S05_81_cg116_14  -            322   8.9e-28   92.5   0.0   1   1   6.3e-30   1.4e-27   91.9   0.0     2   113     8   120     7   133 0.93 Glycosyl transferase family 2
GT2_Glyco_tranf_2_3.hmm PF13641.5    230 KW1-S05_81_cg116_14  -            322   2.5e-19   65.3   0.1   1   1   1.8e-21   3.8e-19   64.8   0.1     4   198     6   195     5   208 0.79 Glycosyltransferase like family 2
GT2_Glyco_tranf_2_2.hmm PF10111.8    276 KW1-S05_81_cg116_14  -            322   3.5e-16   54.7   0.0   1   1   3.6e-18   7.6e-16   53.6   0.0     3   206     9   198     7   210 0.83 Glycosyltransferase like family 2
GT102.hmm            -            257 KW1-S05_81_cg116_16  -            379   2.4e-16   54.9   0.0   1   1   5.2e-19   3.3e-16   54.4   0.0    97   253   190   339   182   343 0.86 -
GH33.hmm             -            342 KW1-S05_81_cg116_21  -            383   1.6e-20   69.0   0.0   1   1   1.7e-16   1.1e-13   46.5   0.0    22   297    64   325    57   326 0.79 -
CE1.hmm              -            227 KW1-S05_81_cg118_3   -            674   7.9e-17   57.0   0.0   1   1   2.2e-19   1.4e-16   56.2   0.0     7   137   202   329   197   388 0.82 -
GT2_Glyco_tranf_2_3.hmm PF13641.5    230 KW1-S05_81_cg118_8   -            507   1.6e-37  124.9   0.1   1   1   1.1e-39   2.2e-37  124.4   0.1     1   228    51   279    51   281 0.91 Glycosyltransferase like family 2
GT2_Glyco_trans_2_3.hmm PF13632.5    197 KW1-S05_81_cg118_8   -            507   6.2e-26   86.8   1.5   1   1   2.9e-28   6.2e-26   86.8   1.5     2   182   141   346   140   364 0.75 Glycosyl transferase family group 2
GT2_Glycos_transf_2.hmm PF00535.25   170 KW1-S05_81_cg118_8   -            507   1.5e-22   75.5   0.3   1   1     1e-24   2.2e-22   75.0   0.3     3   153    56   211    54   227 0.83 Glycosyl transferase family 2
GT4.hmm              -            160 KW1-S05_81_cg121_4   -            361   2.7e-31  103.7   0.0   1   1   6.2e-34     4e-31  103.2   0.0     6   155   180   326   178   331 0.94 -
GH130.hmm            -            296 KW1-S05_81_cg127_2   -            485   7.6e-54  177.9   0.0   1   1   5.8e-56   3.7e-53  175.6   0.0    63   293   252   478   227   481 0.90 -
GH130.hmm            -            296 KW1-S05_81_cg127_3   -            322   2.6e-99  327.1   0.0   1   1  4.7e-102     3e-99  326.9   0.0     2   295     7   303     6   304 0.97 -
GT4.hmm              -            160 KW1-S05_81_cg127_4   -            363   3.4e-34  113.1   0.0   1   1   1.9e-36   6.2e-34  112.3   0.0     6   150   188   328   185   337 0.88 -
GT5.hmm              -            472 KW1-S05_81_cg127_4   -            363   3.5e-17   57.5   0.0   1   1   1.3e-17   4.1e-15   50.6   0.0   293   471   192   356   176   357 0.86 -
CE1.hmm              -            227 KW1-S05_81_cg135_18  -            820     2e-21   72.1   0.4   1   1   5.8e-24   3.7e-21   71.2   0.4     7   210   290   491   285   504 0.74 -
GT4.hmm              -            160 KW1-S05_81_cg145_4   -            299   3.3e-17   57.9   0.0   1   1   7.9e-20     5e-17   57.3   0.0    76   153   194   269   187   276 0.90 -
GT4.hmm              -            160 KW1-S05_81_cg145_5   -            357   1.1e-25   85.5   0.0   1   1   3.8e-28   2.5e-25   84.3   0.0     9   153   183   321   178   328 0.90 -
GT4.hmm              -            160 KW1-S05_81_cg145_6   -            382   2.3e-33  110.5   0.0   1   1     6e-35   3.8e-32  106.5   0.0     5   156   200   350   196   354 0.96 -
AA4.hmm              -            522 KW1-S05_81_cg152_6   -            469   3.2e-21   70.8   0.0   1   1     3e-15   9.5e-13   42.9   0.0    43   235    19   207    11   223 0.79 -
AA7.hmm              -            458 KW1-S05_81_cg152_6   -            469   3.8e-21   71.5   1.8   1   1   1.5e-23   4.7e-21   71.2   0.7     7   150    22   168    17   172 0.91 -
CE14.hmm             -            124 KW1-S05_81_cg160_5   -            250   1.1e-24   82.8   0.3   1   1   3.3e-27   2.1e-24   81.9   0.3     1   124    21   140    21   140 0.92 -
AA4.hmm              -            522 KW1-S05_81_cg165_13  -            463   2.8e-22   74.3   0.0   1   1     3e-22   9.7e-20   65.9   0.0    56   247    46   230    26   248 0.85 -
AA7.hmm              -            458 KW1-S05_81_cg165_13  -            463   1.1e-20   70.0   5.5   1   1   3.3e-22   1.1e-19   66.8   4.4    13   187    42   224    36   247 0.87 -
GT41.hmm             -            705 KW1-S05_81_cg177_7   -            468   1.6e-29   98.2  21.4   1   1   8.8e-18   5.6e-15   50.1   3.8    57   190   246   369   226   370 0.92 -
GH114.hmm            -            190 KW1-S05_81_cg178_6   -            299     2e-25   84.8   0.8   1   1   3.8e-28   2.4e-25   84.6   0.8     1   190    33   260    33   260 0.87 -
GT28.hmm             -            157 KW1-S05_81_cg183_29  -            372   1.2e-52  173.1   0.2   1   1   2.9e-55   1.8e-52  172.5   0.2     1   157   184   344   184   344 0.97 -
GT2_Glyco_tranf_2_4.hmm PF13704.5     96 KW1-S05_81_cg186_5   -            325     3e-17   58.3   0.0   1   1   9.9e-20   6.3e-17   57.2   0.0     1    94    10   103    10   105 0.77 Glycosyl transferase family 2
GT41.hmm             -            705 KW1-S05_81_cg188_3   -            732   2.6e-20   67.8   7.7   1   1   1.1e-15   6.8e-13   43.3   1.1    56   189   518   641   500   645 0.88 -
GT2_Glycos_transf_2.hmm PF00535.25   170 KW1-S05_81_cg192_10  -            379   1.1e-34  115.0   0.0   1   1   2.3e-37   1.5e-34  114.6   0.0     1   169    10   174    10   175 0.97 Glycosyl transferase family 2
CE10.hmm             -            341 KW1-S05_81_cg192_14  -            729   4.9e-22   74.3   0.2   1   1   1.2e-24   7.6e-22   73.6   0.2    61   318   470   712   423   723 0.81 -
GT4.hmm              -            160 KW1-S05_81_cg193_3   -            375   2.6e-40  133.0   0.0   1   1   1.4e-42   4.4e-40  132.3   0.0     6   159   194   344   190   345 0.97 -
GT5.hmm              -            472 KW1-S05_81_cg193_3   -            375   2.6e-24   80.9   0.0   1   1   3.6e-24   1.2e-21   72.2   0.0   195   471   132   369   107   370 0.82 -
CE14.hmm             -            124 KW1-S05_81_cg193_4   -            245   4.6e-24   80.8   0.2   1   1   1.5e-26   9.7e-24   79.8   0.2     1   124    11   116    11   116 0.98 -
GT2_Glycos_transf_2.hmm PF00535.25   170 KW1-S05_81_cg196_10  -            337   3.7e-26   87.2   0.0   1   1   1.8e-28   5.9e-26   86.6   0.0     1   133     8   140     8   172 0.92 Glycosyl transferase family 2
GT2_Glyco_tranf_2_3.hmm PF13641.5    230 KW1-S05_81_cg196_10  -            337   5.4e-15   51.2   0.3   1   1   3.4e-17   1.1e-14   50.2   0.3     1   219     5   228     5   233 0.81 Glycosyltransferase like family 2
CE1.hmm              -            227 KW1-S05_81_cg196_23  -            331   2.6e-40  133.9   0.0   1   1   6.8e-43   4.3e-40  133.1   0.0     6   208    21   310    17   321 0.83 -
GT4.hmm              -            160 KW1-S05_81_cg196_33  -            365   1.1e-24   82.3   0.0   1   1   2.4e-27   1.5e-24   81.8   0.0     9   153   195   332   190   339 0.96 -
GT9.hmm              -            225 KW1-S05_81_cg196_34  -            355   1.5e-50  167.4   0.1   1   1     3e-53   1.9e-50  167.1   0.1     3   222    79   331    77   334 0.83 -
CE11.hmm             -            271 KW1-S05_81_cg214_3   -            444   8.9e-92  302.5   0.0   1   1   1.7e-94   1.1e-91  302.2   0.0     1   269     6   275     6   277 0.99 -
GH109.hmm            -            126 KW1-S05_81_cg214_5   -            346   9.8e-15   50.4   0.6   1   1   3.8e-16   2.4e-13   45.9   0.6     1   121     5   112     5   116 0.87 -
GT4.hmm              -            160 KW1-S05_81_cg232_10  -            411   2.3e-35  117.0   0.0   1   1   5.9e-38   3.8e-35  116.2   0.0    12   159   207   352   203   353 0.98 -
GT4.hmm              -            160 KW1-S05_81_cg233_24  -            365   1.6e-31  104.5   0.0   1   1   3.5e-34   2.2e-31  104.0   0.0    11   159   182   336   174   337 0.94 -
CE14.hmm             -            124 KW1-S05_81_cg234_15  -            222   7.9e-25   83.3   0.1   1   1   1.8e-27   1.2e-24   82.8   0.1     1   124     5   121     5   121 0.96 -
GT2_Glycos_transf_2.hmm PF00535.25   170 KW1-S05_81_cg236_6   -            799   1.4e-52  173.2   0.4   1   2   1.4e-32   1.8e-30  101.3   0.1     2   161    52   209    51   216 0.93 Glycosyl transferase family 2
GT2_Glycos_transf_2.hmm PF00535.25   170 KW1-S05_81_cg236_6   -            799   1.4e-52  173.2   0.4   2   2   5.2e-23   6.6e-21   70.1   0.0     3   124   474   593   472   633 0.89 Glycosyl transferase family 2
GT2_Glyco_tranf_2_3.hmm PF13641.5    230 KW1-S05_81_cg236_6   -            799   3.3e-48  159.8   0.4   1   2   1.1e-23   1.4e-21   72.8   0.1     1   228    48   267    48   268 0.86 Glycosyltransferase like family 2
GT2_Glyco_tranf_2_3.hmm PF13641.5    230 KW1-S05_81_cg236_6   -            799   3.3e-48  159.8   0.4   2   2   1.7e-27   2.2e-25   85.2   0.0     1   229   469   686   469   687 0.85 Glycosyltransferase like family 2
GT2_Glyco_trans_2_3.hmm PF13632.5    197 KW1-S05_81_cg236_6   -            799     4e-22   74.4   4.1   1   1   1.2e-15   1.5e-13   46.4   0.4     2   190   552   752   551   758 0.74 Glycosyl transferase family group 2
CE7.hmm              -            313 KW1-S05_81_cg236_8   -            393   4.7e-20   67.0   0.0   1   1   1.2e-22   7.6e-20   66.3   0.0    48   203   127   285   107   287 0.85 -
GT9.hmm              -            225 KW1-S05_81_cg237_8   -            349   4.6e-40  133.2   0.2   1   1   9.8e-43   6.3e-40  132.7   0.2     3   217    73   322    71   328 0.88 -
GT2_Glycos_transf_2.hmm PF00535.25   170 KW1-S05_81_cg256_3   -            311   2.9e-21   71.3   0.0   1   1     7e-24   4.5e-21   70.7   0.0     1   147     5   148     5   166 0.88 Glycosyl transferase family 2
GT2_Glycos_transf_2.hmm PF00535.25   170 KW1-S05_81_cg256_6   -            345   1.3e-18   62.7   0.0   1   1   3.5e-21   2.3e-18   61.9   0.0     2   120    21   136    20   203 0.85 Glycosyl transferase family 2
GT21.hmm                -            233 KW1-S05_81_cg257_27  -            377   6.5e-40  132.4   0.0   1   1   2.7e-42   8.6e-40  132.0   0.0     1   232    44   267    44   268 0.96 -
GT2_Glyco_tranf_2_3.hmm PF13641.5    230 KW1-S05_81_cg257_27  -            377   1.8e-18   62.5   0.7   1   1     1e-20   3.3e-18   61.7   0.7     1   229    44   266    44   267 0.89 Glycosyltransferase like family 2
GT83.hmm             -            540 KW1-S05_81_cg259_4   -            549   8.7e-59  194.7  60.0   1   1   1.8e-61   1.2e-58  194.3  60.0     7   431    16   441    12   453 0.82 -
GT2_Glycos_transf_2.hmm PF00535.25   170 KW1-S05_81_cg259_6   -            239   9.5e-30   98.9   0.0   1   1   4.2e-32   1.3e-29   98.4   0.0     1   165     4   164     4   168 0.91 Glycosyl transferase family 2
GT81.hmm                -            293 KW1-S05_81_cg259_6   -            239   8.3e-16   53.0   0.0   1   1   3.3e-18   1.1e-15   52.6   0.0    22   136     2   106     1   124 0.89 -
GH130.hmm            -            296 KW1-S05_81_cg262_2   -            396   8.2e-48  158.1   0.0   1   1   1.6e-50     1e-47  157.7   0.0    21   295    56   387    32   388 0.86 -
GT9.hmm              -            225 KW1-S05_81_cg270_4   -            330   3.5e-47  156.5   0.0   1   1   7.3e-50   4.7e-47  156.1   0.0     3   218    77   305    75   312 0.82 -
GT4.hmm              -            160 KW1-S05_81_cg274_3   -            413   3.5e-33  109.9   0.0   1   1   1.7e-35   5.5e-33  109.2   0.0     6   148   225   370   220   381 0.89 -
GT5.hmm              -            472 KW1-S05_81_cg274_3   -            413   5.9e-20   66.6   0.0   1   1   3.3e-22   1.1e-19   65.8   0.0   276   471   214   401   189   402 0.85 -
GT4.hmm              -            160 KW1-S05_81_cg274_4   -            370   1.9e-29   97.7   0.0   1   1   9.1e-32   2.9e-29   97.1   0.0     6   150   188   335   184   345 0.91 -
GT5.hmm              -            472 KW1-S05_81_cg274_4   -            370   2.6e-16   54.6   0.0   1   1   1.4e-18   4.4e-16   53.8   0.0   279   471   180   364   129   365 0.84 -
GT4.hmm              -            160 KW1-S05_81_cg274_5   -            380   6.4e-26   86.2   0.0   1   1   1.5e-28   9.6e-26   85.7   0.0    12   153   201   340   193   347 0.93 -
GT2_Glycos_transf_2.hmm PF00535.25   170 KW1-S05_81_cg280_6   -            295   4.8e-25   83.6   0.0   1   1   9.5e-28   6.1e-25   83.3   0.0     1   121     5   122     5   165 0.86 Glycosyl transferase family 2
GT4.hmm              -            160 KW1-S05_81_cg280_8   -            359   5.1e-32  106.1   0.0   1   1   2.4e-34   1.6e-31  104.5   0.0     6   157   188   328   184   331 0.92 -
GT4.hmm              -            160 KW1-S05_81_cg280_9   -            355   1.7e-37  123.9   0.0   1   1   8.9e-40   2.9e-37  123.1   0.0     8   159   175   322   171   323 0.95 -
GT5.hmm              -            472 KW1-S05_81_cg280_9   -            355   1.8e-23   78.2   0.2   1   1   2.7e-24   8.7e-22   72.6   0.0   289   471   173   346   135   347 0.84 -
GT4.hmm              -            160 KW1-S05_81_cg280_13  -            284   4.4e-38  125.8   0.0   1   1   1.7e-40   5.6e-38  125.4   0.0     7   159    97   255    91   256 0.92 -
GT5.hmm              -            472 KW1-S05_81_cg280_13  -            284   6.3e-18   59.9   0.0   1   1   2.7e-20   8.6e-18   59.5   0.0   278   471    87   280    56   281 0.81 -
GH133.hmm            -            372 KW1-S05_81_cg284_9   -            651  6.3e-101  333.2   0.0   1   1  2.6e-103  8.3e-101  332.8   0.0    10   372   278   639   272   639 0.94 -
GH13_25.hmm          -            434 KW1-S05_81_cg284_9   -            651   6.6e-34  112.5   0.0   1   1   3.8e-25   1.2e-22   75.4   0.0   162   434   402   638   394   638 0.88 -
GT3.hmm              -            637 KW1-S05_81_cg284_10  -           1403  2.2e-140  464.4   0.0   1   2   1.7e-95   2.7e-93  308.8   0.0     1   349     7   341     7   355 0.95 -
GT3.hmm              -            637 KW1-S05_81_cg284_10  -           1403  2.2e-140  464.4   0.0   2   2   1.5e-48   2.4e-46  153.7   0.0   418   592   362   533   343   549 0.93 -
GT35.hmm             -            674 KW1-S05_81_cg284_10  -           1403  3.6e-114  377.9   0.0   1   2   2.4e-15   3.9e-13   44.0   0.0    21    62   683   724   676   734 0.92 -
GT35.hmm             -            674 KW1-S05_81_cg284_10  -           1403  3.6e-114  377.9   0.0   2   2  3.2e-102  5.1e-100  331.1   0.0   209   555   829  1185   822  1214 0.93 -
GT5.hmm              -            472 KW1-S05_81_cg284_10  -           1403   1.9e-30  101.2   0.0   1   1   9.3e-15   1.5e-12   42.2   0.0    66   372   761  1143   737  1191 0.74 -
GH57.hmm             -            383 KW1-S05_81_cg284_11  -            404   9.2e-58  191.4   0.0   1   1   2.2e-60   1.4e-57  190.9   0.0     1   306     5   319     5   334 0.91 -
CE1.hmm              -            227 KW1-S05_81_cg284_13  -            251   7.2e-19   63.7   0.0   1   1   1.4e-21   8.9e-19   63.4   0.0    74   222    77   242    24   245 0.75 -
CE1.hmm              -            227 KW1-S05_81_cg284_15  -            380   1.1e-33  112.1   0.0   1   1   2.3e-36   1.5e-33  111.8   0.0     1   222   147   368   147   371 0.81 -
GT5.hmm              -            472 KW1-S05_81_cg284_19  -            486  4.4e-182  601.2   0.0   1   1  1.5e-184  4.9e-182  601.0   0.0     1   471     5   481     5   482 0.96 -
GT4.hmm              -            160 KW1-S05_81_cg284_19  -            486   4.3e-16   54.3   0.0   1   1     2e-18   6.5e-16   53.7   0.0     5   150   297   447   293   454 0.88 -
GT2_Glycos_transf_2.hmm PF00535.25   170 KW1-S05_81_cg288_4   -            241   5.9e-24   80.1   0.0   1   1   1.2e-26   7.6e-24   79.7   0.0     1   166     4   166     4   170 0.96 Glycosyl transferase family 2
CE4.hmm              -            130 KW1-S05_81_cg297_10  -            307   3.7e-26   87.2   0.0   1   1   3.9e-28   2.5e-25   84.5   0.0    21   126    46   155    14   158 0.89 -
GT2_Glycos_transf_2.hmm PF00535.25   170 KW1-S05_81_cg297_12  -            314   1.4e-30  101.7   0.0   1   1   3.1e-33     2e-30  101.1   0.0     1   167    11   172    11   175 0.95 Glycosyl transferase family 2
CBM51.hmm            -            134 KW1-S05_81_cg310_14  -            432   5.7e-25   83.3   0.0   1   1   2.3e-27   1.5e-24   82.0   0.0    15   116   292   402   279   427 0.90 -
#
# Program:         hmmscan
# Version:         3.3.1 (Jul 2020)
# Pipeline mode:   SCAN
# Query file:      /beegfs/home/lxd/2_sea_metagenomics/6.metabat2/bins_redup_refinem_drep/derep_70_10/derepbins_prodigal/KW1-S05_81.proteins.faa
# Target file:     /beegfs/home/lxd/4_salt_metagenomics/tools/CAZy/dbCAN-HMMdb-V8.txt
# Option settings: hmmscan --tblout KW1-S05_81.tbl --domtblout KW1-S05_81_dom.tbl --acc --noali --notextw -E 1e-14 --domE 1e-14 --cpu 30 /beegfs/home/lxd/4_salt_metagenomics/tools/CAZy/dbCAN-HMMdb-V8.txt /beegfs/home/lxd/2_sea_metagenomics/6.metabat2/bins_redup_refinem_drep/derep_70_10/derepbins_prodigal/KW1-S05_81.proteins.faa 
# Current dir:     /beegfs/home/lxd/2_sea_metagenomics/6.metabat2/bins_redup_refinem_drep/derep_70_10/derepbins_cazy
# Date:            Thu Mar  4 11:41:32 2021
# [ok]
