#                                                                            --- full sequence --- -------------- this domain -------------   hmm coord   ali coord   env coord
# target name        accession   tlen query name           accession   qlen   E-value  score  bias   #  of  c-Evalue  i-Evalue  score  bias  from    to  from    to  from    to  acc description of target
#------------------- ---------- ----- -------------------- ---------- ----- --------- ------ ----- --- --- --------- --------- ------ ----- ----- ----- ----- ----- ----- ----- ---- ---------------------
GT83.hmm             -            540 KW1-S11_18_cg6_2     -            567  1.5e-102  339.1  56.2   1   1  3.1e-105    2e-102  338.7  56.2     8   493    16   500    11   526 0.85 -
PL12.hmm             -            138 KW1-S11_18_cg33_2    -            598   1.9e-15   52.7   0.0   1   1   9.6e-18   3.1e-15   52.0   0.0     1   127   350   482   350   487 0.91 -
PL12_3.hmm           -            144 KW1-S11_18_cg33_2    -            598   4.2e-15   51.3   0.0   1   1   2.7e-17   8.7e-15   50.2   0.0     9   141   356   490   338   493 0.87 -
GT28.hmm             -            157 KW1-S11_18_cg35_14   -            383   2.2e-46  152.7   0.2   1   1   3.5e-49   2.2e-46  152.7   0.2     2   157   195   357   194   357 0.96 -
CE11.hmm             -            271 KW1-S11_18_cg35_21   -            310  1.2e-105  348.0   0.0   1   1  2.1e-108  1.4e-105  347.8   0.0     3   270     2   271     1   272 0.98 -
GT51.hmm             -            177 KW1-S11_18_cg66_1    -            828   3.3e-64  210.9   0.0   1   1   8.3e-67   5.3e-64  210.2   0.0     1   176    55   233    55   234 0.96 -
CE11.hmm             -            271 KW1-S11_18_cg93_1    -            232   6.6e-79  260.3   0.0   1   1   1.2e-81   7.5e-79  260.1   0.0     1   224     7   232     7   232 0.98 -
GT28.hmm             -            157 KW1-S11_18_cg93_8    -            392   7.7e-45  147.7   0.3   1   1   3.4e-47   2.2e-44  146.3   0.1     2   155   196   356   195   358 0.96 -
GT2_Glycos_transf_2.hmm PF00535.25   170 KW1-S11_18_cg103_5   -            279   3.5e-32  106.8   0.1   1   1   3.4e-21   1.1e-18   62.9   0.0    46   167   101   215    94   218 0.85 Glycosyl transferase family 2
GT41.hmm             -            705 KW1-S11_18_cg106_1   -            278     3e-32  107.2   0.3   1   1   1.1e-16   7.2e-14   46.5   0.0    67   191     8   122     3   124 0.95 -
GT2_Glycos_transf_2.hmm PF00535.25   170 KW1-S11_18_cg123_2   -            336   7.1e-31  102.6   0.0   1   1   1.4e-33   9.3e-31  102.2   0.0     2   169    24   190    23   191 0.94 Glycosyl transferase family 2
GT4.hmm              -            160 KW1-S11_18_cg130_3   -            404   1.1e-34  114.7   0.0   1   1   5.8e-37   1.9e-34  114.0   0.0     6   157   208   360   205   364 0.94 -
GT5.hmm              -            472 KW1-S11_18_cg130_3   -            404   3.6e-22   73.9   0.0   1   1   1.5e-24   4.8e-22   73.5   0.0   207   471   124   388   115   389 0.72 -
GT9.hmm              -            225 KW1-S11_18_cg130_4   -            341   4.4e-39  130.0   0.0   1   1   9.4e-42     6e-39  129.5   0.0     4   195    91   312    88   328 0.79 -
GT83.hmm             -            540 KW1-S11_18_cg132_2   -            511   4.6e-44  146.1  61.2   1   1   9.3e-47   5.9e-44  145.7  61.2     8   388    26   390    21   421 0.76 -
AA5.hmm              -           1281 KW1-S11_18_cg141_1   -            318   1.4e-18   61.2  12.5   1   1   1.1e-19   3.7e-17   56.5   8.5   659   892    26   236    19   237 0.81 -
GH109.hmm            -            126 KW1-S11_18_cg149_5   -            388   1.6e-16   56.2   0.0   1   1   3.9e-19   2.5e-16   55.5   0.0     1   122     5   124     5   128 0.86 -
AA3_2.hmm            -            568 KW1-S11_18_cg162_1   -             60   1.1e-18   62.5   0.1   1   1   1.7e-21   1.1e-18   62.5   0.1     2    52     6    55     5    60 0.89 -
GT4.hmm              -            160 KW1-S11_18_cg180_1   -            352   5.4e-26   86.5   0.0   1   1   2.5e-28   8.1e-26   85.9   0.0     7   157   195   344   190   348 0.95 -
GT5.hmm              -            472 KW1-S11_18_cg180_1   -            352   2.3e-15   51.5   0.0   1   1   4.7e-17   1.5e-14   48.8   0.0   255   439   162   339   148   352 0.85 -
AA5.hmm              -           1281 KW1-S11_18_cg198_6   -            314     1e-80  267.0   1.8   1   1   5.7e-83   1.2e-80  266.8   1.8   721  1024    14   312     5   313 0.91 -
AA5_1.hmm            -            563 KW1-S11_18_cg198_6   -            314   1.5e-44  147.4   0.3   1   1   1.8e-46   3.9e-44  146.0   0.3   198   541    13   312     8   313 0.86 -
AA5_2.hmm            -            588 KW1-S11_18_cg198_6   -            314     2e-44  147.4   0.1   1   1   1.1e-46   2.4e-44  147.1   0.1   290   588    15   312     9   312 0.85 -
GT51.hmm             -            177 KW1-S11_18_cg219_8   -            635   2.2e-68  224.5   0.0   1   1   5.4e-71   3.5e-68  223.9   0.0     2   176    82   256    81   257 0.97 -
AA1.hmm              -            943 KW1-S11_18_cg221_11  -            446   4.7e-46  152.7   4.8   1   1   2.9e-48   4.7e-46  152.7   4.8   458   660    94   336    59   348 0.80 -
AA1_3.hmm            -            312 KW1-S11_18_cg221_11  -            446   9.6e-26   85.9   0.1   1   1   8.2e-27   1.3e-24   82.2   0.1    39   255    93   336    78   380 0.81 -
AA1_2.hmm            -            337 KW1-S11_18_cg221_11  -            446   1.4e-24   82.0   0.0   1   1   1.9e-25   3.1e-23   77.6   0.0    12   221    96   339    93   365 0.76 -
AA1_1.hmm            -            303 KW1-S11_18_cg221_11  -            446   2.2e-16   55.1   0.0   1   1   9.2e-15   1.5e-12   42.5   0.0    16   113    94   185    85   196 0.84 -
GT4.hmm              -            160 KW1-S11_18_cg229_2   -            378   2.1e-25   84.6   0.0   1   1   9.1e-28   2.9e-25   84.1   0.0     4   149   192   336   189   346 0.95 -
GT5.hmm              -            472 KW1-S11_18_cg229_2   -            378   5.9e-18   60.0   0.0   1   1   8.3e-20   2.7e-17   57.8   0.0   233   471   157   372   143   373 0.86 -
GT4.hmm              -            160 KW1-S11_18_cg229_4   -            385   6.2e-30   99.3   0.0   1   1   1.9e-32   1.2e-29   98.4   0.0     6   160   193   349   190   349 0.93 -
GT41.hmm             -            705 KW1-S11_18_cg230_4   -            235     6e-20   66.6   5.6   1   1   8.8e-16   5.6e-13   43.5   0.1    78   191    22   141    15   147 0.87 -
GH23.hmm             -            135 KW1-S11_18_cg238_2   -            224   8.9e-15   50.7   0.0   1   1     3e-17   1.9e-14   49.6   0.0    16   129    58   196    48   203 0.75 -
GT4.hmm              -            160 KW1-S11_18_cg259_6   -            343   8.1e-35  115.2   0.0   1   1   4.1e-37   1.3e-34  114.5   0.0     8   157   167   310   161   313 0.96 -
GT5.hmm              -            472 KW1-S11_18_cg259_6   -            343   7.9e-16   53.0   0.0   1   1     4e-18   1.3e-15   52.3   0.0   290   470   166   336   143   338 0.83 -
GH103.hmm            -            295 KW1-S11_18_cg263_6   -            346  1.1e-113  374.4   0.0   1   1    2e-116  1.3e-113  374.3   0.0     1   295    36   343    36   343 0.98 -
GT9.hmm              -            225 KW1-S11_18_cg284_3   -            342   4.1e-25   84.3   0.2   1   1     9e-28   5.7e-25   83.8   0.2    10   198    92   308    87   326 0.74 -
GT83.hmm             -            540 KW1-S11_18_cg314_2   -            401   1.5e-18   61.9  42.9   1   1   3.3e-21   2.1e-18   61.4  42.9    64   356    64   369    16   393 0.73 -
GT83.hmm             -            540 KW1-S11_18_cg320_4   -            512   5.9e-15   50.1  57.8   1   1   1.5e-17   9.8e-15   49.3  57.8    28   366    38   385     9   423 0.69 -
GH109.hmm            -            126 KW1-S11_18_cg328_6   -            385   2.5e-16   55.5   0.4   1   1   1.4e-18   9.1e-16   53.7   0.4     2   123     2   113     1   116 0.78 -
GT2_Glycos_transf_2.hmm PF00535.25   170 KW1-S11_18_cg340_2   -            314   5.2e-20   67.2   0.0   1   1   1.3e-22   8.1e-20   66.6   0.0     1   128     5   132     5   166 0.89 Glycosyl transferase family 2
GT26.hmm             -            171 KW1-S11_18_cg343_3   -            268   3.7e-64  210.8   0.0   1   1   8.8e-67   5.6e-64  210.2   0.0     2   171    57   229    56   229 0.99 -
GT20.hmm             -            475 KW1-S11_18_cg354_1   -            329  1.6e-109  361.8   0.0   1   1  2.7e-112  1.7e-109  361.7   0.0    13   349     2   328     1   329 0.95 -
GH15.hmm             -            361 KW1-S11_18_cg380_3   -            596   1.3e-78  260.0   1.0   1   1   2.4e-81   1.6e-78  259.7   1.0     2   360   220   584   219   585 0.86 -
GT41.hmm             -            705 KW1-S11_18_cg389_2   -            570   3.5e-31  103.7   0.1   1   2     2e-18   1.3e-15   52.3   0.1    90   191    34   125    24   126 0.82 -
GT41.hmm             -            705 KW1-S11_18_cg389_2   -            570   3.5e-31  103.7   0.1   2   2   1.7e-17   1.1e-14   49.2   0.0   123   191   125   193   123   227 0.91 -
GT41.hmm             -            705 KW1-S11_18_cg389_3   -            155   2.3e-17   58.0   2.2   1   1   6.2e-19     4e-16   54.0   2.5    59   176    47   154    39   155 0.64 -
GH73.hmm             -            128 KW1-S11_18_cg394_3   -            338   2.5e-18   62.1   0.0   1   1   5.4e-21   3.5e-18   61.6   0.0    12   128   193   322   188   322 0.79 -
CE4.hmm              -            130 KW1-S11_18_cg394_4   -            351     2e-27   91.2   0.0   1   1   5.1e-30   3.3e-27   90.6   0.0     4   124    91   218    88   223 0.93 -
GH102.hmm            -            157 KW1-S11_18_cg408_8   -            381   1.9e-60  198.7   0.0   1   1   3.9e-63   2.5e-60  198.3   0.0     1   157   118   274   118   274 0.99 -
GT41.hmm             -            705 KW1-S11_18_cg436_3   -            442   2.8e-23   77.6   3.2   1   1   7.8e-19     5e-16   53.6   1.5    95   191     3    89     1    93 0.89 -
GT28.hmm             -            157 KW1-S11_18_cg445_1   -            290   2.4e-22   74.6   0.0   1   1   1.3e-24   8.3e-22   72.9   0.0     2    89   196   290   195   290 0.95 -
GT41.hmm             -            705 KW1-S11_18_cg458_1   -            448   7.9e-19   62.9   0.0   1   1   4.7e-15     3e-12   41.1   0.0    95   191   212   342   142   354 0.83 -
AA4.hmm              -            522 KW1-S11_18_cg464_5   -            476   4.8e-24   80.1   0.0   1   1     1e-22   3.2e-20   67.5   0.0    45   249    37   236     3   246 0.78 -
AA7.hmm              -            458 KW1-S11_18_cg464_5   -            476   1.3e-20   69.8   1.1   1   1   3.4e-21   1.1e-18   63.4   1.4    13   204    44   246    36   276 0.83 -
GT19.hmm             -            354 KW1-S11_18_cg469_5   -            400  2.5e-122  403.2   0.0   1   1  4.5e-125  2.9e-122  403.0   0.0     1   352    12   368    12   370 0.96 -
GT41.hmm             -            705 KW1-S11_18_cg483_6   -            577   3.6e-42  140.0   2.6   1   2   7.8e-22     5e-19   63.5   0.1    62   191    35   154    24   156 0.95 -
GT41.hmm             -            705 KW1-S11_18_cg483_6   -            577   3.6e-42  140.0   2.6   2   2   2.3e-16   1.5e-13   45.5   0.1   120   191   150   222   149   224 0.95 -
GT9.hmm              -            225 KW1-S11_18_cg494_1   -            320   2.2e-39  131.0   0.5   1   1     5e-42   3.2e-39  130.4   0.5    22   205    85   275    77   296 0.80 -
GT4.hmm              -            160 KW1-S11_18_cg494_3   -            346   8.7e-16   53.3   0.0   1   1     2e-18   1.3e-15   52.8   0.0    55   157   219   319   184   322 0.86 -
GH109.hmm            -            126 KW1-S11_18_cg495_1   -            186   2.6e-17   58.7   0.0   1   1   5.7e-20   3.7e-17   58.2   0.0     1   122     5   124     5   128 0.90 -
GH3.hmm              -            216 KW1-S11_18_cg496_3   -            331   5.6e-43  142.3   0.0   1   1   1.2e-45   7.7e-43  141.8   0.0    10   215    47   269    39   270 0.93 -
#
# Program:         hmmscan
# Version:         3.3.1 (Jul 2020)
# Pipeline mode:   SCAN
# Query file:      /beegfs/home/lxd/2_sea_metagenomics/6.metabat2/bins_redup_refinem_drep/derep_70_10/derepbins_prodigal/KW1-S11_18.proteins.faa
# Target file:     /beegfs/home/lxd/4_salt_metagenomics/tools/CAZy/dbCAN-HMMdb-V8.txt
# Option settings: hmmscan --tblout KW1-S11_18.tbl --domtblout KW1-S11_18_dom.tbl --acc --noali --notextw -E 1e-14 --domE 1e-14 --cpu 30 /beegfs/home/lxd/4_salt_metagenomics/tools/CAZy/dbCAN-HMMdb-V8.txt /beegfs/home/lxd/2_sea_metagenomics/6.metabat2/bins_redup_refinem_drep/derep_70_10/derepbins_prodigal/KW1-S11_18.proteins.faa 
# Current dir:     /beegfs/home/lxd/2_sea_metagenomics/6.metabat2/bins_redup_refinem_drep/derep_70_10/derepbins_cazy
# Date:            Thu Mar  4 14:52:31 2021
# [ok]
