#                                                                            --- full sequence --- -------------- this domain -------------   hmm coord   ali coord   env coord
# target name        accession   tlen query name           accession   qlen   E-value  score  bias   #  of  c-Evalue  i-Evalue  score  bias  from    to  from    to  from    to  acc description of target
#------------------- ---------- ----- -------------------- ---------- ----- --------- ------ ----- --- --- --------- --------- ------ ----- ----- ----- ----- ----- ----- ----- ---- ---------------------
GT2_Glycos_transf_2.hmm PF00535.25   170 KW1-S15_2_cg3_11     -            250   3.1e-23   77.7   0.0   1   1   1.2e-25   3.9e-23   77.4   0.0     2   131    25   148    24   182 0.89 Glycosyl transferase family 2
GT81.hmm                -            293 KW1-S15_2_cg3_11     -            250   8.2e-18   59.6   0.0   1   1   3.4e-20   1.1e-17   59.2   0.0    19   209    19   198     2   210 0.78 -
GT4.hmm              -            160 KW1-S15_2_cg6_3      -            392   3.7e-23   77.3   0.0   1   1   8.7e-26   5.6e-23   76.7   0.0    10   156   201   344   192   349 0.95 -
GT9.hmm              -            225 KW1-S15_2_cg6_4      -            356   9.1e-34  112.6   0.0   1   1   1.9e-36   1.2e-33  112.2   0.0     4   220    96   325    93   330 0.77 -
GH23.hmm             -            135 KW1-S15_2_cg19_2     -            746   2.5e-28   94.6   1.2   1   1   1.8e-30   5.8e-28   93.4   1.2     2   119   211   343   210   354 0.94 -
GT2_Glycos_transf_2.hmm PF00535.25   170 KW1-S15_2_cg21_3     -            275   2.2e-19   65.2   0.0   1   1   4.4e-22   2.8e-19   64.8   0.0     1   137     8   150     8   179 0.82 Glycosyl transferase family 2
GT9.hmm              -            225 KW1-S15_2_cg24_7     -            373   5.9e-54  178.6   0.0   1   1   1.4e-56   9.3e-54  178.0   0.0     3   220    90   340    88   345 0.86 -
CBM35.hmm            -            123 KW1-S15_2_cg34_5     -            835   4.3e-30   99.9   3.3   1   1   5.6e-32   1.2e-29   98.4   3.3     5   122   587   702   583   703 0.94 -
PL1_11.hmm           -            174 KW1-S15_2_cg34_5     -            835   2.6e-17   58.8   2.0   1   1   2.8e-19   5.9e-17   57.7   2.0     5   122   592   702   590   706 0.91 -
CBM6.hmm             -            138 KW1-S15_2_cg34_5     -            835     1e-14   50.6   2.6   1   1   1.2e-16   2.5e-14   49.3   2.6    25   136   590   702   580   704 0.90 -
GT4.hmm              -            160 KW1-S15_2_cg40_30    -            370   1.6e-44  146.7   0.0   1   1   8.2e-47   2.6e-44  146.0   0.0    11   160   171   323   161   323 0.95 -
GT5.hmm              -            472 KW1-S15_2_cg40_30    -            370   9.8e-20   65.9   0.0   1   1   4.5e-22   1.4e-19   65.3   0.0   266   471   145   347   122   348 0.88 -
GH130.hmm            -            296 KW1-S15_2_cg45_1     -            332   7.7e-63  207.4   0.0   1   1   2.5e-63   1.6e-60  199.8   0.0    36   295    50   329    47   330 0.92 -
GH2.hmm              -            752 KW1-S15_2_cg45_2     -            815  1.7e-106  352.8   7.6   1   1    3e-109  1.9e-106  352.6   7.6    29   543     3   691     1   781 0.78 -
GT41.hmm             -            705 KW1-S15_2_cg55_2     -            205     2e-15   51.6   0.3   1   1     4e-15   2.5e-12   41.4   0.0    97   191    51   146    21   146 0.87 -
CE1.hmm              -            227 KW1-S15_2_cg64_13    -            219   1.2e-19   66.3   0.0   1   1   2.3e-22   1.5e-19   66.0   0.0    12   209    11   200     2   217 0.76 -
GH109.hmm            -            126 KW1-S15_2_cg65_7     -            360   1.1e-21   72.8   0.0   1   1     5e-24   3.2e-21   71.3   0.0     2   126     2   117     1   117 0.95 -
GT4.hmm              -            160 KW1-S15_2_cg68_4     -            358   1.1e-25   85.5   0.0   1   1   3.3e-28   2.1e-25   84.6   0.0    10   148   172   306   166   316 0.87 -
GH78.hmm             -            504 KW1-S15_2_cg68_5     -            722   1.2e-17   59.0   0.0   1   1     3e-20   1.9e-17   58.4   0.0   207   352   373   547   318   602 0.82 -
GT9.hmm              -            225 KW1-S15_2_cg68_12    -            355   9.9e-43  141.9   0.0   1   1   2.1e-45   1.3e-42  141.5   0.0     2   208    74   317    73   333 0.81 -
CE1.hmm              -            227 KW1-S15_2_cg71_1     -            195   1.5e-44  147.7   2.2   1   1   2.7e-47   1.7e-44  147.5   2.2     1   147    34   180    34   194 0.90 -
CE10.hmm             -            341 KW1-S15_2_cg86_2     -            737   8.6e-21   70.2   0.1   1   1   2.1e-23   1.4e-20   69.5   0.1    67   310   480   715   462   717 0.84 -
GT4.hmm              -            160 KW1-S15_2_cg89_7     -            376   1.1e-40  134.3   0.0   1   1   4.9e-43   1.6e-40  133.7   0.0     6   157   188   339   183   343 0.97 -
GT5.hmm              -            472 KW1-S15_2_cg89_7     -            376   9.5e-24   79.1   0.0   1   1   1.3e-25     4e-23   77.0   0.0   278   471   178   365   150   366 0.82 -
GT9.hmm              -            225 KW1-S15_2_cg91_11    -            344   4.4e-55  182.3   0.0   1   1   9.4e-58   6.1e-55  181.9   0.0     7   219    66   310    61   317 0.86 -
GT4.hmm              -            160 KW1-S15_2_cg91_17    -            373   1.1e-30  101.7   0.0   1   1   6.4e-33     2e-30  100.9   0.0     7   148   200   333   195   343 0.92 -
GT5.hmm              -            472 KW1-S15_2_cg91_17    -            373   5.5e-15   50.2   0.0   1   1   2.1e-17   6.8e-15   49.9   0.0   276   446   171   344   120   368 0.75 -
GT4.hmm              -            160 KW1-S15_2_cg102_3    -            395   4.8e-33  109.4   0.0   1   1   2.9e-35   9.4e-33  108.4   0.0    13   159   212   367   202   368 0.93 -
GT5.hmm              -            472 KW1-S15_2_cg102_3    -            395   3.3e-24   80.6   0.0   1   1   4.7e-26   1.5e-23   78.5   0.0   238   471   172   392   161   393 0.83 -
GT4.hmm              -            160 KW1-S15_2_cg104_3    -            330   3.4e-19   64.4   0.0   1   1   9.1e-22   5.8e-19   63.6   0.0    20   152   170   292   152   299 0.86 -
GT9.hmm              -            225 KW1-S15_2_cg111_1    -            367   9.9e-20   66.7   0.0   1   1   2.3e-22   1.5e-19   66.1   0.0     5   219   107   346   103   354 0.69 -
GT2_Glycos_transf_2.hmm PF00535.25   170 KW1-S15_2_cg111_2    -            388   1.5e-34  114.6   0.1   1   1   3.8e-37   2.4e-34  113.9   0.1     1   168    83   244    83   246 0.97 Glycosyl transferase family 2
GT83.hmm             -            540 KW1-S15_2_cg112_4    -            613   3.9e-25   83.6  37.2   1   1     4e-24   1.3e-21   72.0  26.3     9   217    25   231    16   258 0.83 -
GH74.hmm             -            233 KW1-S15_2_cg115_6    -            659   1.4e-53  177.0  31.7   1   1   4.3e-17   2.7e-14   48.4   0.1    29   133   233   332   224   335 0.88 -
CE14.hmm             -            124 KW1-S15_2_cg120_1    -            264   1.4e-23   79.3   0.0   1   1     3e-26   1.9e-23   78.8   0.0     1   124    30   135    30   135 0.96 -
GT41.hmm             -            705 KW1-S15_2_cg135_9    -            467   9.7e-26   85.7   7.1   1   1   7.9e-15   5.1e-12   40.4   0.6    51   191    20   186     6   191 0.91 -
GT28.hmm             -            157 KW1-S15_2_cg142_10   -            381   3.4e-54  178.1   0.1   1   1   7.5e-57   4.8e-54  177.6   0.1     1   157   194   357   194   357 0.93 -
GT9.hmm              -            225 KW1-S15_2_cg147_2    -            392   7.1e-24   80.2   0.0   1   1   1.5e-26   9.5e-24   79.8   0.0     8   222   111   364   106   367 0.77 -
GT9.hmm              -            225 KW1-S15_2_cg147_3    -            175   1.2e-40  135.1   0.0   1   1   2.4e-43   1.5e-40  134.8   0.0    85   221     8   149     3   153 0.89 -
GT41.hmm             -            705 KW1-S15_2_cg153_2    -            883   1.6e-36  121.3   0.8   1   1   9.8e-16   6.3e-13   43.4   0.2    58   191   503   633   496   637 0.90 -
PL1_2.hmm            -            183 KW1-S15_2_cg162_3    -           1365   6.9e-52  171.1   3.8   1   1   4.6e-54   1.5e-51  170.0   3.8     1   169   224   405   224   424 0.89 -
PL1.hmm              -            202 KW1-S15_2_cg162_3    -           1365   9.4e-25   82.5   6.3   1   1   6.2e-27     2e-24   81.5   6.3    28   184   232   406   211   429 0.83 -
GT4.hmm              -            160 KW1-S15_2_cg166_3    -            376   2.4e-40  133.2   0.0   1   1   1.2e-42   3.9e-40  132.5   0.0     9   155   195   339   190   344 0.97 -
GT5.hmm              -            472 KW1-S15_2_cg166_3    -            376   2.6e-17   57.9   0.1   1   1   7.2e-19   2.3e-16   54.8   0.0   242   436   165   333   145   368 0.75 -
GT2_Glycos_transf_2.hmm PF00535.25   170 KW1-S15_2_cg166_4    -            272   2.1e-20   68.5   0.0   1   1   1.3e-22   2.8e-20   68.1   0.0     1   126     3   124     3   184 0.85 Glycosyl transferase family 2
GT27.hmm                -            295 KW1-S15_2_cg166_4    -            272   2.8e-20   68.1   0.0   1   1   1.5e-22   3.3e-20   67.9   0.0     1   224     3   222     3   246 0.85 -
GT2_Glyco_tranf_2_3.hmm PF13641.5    230 KW1-S15_2_cg166_4    -            272   6.2e-15   51.0   0.0   1   1   4.1e-17   8.9e-15   50.5   0.0     6   216     4   226     1   248 0.75 Glycosyltransferase like family 2
GT2_Glycos_transf_2.hmm PF00535.25   170 KW1-S15_2_cg166_5    -            370   2.8e-28   94.2   0.0   1   1   1.9e-30     4e-28   93.6   0.0     1   165    33   190    33   193 0.92 Glycosyl transferase family 2
GT2_Glyco_tranf_2_3.hmm PF13641.5    230 KW1-S15_2_cg166_5    -            370   3.2e-20   68.3   0.0   1   1   2.5e-22   5.3e-20   67.6   0.0     4   227    32   246    28   248 0.90 Glycosyltransferase like family 2
GT2_Glycos_transf_2.hmm PF00535.25   170 KW1-S15_2_cg166_6    -            319   1.2e-23   79.1   0.0   1   1   6.3e-26     2e-23   78.3   0.0     1   166     5   186     5   190 0.84 Glycosyl transferase family 2
GT2_Glyco_tranf_2_3.hmm PF13641.5    230 KW1-S15_2_cg166_6    -            319   2.2e-22   75.4   0.1   1   1     1e-24   3.3e-22   74.8   0.1     3   226     3   240     2   243 0.79 Glycosyltransferase like family 2
GT2_Glycos_transf_2.hmm PF00535.25   170 KW1-S15_2_cg166_7    -            319   1.8e-26   88.3   0.0   1   1   1.2e-28   2.6e-26   87.7   0.0     1   168     9   179     9   181 0.84 Glycosyl transferase family 2
GT2_Glyco_tranf_2_3.hmm PF13641.5    230 KW1-S15_2_cg166_7    -            319   4.4e-24   80.9   0.0   1   1     3e-26   6.4e-24   80.4   0.0     1   216     6   222     6   237 0.91 Glycosyltransferase like family 2
GT27.hmm                -            295 KW1-S15_2_cg166_7    -            319   1.5e-16   55.9   0.0   1   1   3.3e-18   7.1e-16   53.6   0.0     1   224     9   218     9   241 0.79 -
GT2_Glyco_tranf_2_3.hmm PF13641.5    230 KW1-S15_2_cg166_10   -            289   1.5e-23   79.1   0.0   1   1   9.7e-26   2.1e-23   78.7   0.0     4   211     7   223     5   243 0.79 Glycosyltransferase like family 2
GT2_Glycos_transf_2.hmm PF00535.25   170 KW1-S15_2_cg166_10   -            289     1e-22   76.0   0.0   1   1   6.4e-25   1.4e-22   75.6   0.0     1   133     8   139     8   187 0.82 Glycosyl transferase family 2
GT27.hmm                -            295 KW1-S15_2_cg166_10   -            289   3.8e-16   54.5   0.0   1   1   2.3e-18   4.9e-16   54.1   0.0     1   243     8   244     8   253 0.82 -
GT2_Glycos_transf_2.hmm PF00535.25   170 KW1-S15_2_cg166_18   -            377   4.1e-29   96.8   0.0   1   1   4.8e-31   6.2e-29   96.3   0.0     1   169    40   210    40   211 0.86 Glycosyl transferase family 2
GT2_Glyco_tranf_2_3.hmm PF13641.5    230 KW1-S15_2_cg166_18   -            377   1.7e-24   82.3   0.0   1   1   1.9e-26   2.4e-24   81.8   0.0     1   230    37   269    36   269 0.86 Glycosyltransferase like family 2
GT21.hmm                -            233 KW1-S15_2_cg166_18   -            377   5.8e-23   76.9   0.0   1   1     6e-25   7.7e-23   76.5   0.0     1   231    37   268    37   269 0.88 -
GT27.hmm                -            295 KW1-S15_2_cg166_18   -            377   5.6e-20   67.1   0.0   1   1   7.4e-22   9.5e-20   66.3   0.0     1   188    40   213    40   220 0.80 -
GT2_Glyco_trans_2_3.hmm PF13632.5    197 KW1-S15_2_cg166_18   -            377   1.4e-17   59.5   4.8   1   1   1.8e-19   2.3e-17   58.8   4.8     4   184   129   343   126   355 0.70 Glycosyl transferase family group 2
GH74.hmm             -            233 KW1-S15_2_cg191_4    -            338   4.6e-34  113.1  12.3   1   2   1.3e-16   8.6e-14   46.8   1.1    31   131    43   137    18   142 0.84 -
GH74.hmm             -            233 KW1-S15_2_cg191_4    -            338   4.6e-34  113.1  12.3   2   2   8.6e-15   5.5e-12   40.8   0.4    42   131   220   302   218   308 0.89 -
GT2_Glyco_tranf_2_3.hmm PF13641.5    230 KW1-S15_2_cg202_11   -            492   9.9e-29   96.1   0.0   1   1   6.1e-31   1.3e-28   95.7   0.0     4   228    50   277    48   279 0.88 Glycosyltransferase like family 2
GT2_Glycos_transf_2.hmm PF00535.25   170 KW1-S15_2_cg202_11   -            492     3e-23   77.8   0.0   1   1   2.2e-25   4.6e-23   77.2   0.0     3   151    53   204    51   224 0.81 Glycosyl transferase family 2
GT2_Glyco_trans_2_3.hmm PF13632.5    197 KW1-S15_2_cg202_11   -            492   4.6e-21   70.9   1.9   1   1   2.1e-23   4.6e-21   70.9   1.9     2   179   138   358   137   387 0.77 Glycosyl transferase family group 2
GT20.hmm             -            475 KW1-S15_2_cg202_19   -            752  1.3e-173  573.1   0.0   1   1  2.7e-176  1.7e-173  572.7   0.0     8   474     4   477     1   478 0.96 -
GT4.hmm              -            160 KW1-S15_2_cg211_3    -            272     1e-27   92.1   0.0   1   1   2.2e-30   1.4e-27   91.6   0.0     4   156    84   230    81   234 0.95 -
GT41.hmm             -            705 KW1-S15_2_cg213_11   -            475   8.6e-61  201.6   6.0   1   4     6e-21   3.9e-18   60.6   0.0    27   189    22   173     4   175 0.78 -
GT41.hmm             -            705 KW1-S15_2_cg213_11   -            475   8.6e-61  201.6   6.0   2   4   2.4e-20   1.6e-17   58.6   0.3    54   191   150   277   141   278 0.83 -
GT41.hmm             -            705 KW1-S15_2_cg213_11   -            475   8.6e-61  201.6   6.0   3   4   1.4e-16   9.1e-14   46.2   0.1   121   191   240   311   239   313 0.90 -
GT41.hmm             -            705 KW1-S15_2_cg213_11   -            475   8.6e-61  201.6   6.0   4   4   3.3e-15   2.1e-12   41.6   0.0    79   190   277   378   274   379 0.82 -
GH2.hmm              -            752 KW1-S15_2_cg224_3    -            873   2.2e-80  266.4   0.3   1   1   4.7e-83     3e-80  265.9   0.3    24   413    49   500    41   561 0.77 -
GT19.hmm             -            354 KW1-S15_2_cg224_7    -            378  7.7e-129  424.6   0.0   1   1  1.3e-131  8.7e-129  424.4   0.0     1   352     5   357     5   359 0.98 -
GT41.hmm             -            705 KW1-S15_2_cg231_3    -            425   3.7e-18   60.7   0.1   1   1     5e-15   3.2e-12   41.0   0.1    27   191    87   249    61   278 0.73 -
GH130.hmm            -            296 KW1-S15_2_cg251_4    -            395   5.9e-54  178.2   0.0   1   1   1.1e-56   7.1e-54  178.0   0.0     5   295    33   386    29   387 0.85 -
AA5.hmm              -           1281 KW1-S15_2_cg253_22   -            416   1.9e-19   64.0   7.8   1   1   9.7e-18   3.1e-15   50.1   4.1   658   886    29   235    21   242 0.88 -
GH15.hmm             -            361 KW1-S15_2_cg258_4    -            612   2.1e-87  288.9   0.4   1   1     5e-90   3.2e-87  288.3   0.4     2   360   226   600   225   601 0.90 -
AA3.hmm              -            618 KW1-S15_2_cg258_6    -            530   5.1e-63  208.7   0.0   1   1   5.4e-65   6.9e-63  208.2   0.0    87   408     4   521     2   527 0.71 -
AA3_2.hmm            -            568 KW1-S15_2_cg258_6    -            530     9e-33  109.0   0.0   1   1   3.6e-22   4.6e-20   67.1   0.0     2   280     6   282     5   324 0.79 -
GT9.hmm              -            225 KW1-S15_2_cg269_10   -            390   1.9e-38  127.9   0.0   1   1     4e-41   2.6e-38  127.5   0.0     3   218   112   355   110   367 0.85 -
GT51.hmm             -            177 KW1-S15_2_cg270_11   -            769   2.7e-61  201.4   0.0   1   1   6.8e-64   4.3e-61  200.8   0.0     1   176    86   265    86   266 0.95 -
GH13_16.hmm          -            353 KW1-S15_2_cg272_8    -           1107  3.4e-174  574.2   0.3   1   1  2.8e-175  5.7e-174  573.5   0.1     1   353    37   390    37   390 1.00 -
GH13_23.hmm          -            344 KW1-S15_2_cg272_8    -           1107   9.2e-84  277.2   5.8   1   1   6.9e-72   1.4e-70  233.8   6.2     1   181    37   218    37   223 0.97 -
GH13_36.hmm          -            314 KW1-S15_2_cg272_8    -           1107   3.4e-82  271.6   0.0   1   1   1.1e-82   2.2e-81  269.0   0.0     1   312    37   389    37   391 0.90 -
GH13_31.hmm          -            349 KW1-S15_2_cg272_8    -           1107   3.5e-75  248.8   4.6   1   1   1.6e-74   3.1e-73  242.4   4.6     1   347    37   389    37   391 0.81 -
GH13_17.hmm          -            350 KW1-S15_2_cg272_8    -           1107   4.6e-75  248.2   2.0   1   1   3.4e-64   6.7e-63  208.2   2.5     1   185    37   219    37   224 0.94 -
GH13_4.hmm           -            400 KW1-S15_2_cg272_8    -           1107     2e-71  236.1   0.5   1   1   5.7e-68   1.1e-66  220.5   0.1     2   305    37   332    36   341 0.95 -
GH13.hmm             -            299 KW1-S15_2_cg272_8    -           1107   9.1e-69  228.2   6.7   1   1   8.2e-70   1.6e-68  227.4   6.7    12   292    36   391    29   396 0.80 -
GH13_30.hmm          -            365 KW1-S15_2_cg272_8    -           1107     1e-68  227.4   0.4   1   1   5.8e-68   1.2e-66  220.6   0.4     1   363    37   388    37   390 0.85 -
GH13_40.hmm          -            359 KW1-S15_2_cg272_8    -           1107   2.6e-62  206.2   3.8   1   1   1.8e-60   3.5e-59  195.8   4.6     1   182    37   214    37   280 0.92 -
GH13_35.hmm          -            351 KW1-S15_2_cg272_8    -           1107   6.1e-62  205.2   1.0   1   1   2.1e-54   4.1e-53  176.1   0.3     1   184    37   219    37   229 0.93 -
GH13_29.hmm          -            344 KW1-S15_2_cg272_8    -           1107   6.9e-62  204.8   1.9   1   1   4.3e-60   8.5e-59  194.7   1.4     2   175    37   213    36   275 0.93 -
GH13_21.hmm          -            308 KW1-S15_2_cg272_8    -           1107   2.7e-53  176.6   0.0   1   1   2.7e-54   5.4e-53  175.6   0.0     1   307    37   391    37   392 0.77 -
GH13_20.hmm          -            300 KW1-S15_2_cg272_8    -           1107   3.1e-50  166.5   0.3   1   1   6.2e-51   1.2e-49  164.5   0.3     1   296    37   390    37   392 0.76 -
GH13_18.hmm          -            343 KW1-S15_2_cg272_8    -           1107   6.2e-46  152.2   0.1   1   1   8.9e-47   1.8e-45  150.7   0.0     2   264    55   325    54   339 0.92 -
GH13_39.hmm          -            316 KW1-S15_2_cg272_8    -           1107   1.3e-37  125.2   0.0   1   1   1.4e-38   2.8e-37  124.1   0.0     1   311    37   390    37   393 0.81 -
GH13_2.hmm           -            310 KW1-S15_2_cg272_8    -           1107   1.1e-31  105.7   0.0   1   1   1.4e-32   2.7e-31  104.4   0.0     2   307    37   385    36   388 0.77 -
GH13_10.hmm          -            313 KW1-S15_2_cg272_8    -           1107   1.1e-27   92.4   0.0   1   1   1.4e-26   2.8e-25   84.6   0.0     4   175    36   251    34   274 0.86 -
GH13_14.hmm          -            289 KW1-S15_2_cg272_8    -           1107   1.6e-27   91.8   0.0   1   1   7.8e-27   1.6e-25   85.3   0.0     1   289    46   385    46   385 0.66 -
GH13_41.hmm          -            294 KW1-S15_2_cg272_8    -           1107   3.7e-24   81.0   0.0   1   1   4.9e-24   9.8e-23   76.3   0.0     1   291    37   389    37   392 0.75 -
GH13_42.hmm          -            421 KW1-S15_2_cg272_8    -           1107   2.6e-23   78.0   1.8   1   1   1.7e-18   3.5e-17   57.8   0.0     2    84    37   116    36   148 0.85 -
GH13_9.hmm           -            301 KW1-S15_2_cg272_8    -           1107     2e-21   71.8   0.0   1   1   1.4e-20   2.7e-19   64.8   0.1     1   188    47   255    47   286 0.83 -
GH13_1.hmm           -            306 KW1-S15_2_cg272_8    -           1107   4.5e-21   70.5   0.0   1   1   5.5e-21   1.1e-19   65.9   0.0     2   171    37   212    36   230 0.83 -
GH13_37.hmm          -            320 KW1-S15_2_cg272_8    -           1107   3.3e-20   67.5   0.3   1   1   1.8e-20   3.7e-19   64.0   0.0     7    99    35   116    29   138 0.91 -
GH13_11.hmm          -            351 KW1-S15_2_cg272_8    -           1107     2e-19   65.3   0.1   1   1   2.5e-18     5e-17   57.4   0.0     2   189    37   235    36   266 0.77 -
GH13_32.hmm          -            269 KW1-S15_2_cg272_8    -           1107   6.2e-19   63.8   0.0   1   1   6.2e-20   1.3e-18   62.8   0.0     1   153    53   215    53   345 0.71 -
GH13_19.hmm          -            360 KW1-S15_2_cg272_8    -           1107   9.8e-19   62.9   3.2   1   1   1.6e-16   3.1e-15   51.4   3.4     1   136    37   161    37   225 0.72 -
GH13_3.hmm           -            210 KW1-S15_2_cg272_8    -           1107   3.6e-18   61.1   0.1   1   1   8.8e-18   1.8e-16   55.6   0.1     3   177    44   254    42   267 0.71 -
GH13_13.hmm          -            361 KW1-S15_2_cg272_8    -           1107   1.6e-17   58.9   1.1   1   1   3.1e-15   6.1e-14   47.1   0.8    62   180    71   212    67   220 0.81 -
GH13_12.hmm          -            284 KW1-S15_2_cg272_8    -           1107   6.9e-16   54.0   0.0   1   1   1.5e-16     3e-15   51.9   0.0     1   153    37   212    37   223 0.89 -
GH13_6.hmm           -            289 KW1-S15_2_cg272_8    -           1107   4.7e-15   51.1   0.2   1   1   4.4e-16   8.9e-15   50.2   0.2     2   151    47   211    46   248 0.79 -
GT2_Glycos_transf_2.hmm PF00535.25   170 KW1-S15_2_cg276_2    -            250   5.5e-21   70.4   0.0   1   1   1.6e-23     1e-20   69.5   0.0     1   132     5   125     5   149 0.87 Glycosyl transferase family 2
GH74.hmm             -            233 KW1-S15_2_cg280_1    -            879   6.7e-54  178.0  29.2   1   1   3.9e-15   2.5e-12   41.9   0.8    42   109   182   252   170   259 0.88 -
GT2_Glycos_transf_2.hmm PF00535.25   170 KW1-S15_2_cg286_2    -            680     4e-26   87.1   0.0   1   1   3.6e-28   7.6e-26   86.2   0.0     1   169     6   191     6   192 0.87 Glycosyl transferase family 2
GT2_Glyco_tranf_2_3.hmm PF13641.5    230 KW1-S15_2_cg286_2    -            680   2.8e-24   81.6   0.0   1   1   2.4e-26     5e-24   80.7   0.0     3   219     4   236     2   240 0.85 Glycosyltransferase like family 2
GT27.hmm                -            295 KW1-S15_2_cg286_2    -            680   6.4e-17   57.1   0.0   1   1   1.3e-18   2.7e-16   55.0   0.0     1   229     6   234     6   251 0.80 -
GT2_Glycos_transf_2.hmm PF00535.25   170 KW1-S15_2_cg286_3    -            239   1.8e-31  104.5   0.0   1   1   3.9e-34   2.5e-31  104.1   0.0     2   168     6   169     5   171 0.97 Glycosyl transferase family 2
GT26.hmm             -            171 KW1-S15_2_cg287_2    -            251   1.4e-53  176.3   0.2   1   1   3.3e-56   2.1e-53  175.8   0.1     1   170    55   226    55   227 0.98 -
GT9.hmm              -            225 KW1-S15_2_cg287_3    -            379   2.1e-39  131.0   0.0   1   1   5.1e-42   3.2e-39  130.4   0.0     9   217    96   343    92   349 0.81 -
GT4.hmm              -            160 KW1-S15_2_cg287_4    -            384   1.6e-32  107.7   0.0   1   1   7.7e-35   2.5e-32  107.1   0.0     6   157   195   346   191   349 0.95 -
GT5.hmm              -            472 KW1-S15_2_cg287_4    -            384   3.5e-15   50.8   0.0   1   1   1.6e-17   5.2e-15   50.3   0.0   273   471   183   373   123   374 0.85 -
GT9.hmm              -            225 KW1-S15_2_cg287_5    -            389   8.5e-56  184.7   0.1   1   1   2.8e-58   1.8e-55  183.6   0.0     3   220    76   362    74   371 0.86 -
GT83.hmm             -            540 KW1-S15_2_cg287_6    -            511   3.3e-25   83.9  26.0   1   1   6.4e-28   4.1e-25   83.6  26.0     6   366    17   380    12   425 0.74 -
GH3.hmm              -            216 KW1-S15_2_cg288_6    -            994   7.2e-63  207.3   0.1   1   1   1.9e-65   1.2e-62  206.6   0.1     6   215   121   345   116   346 0.95 -
GH31.hmm             -            427 KW1-S15_2_cg292_4    -            246   2.2e-33  111.1   0.1   1   1   4.2e-34   2.7e-31  104.3   0.1     8   237    29   229    26   239 0.85 -
GT2_Glycos_transf_2.hmm PF00535.25   170 KW1-S15_2_cg297_2    -            282   1.2e-21   72.6   0.1   1   1   5.8e-24   1.9e-21   71.9   0.1     2   169     9   183     8   184 0.88 Glycosyl transferase family 2
GT2_Glyco_tranf_2_3.hmm PF13641.5    230 KW1-S15_2_cg297_2    -            282   2.2e-18   62.2   0.0   1   1   9.5e-21     3e-18   61.8   0.0     4   212     7   221     5   244 0.83 Glycosyltransferase like family 2
GT4.hmm              -            160 KW1-S15_2_cg297_4    -            199   5.9e-23   76.6   0.0   1   1   2.7e-25   8.7e-23   76.1   0.0    11   154    24   168    20   173 0.89 -
GT94.hmm             -            283 KW1-S15_2_cg297_4    -            199   5.8e-17   56.8   0.0   1   1   2.4e-19   7.7e-17   56.4   0.0   111   218    21   130     6   141 0.89 -
GT35.hmm             -            674 KW1-S15_2_cg299_2    -            722  1.3e-126  419.0   2.7   1   2   3.5e-18   2.2e-15   51.4   0.1    20    68   120   169   113   211 0.91 -
GT35.hmm             -            674 KW1-S15_2_cg299_2    -            722  1.3e-126  419.0   2.7   2   2  2.5e-112  1.6e-109  362.5   0.1   210   557   268   633   261   661 0.94 -
GH127.hmm            -            524 KW1-S15_2_cg300_1    -            767  1.4e-206  682.6   0.0   1   1  5.1e-209  1.6e-206  682.4   0.0     1   524    39   571    39   571 0.98 -
GH146.hmm            -            503 KW1-S15_2_cg300_1    -            767   2.4e-51  169.9   0.0   1   1   1.1e-53   3.4e-51  169.4   0.0    74   502   110   570    98   571 0.84 -
GH133.hmm            -            372 KW1-S15_2_cg305_2    -            169   8.3e-27   89.3   0.0   1   1   1.4e-29   9.3e-27   89.1   0.0   126   281    18   166     2   168 0.87 -
GT9.hmm              -            225 KW1-S15_2_cg305_9    -            355   5.3e-57  188.6   0.0   1   1     1e-59   6.5e-57  188.3   0.0     4   220    76   327    73   332 0.88 -
CE14.hmm             -            124 KW1-S15_2_cg305_11   -            783   8.5e-22   73.5   0.0   1   1   3.4e-24   2.2e-21   72.2   0.0     2   122    38   157    37   161 0.89 -
CE10.hmm             -            341 KW1-S15_2_cg306_5    -            681   3.6e-22   74.7   0.1   1   1   4.1e-24   8.9e-22   73.4   0.1    76   316   435   663   363   678 0.80 -
CE1.hmm              -            227 KW1-S15_2_cg306_5    -            681   1.4e-16   56.2   0.3   1   1   1.1e-18   2.4e-16   55.4   0.3    11   211   442   659   436   674 0.75 -
CE10.hmm             -            341 KW1-S15_2_cg306_6    -            255   1.5e-21   72.7   0.1   1   1     3e-24   1.9e-21   72.3   0.1    87   314    18   235     7   252 0.81 -
GT5.hmm              -            472 KW1-S15_2_cg315_5    -            495    1e-190  629.7   0.0   1   1  1.8e-193  1.1e-190  629.5   0.0     1   471     6   489     6   490 0.97 -
GT41.hmm             -            705 KW1-S15_2_cg323_1    -            249   4.1e-18   60.5   4.3   1   1   1.3e-15   8.3e-13   43.0   0.2    85   191    52   160    43   170 0.91 -
GT4.hmm              -            160 KW1-S15_2_cg324_1    -            375     3e-22   74.3   0.0   1   1   1.6e-24   5.2e-22   73.5   0.0    11   154   200   344   196   350 0.89 -
GT94.hmm             -            283 KW1-S15_2_cg324_1    -            375   1.6e-20   68.4   0.0   1   1   7.2e-23   2.3e-20   67.9   0.0    37   218   113   306   103   316 0.85 -
GT2_Glycos_transf_2.hmm PF00535.25   170 KW1-S15_2_cg324_3    -            308   1.4e-34  114.6   0.0   1   1   3.1e-37     2e-34  114.2   0.0     1   165     5   163     5   167 0.91 Glycosyl transferase family 2
GT9.hmm              -            225 KW1-S15_2_cg325_2    -            352   2.6e-49  163.5   0.0   1   1   5.1e-52   3.3e-49  163.1   0.0     3   218    73   327    71   340 0.83 -
GT20.hmm             -            475 KW1-S15_2_cg328_16   -            739  2.6e-171  565.5   0.0   1   1  5.4e-174  3.5e-171  565.1   0.0    11   474     7   466     2   467 0.97 -
GT2_Glycos_transf_2.hmm PF00535.25   170 KW1-S15_2_cg329_2    -            225   7.2e-26   86.3   0.0   1   1   1.7e-28   1.1e-25   85.7   0.0     1   129     4   120     4   186 0.88 Glycosyl transferase family 2
CE11.hmm             -            271 KW1-S15_2_cg333_17   -            491     3e-95  313.9   0.0   1   2   2.8e-76   1.8e-73  242.5   0.0     1   221     5   227     5   235 0.96 -
CE11.hmm             -            271 KW1-S15_2_cg333_17   -            491     3e-95  313.9   0.0   2   2   1.4e-23   9.2e-21   69.6   0.0   206   270   237   301   229   302 0.93 -
#
# Program:         hmmscan
# Version:         3.3.1 (Jul 2020)
# Pipeline mode:   SCAN
# Query file:      /beegfs/home/lxd/2_sea_metagenomics/6.metabat2/bins_redup_refinem_drep/derep_70_10/derepbins_prodigal/KW1-S15_2.proteins.faa
# Target file:     /beegfs/home/lxd/4_salt_metagenomics/tools/CAZy/dbCAN-HMMdb-V8.txt
# Option settings: hmmscan --tblout KW1-S15_2.tbl --domtblout KW1-S15_2_dom.tbl --acc --noali --notextw -E 1e-14 --domE 1e-14 --cpu 30 /beegfs/home/lxd/4_salt_metagenomics/tools/CAZy/dbCAN-HMMdb-V8.txt /beegfs/home/lxd/2_sea_metagenomics/6.metabat2/bins_redup_refinem_drep/derep_70_10/derepbins_prodigal/KW1-S15_2.proteins.faa 
# Current dir:     /beegfs/home/lxd/2_sea_metagenomics/6.metabat2/bins_redup_refinem_drep/derep_70_10/derepbins_cazy
# Date:            Thu Mar  4 17:18:03 2021
# [ok]
