#                                                                            --- full sequence --- -------------- this domain -------------   hmm coord   ali coord   env coord
# target name        accession   tlen query name           accession   qlen   E-value  score  bias   #  of  c-Evalue  i-Evalue  score  bias  from    to  from    to  from    to  acc description of target
#------------------- ---------- ----- -------------------- ---------- ----- --------- ------ ----- --- --- --------- --------- ------ ----- ----- ----- ----- ----- ----- ----- ---- ---------------------
GT41.hmm             -            705 KW1-S15_188_cg14_5   -            458   4.7e-20   66.9   8.3   1   1   9.5e-15   6.1e-12   40.1   3.6    54   191   302   428   288   453 0.70 -
GT4.hmm              -            160 KW1-S15_188_cg16_1   -            305   2.4e-15   51.9   0.0   1   1   4.7e-17     3e-14   48.3   0.0     6   102   207   302   203   303 0.96 -
GT9.hmm              -            225 KW1-S15_188_cg16_2   -            360   1.6e-66  219.7   0.2   1   1   3.7e-69   2.4e-66  219.2   0.2     3   219    79   325    77   330 0.90 -
GH57.hmm             -            383 KW1-S15_188_cg22_3   -            582   2.3e-75  249.4   0.0   1   1   4.7e-78     3e-75  249.0   0.0     1   313     9   467     9   476 0.92 -
GT41.hmm             -            705 KW1-S15_188_cg29_11  -            321   1.3e-30  101.8   0.3   1   1   1.5e-15   9.6e-13   42.8   0.1    58   190    15   155     3   160 0.70 -
GT5.hmm              -            472 KW1-S15_188_cg31_2   -            492  4.5e-193  637.4   0.0   1   1    8e-196  5.1e-193  637.2   0.0     1   471     6   481     6   482 0.99 -
GT41.hmm             -            705 KW1-S15_188_cg34_10  -            227     4e-29   96.9  14.8   1   1   2.1e-21   1.4e-18   62.1   1.2    67   191    41   155    38   156 0.97 -
GH57.hmm             -            383 KW1-S15_188_cg38_4   -            415   2.1e-44  147.5   0.0   1   1   4.1e-47   2.6e-44  147.1   0.0     4   300     8   270     1   304 0.82 -
GH133.hmm            -            372 KW1-S15_188_cg42_8   -            622  1.3e-101  335.5   0.0   1   1  8.8e-104  1.9e-101  334.9   0.0     8   348   291   622   285   622 0.96 -
GH13_25.hmm          -            434 KW1-S15_188_cg42_8   -            622   9.1e-26   85.6   0.0   1   1   3.3e-15     7e-13   43.2   0.0     7    90   298   377   294   392 0.87 -
GH78.hmm             -            504 KW1-S15_188_cg42_8   -            622   1.1e-19   65.7   0.0   1   1   7.2e-22   1.5e-19   65.3   0.0   149   347   306   531   304   570 0.80 -
GH23.hmm             -            135 KW1-S15_188_cg43_3   -            196   2.3e-23   78.5   0.0   1   1   4.7e-26     3e-23   78.1   0.0    13   124    92   191    83   195 0.90 -
GT41.hmm             -            705 KW1-S15_188_cg43_14  -            351   3.9e-47  156.4  12.2   1   2   2.2e-23   1.4e-20   68.6   0.6    60   191    34   155    19   156 0.93 -
GT41.hmm             -            705 KW1-S15_188_cg43_14  -            351   3.9e-47  156.4  12.2   2   2   9.9e-19   6.3e-16   53.3   0.7   117   191   148   223   147   228 0.95 -
AA7.hmm              -            458 KW1-S15_188_cg48_1   -            448   1.2e-22   76.4   0.0   1   1   2.3e-24   1.5e-21   72.9   0.1    11   147    37   181    34   191 0.86 -
GT9.hmm              -            225 KW1-S15_188_cg50_1   -            349     4e-37  123.6   0.0   1   1   7.9e-40   5.1e-37  123.2   0.0     3   194   108   349   106   349 0.86 -
GT41.hmm             -            705 KW1-S15_188_cg50_2   -            583     3e-19   64.3   0.0   1   1   1.1e-17   7.3e-15   49.8   0.0    62   189   403   520   394   526 0.93 -
GT41.hmm             -            705 KW1-S15_188_cg53_2   -            217   3.4e-33  110.4   4.3   1   1   2.8e-16   1.8e-13   45.2   0.3   122   191    67   136    64   137 0.96 -
GT2_Glyco_tranf_2_3.hmm PF13641.5    230 KW1-S15_188_cg59_3   -            411   8.7e-33  109.4   0.0   1   1   5.7e-35   1.2e-32  108.9   0.0     1   228    66   294    66   296 0.92 Glycosyltransferase like family 2
GT2_Glyco_trans_2_3.hmm PF13632.5    197 KW1-S15_188_cg59_3   -            411     7e-26   86.6   1.3   1   1   3.3e-28     7e-26   86.6   1.3     2   192   156   362   155   370 0.76 Glycosyl transferase family group 2
GT2_Glycos_transf_2.hmm PF00535.25   170 KW1-S15_188_cg59_3   -            411   1.6e-22   75.4   0.0   1   1   9.8e-25   2.1e-22   75.0   0.0     3   168    71   241    69   243 0.90 Glycosyl transferase family 2
GT51.hmm             -            177 KW1-S15_188_cg76_3   -            809   9.5e-69  225.7   0.0   1   1   2.1e-71   1.4e-68  225.2   0.0     3   176    81   254    79   255 0.98 -
GH23.hmm             -            135 KW1-S15_188_cg87_5   -            404   4.1e-27   90.6   0.5   1   1   1.7e-28   5.5e-26   87.0   0.2     2   120   118   249   117   260 0.95 -
CBM50.hmm            -             40 KW1-S15_188_cg87_5   -            404   1.2e-15   53.0   0.1   1   1   2.1e-17   6.8e-15   50.5   0.1     1    39   358   400   358   400 0.90 -
GH103.hmm            -            295 KW1-S15_188_cg87_7   -            296   3.3e-54  179.2   0.1   1   1   1.1e-51   7.2e-49  161.7   0.0     9   204    41   262    35   264 0.88 -
GT28.hmm             -            157 KW1-S15_188_cg94_7   -            364   1.5e-51  169.5   0.3   1   1   3.5e-54   2.2e-51  169.0   0.3     1   157   185   347   185   347 0.96 -
GT19.hmm             -            354 KW1-S15_188_cg111_14 -            383  5.8e-124  408.6   0.0   1   1    1e-126  6.5e-124  408.4   0.0     2   352     9   362     8   364 0.98 -
CBM50.hmm            -             40 KW1-S15_188_cg113_8  -            670   1.3e-38  126.4   1.1   1   2   7.3e-15   2.3e-12   42.4   0.0     1    38   501   541   501   542 0.91 -
CBM50.hmm            -             40 KW1-S15_188_cg113_8  -            670   1.3e-38  126.4   1.1   2   2   3.4e-15   1.1e-12   43.5   0.1     1    39   571   612   571   612 0.91 -
GH23.hmm             -            135 KW1-S15_188_cg113_8  -            670   4.3e-20   67.9   0.0   1   1   2.6e-22   8.3e-20   67.0   0.0     8   126   265   404   258   413 0.89 -
AA1.hmm              -            943 KW1-S15_188_cg132_14 -            516   1.1e-47  158.2  23.6   1   2   9.3e-38   1.5e-35  118.0   3.7   439   620   219   414   207   414 0.87 -
AA1.hmm              -            943 KW1-S15_188_cg132_14 -            516   1.1e-47  158.2  23.6   2   2   1.7e-18   2.7e-16   54.2  11.9   453   538   383   477   370   479 0.86 -
AA1_2.hmm            -            337 KW1-S15_188_cg132_14 -            516   1.5e-27   91.8   1.7   1   1   3.3e-25   5.3e-23   76.8   0.0     6   122   250   364   246   368 0.92 -
AA1_3.hmm            -            312 KW1-S15_188_cg132_14 -            516   1.1e-23   79.1   6.2   1   1   7.4e-24   1.2e-21   72.5   0.2    34   151   248   364   231   371 0.84 -
AA1_1.hmm            -            303 KW1-S15_188_cg132_14 -            516     7e-21   69.9   0.0   1   1   1.4e-22   2.3e-20   68.2   0.0    13   211   251   432   246   437 0.83 -
GT41.hmm             -            705 KW1-S15_188_cg132_16 -            162     3e-17   57.6   0.0   1   1   2.4e-15   1.5e-12   42.1   0.0    82   191     8   106     2   110 0.93 -
GT41.hmm             -            705 KW1-S15_188_cg141_5  -            547   6.5e-48  159.0  10.8   1   2   7.9e-16     5e-13   43.7   0.2    80   190   115   249   109   251 0.80 -
GT41.hmm             -            705 KW1-S15_188_cg141_5  -            547   6.5e-48  159.0  10.8   2   2   1.5e-16   9.7e-14   46.1   0.3    60   191   299   420   296   422 0.94 -
GH18.hmm             -            296 KW1-S15_188_cg148_4  -            326   6.4e-19   64.1   0.0   1   1   1.2e-21   7.7e-19   63.8   0.0    48   201    75   262    32   319 0.74 -
GT2_Glycos_transf_2.hmm PF00535.25   170 KW1-S15_188_cg151_4  -            380     8e-23   76.4   0.0   1   1   3.6e-25   1.1e-22   75.9   0.0     1   165    48   216    48   221 0.80 Glycosyl transferase family 2
GT2_Glyco_tranf_2_3.hmm PF13641.5    230 KW1-S15_188_cg151_4  -            380   2.2e-22   75.3   0.0   1   1   1.3e-24     4e-22   74.5   0.0     4   203    47   249    46   273 0.88 Glycosyltransferase like family 2
GH57.hmm             -            383 KW1-S15_188_cg167_6  -            830   1.1e-57  191.2   0.0   1   1   3.2e-60     2e-57  190.3   0.0    32   298    67   335    15   356 0.82 -
GH23.hmm             -            135 KW1-S15_188_cg171_1  -            183   6.2e-29   96.5   0.0   1   1   1.3e-31   8.2e-29   96.1   0.0    11   122    53   174    42   179 0.91 -
GH3.hmm              -            216 KW1-S15_188_cg171_3  -            358   3.2e-61  201.9   0.0   1   1   6.3e-64     4e-61  201.6   0.0     7   216    75   297    69   297 0.95 -
CE4.hmm              -            130 KW1-S15_188_cg174_1  -            178   3.1e-27   90.6   0.0   1   1   5.7e-30   3.6e-27   90.4   0.0    14   127     1   130     1   133 0.92 -
GT4.hmm              -            160 KW1-S15_188_cg174_2  -            460   4.3e-29   96.5   0.0   1   1   3.9e-31   2.5e-28   94.1   0.0     7   130   226   350   221   415 0.84 -
GT4.hmm              -            160 KW1-S15_188_cg180_3  -            409   2.6e-29   97.3   0.0   1   1   6.1e-32   3.9e-29   96.7   0.0     6   159   214   371   209   372 0.93 -
GT51.hmm             -            177 KW1-S15_188_cg183_3  -            750   7.1e-73  239.1   0.0   1   1   1.7e-75   1.1e-72  238.5   0.0     2   176    55   229    54   230 0.99 -
GT2_Glycos_transf_2.hmm PF00535.25   170 KW1-S15_188_cg185_4  -            234   1.1e-23   79.2   0.0   1   1   2.3e-26   1.5e-23   78.8   0.0     1   124     7   122     7   137 0.95 Glycosyl transferase family 2
GT41.hmm             -            705 KW1-S15_188_cg191_3  -            273   1.1e-17   59.1   0.2   1   1   1.9e-18   1.2e-15   52.3   0.2    76   191    36   141    23   257 0.79 -
GT4.hmm              -            160 KW1-S15_188_cg193_1  -            158     8e-29   95.7   0.0   1   1   1.5e-31   9.7e-29   95.4   0.0    41   159     2   119     1   120 0.98 -
GT2_Glycos_transf_2.hmm PF00535.25   170 KW1-S15_188_cg193_2  -            252     1e-22   76.0   0.1   1   1   2.3e-25   1.5e-22   75.5   0.1     1   126     5   121     5   152 0.87 Glycosyl transferase family 2
GT9.hmm              -            225 KW1-S15_188_cg193_3  -            367   1.7e-62  206.6   0.1   1   1   3.7e-65   2.4e-62  206.1   0.1     2   218    83   332    82   339 0.88 -
GT4.hmm              -            160 KW1-S15_188_cg193_4  -            387   1.3e-24   82.0   0.0   1   1     6e-27   1.9e-24   81.4   0.0     6   152   202   344   197   348 0.92 -
GT5.hmm              -            472 KW1-S15_188_cg193_4  -            387   6.9e-17   56.5   0.0   1   1   5.6e-19   1.8e-16   55.1   0.0   238   452   168   355   149   374 0.77 -
GT9.hmm              -            225 KW1-S15_188_cg193_7  -            371   1.7e-48  160.8   0.0   1   1   3.4e-51   2.2e-48  160.4   0.0     2   221    95   345    94   353 0.87 -
GT9.hmm              -            225 KW1-S15_188_cg193_8  -            382   2.2e-47  157.2   0.2   1   1   4.4e-50   2.8e-47  156.8   0.2     2   203   110   342   109   358 0.86 -
GT9.hmm              -            225 KW1-S15_188_cg193_9  -            357   1.9e-61  203.2   0.0   1   1   3.7e-64   2.4e-61  202.8   0.0     4   221    83   327    80   331 0.85 -
GT4.hmm              -            160 KW1-S15_188_cg197_4  -            383   4.7e-30   99.7   0.0   1   1   3.4e-32   1.1e-29   98.5   0.0    10   157   204   343   198   346 0.96 -
GT5.hmm              -            472 KW1-S15_188_cg197_4  -            383   7.7e-20   66.2   0.0   1   1   1.2e-20   3.9e-18   60.6   0.0   289   471   200   369   157   370 0.80 -
#
# Program:         hmmscan
# Version:         3.3.1 (Jul 2020)
# Pipeline mode:   SCAN
# Query file:      /beegfs/home/lxd/2_sea_metagenomics/6.metabat2/bins_redup_refinem_drep/derep_70_10/derepbins_prodigal/KW1-S15_188.proteins.faa
# Target file:     /beegfs/home/lxd/4_salt_metagenomics/tools/CAZy/dbCAN-HMMdb-V8.txt
# Option settings: hmmscan --tblout KW1-S15_188.tbl --domtblout KW1-S15_188_dom.tbl --acc --noali --notextw -E 1e-14 --domE 1e-14 --cpu 30 /beegfs/home/lxd/4_salt_metagenomics/tools/CAZy/dbCAN-HMMdb-V8.txt /beegfs/home/lxd/2_sea_metagenomics/6.metabat2/bins_redup_refinem_drep/derep_70_10/derepbins_prodigal/KW1-S15_188.proteins.faa 
# Current dir:     /beegfs/home/lxd/2_sea_metagenomics/6.metabat2/bins_redup_refinem_drep/derep_70_10/derepbins_cazy
# Date:            Thu Mar  4 16:26:47 2021
# [ok]
