#                                                                            --- full sequence --- -------------- this domain -------------   hmm coord   ali coord   env coord
# target name        accession   tlen query name           accession   qlen   E-value  score  bias   #  of  c-Evalue  i-Evalue  score  bias  from    to  from    to  from    to  acc description of target
#------------------- ---------- ----- -------------------- ---------- ----- --------- ------ ----- --- --- --------- --------- ------ ----- ----- ----- ----- ----- ----- ----- ---- ---------------------
CE4.hmm              -            130 KW1-S08_192_cg6_11   -            308   1.1e-17   59.8   0.0   1   1   2.6e-20   1.7e-17   59.2   0.0    24   126    69   172    46   176 0.88 -
GT4.hmm              -            160 KW1-S08_192_cg21_2   -            407   3.6e-35  116.3   0.0   1   1   9.6e-38   6.1e-35  115.6   0.0     9   156   210   362   205   366 0.92 -
GT41.hmm             -            705 KW1-S08_192_cg23_13  -            342     1e-26   88.9   0.1   1   1   5.4e-20   3.4e-17   57.5   0.0    57   191    97   222    78   225 0.92 -
GH23.hmm             -            135 KW1-S08_192_cg34_2   -            241   6.4e-32  106.2   0.0   1   1   1.5e-34   9.9e-32  105.6   0.0    15   126   118   228   107   237 0.93 -
GT2_Glycos_transf_2.hmm PF00535.25   170 KW1-S08_192_cg36_3   -            318   3.2e-34  113.5   0.0   1   1     9e-37   5.8e-34  112.6   0.0     1   168     4   166     4   168 0.90 Glycosyl transferase family 2
CE4.hmm              -            130 KW1-S08_192_cg55_1   -            311   1.1e-20   69.4   0.0   1   1   2.8e-23   1.8e-20   68.8   0.0    23   126    68   172    47   176 0.87 -
GT4.hmm              -            160 KW1-S08_192_cg67_4   -            390   2.9e-23   77.6   0.0   1   1   1.2e-25   7.4e-23   76.3   0.0     7   151   201   338   196   345 0.90 -
GT4.hmm              -            160 KW1-S08_192_cg67_5   -            359   5.2e-19   63.8   0.0   1   1   1.7e-21   1.1e-18   62.8   0.0    10   151   186   321   179   326 0.89 -
GT83.hmm             -            540 KW1-S08_192_cg75_3   -            629   1.9e-26   88.0  36.0   1   1   7.8e-29     5e-26   86.6  36.0    61   363    54   419     2   446 0.75 -
GT83.hmm             -            540 KW1-S08_192_cg81_2   -            515   1.3e-16   55.5  48.7   1   1   4.6e-19   2.9e-16   54.4  48.6    66   366    61   394    61   430 0.77 -
GT2_Glycos_transf_2.hmm PF00535.25   170 KW1-S08_192_cg81_3   -            354   3.6e-35  116.6   0.1   1   1   7.9e-38     5e-35  116.1   0.1     1   169    18   181    18   182 0.96 Glycosyl transferase family 2
GH23.hmm             -            135 KW1-S08_192_cg83_23  -            279   1.8e-21   72.4   0.0   1   1   4.4e-24   2.8e-21   71.7   0.0     6   128   132   275   129   278 0.85 -
GH102.hmm            -            157 KW1-S08_192_cg84_1   -            258   7.1e-42  138.4   0.0   1   1   1.5e-44   9.3e-42  138.0   0.0     1   126   131   257   131   258 0.98 -
AA12.hmm             -            401 KW1-S08_192_cg90_3   -            379   4.3e-18   60.3   0.0   1   1   3.5e-17   2.2e-14   48.1   0.0    11   399    39   372    31   374 0.74 -
GT2_Glycos_transf_2.hmm PF00535.25   170 KW1-S08_192_cg94_1   -            245   1.4e-31  104.9   0.1   1   1     9e-34   1.9e-31  104.4   0.1     1   169     6   166     6   167 0.95 Glycosyl transferase family 2
GT2_Glyco_tranf_2_3.hmm PF13641.5    230 KW1-S08_192_cg94_1   -            245   5.8e-18   60.9   0.0   1   1   3.3e-20   7.1e-18   60.6   0.0     4   215     5   206     3   219 0.89 Glycosyltransferase like family 2
GT27.hmm                -            295 KW1-S08_192_cg94_1   -            245   2.2e-17   58.6   0.1   1   1   4.9e-19     1e-16   56.4   0.1     1   227     6   206     6   220 0.83 -
GT94.hmm             -            283 KW1-S08_192_cg94_2   -            376   9.9e-24   79.0   0.0   1   1   4.3e-26   1.4e-23   78.5   0.0    38   218   119   311   111   340 0.83 -
GT4.hmm              -            160 KW1-S08_192_cg94_2   -            376   2.4e-23   77.8   0.0   1   1   1.3e-25   4.2e-23   77.1   0.0     8   149   202   344   197   350 0.89 -
GT2_Glycos_transf_2.hmm PF00535.25   170 KW1-S08_192_cg94_6   -            317   1.3e-34  114.8   0.0   1   1   3.1e-37     2e-34  114.2   0.0     1   126    12   138    12   175 0.86 Glycosyl transferase family 2
GT41.hmm             -            705 KW1-S08_192_cg94_7   -            679     2e-34  114.4   8.0   1   2   2.6e-21   1.7e-18   61.8   0.1    64   191   434   551   422   554 0.91 -
GT41.hmm             -            705 KW1-S08_192_cg94_7   -            679     2e-34  114.4   8.0   2   2   6.3e-19     4e-16   53.9   0.1    82   191   520   619   518   622 0.95 -
GT4.hmm              -            160 KW1-S08_192_cg96_8   -            281   5.6e-40  131.9   0.0   1   1   2.5e-42   7.9e-40  131.4   0.0    11   159    89   236    79   237 0.96 -
GT5.hmm              -            472 KW1-S08_192_cg96_8   -            281   3.5e-21   70.7   0.0   1   1   1.4e-23   4.4e-21   70.3   0.0   276   469    73   259    54   261 0.80 -
GH109.hmm            -            126 KW1-S08_192_cg119_16 -            412   1.2e-17   59.8   1.4   1   1   5.6e-20   3.6e-17   58.2   1.4     1   122    14   125    14   129 0.91 -
GT41.hmm             -            705 KW1-S08_192_cg130_8  -            190   1.1e-15   52.5   0.0   1   1   1.2e-15   7.8e-13   43.1   0.0    77   191    28   131    22   134 0.92 -
AA4.hmm              -            522 KW1-S08_192_cg130_9  -            148   1.2e-17   59.0   0.0   1   1   4.5e-20   1.4e-17   58.8   0.0    14   141     4   136     1   145 0.89 -
AA7.hmm              -            458 KW1-S08_192_cg130_9  -            148   2.7e-15   52.2   0.0   1   1     1e-17   3.2e-15   52.0   0.0    12   101    48   139    39   141 0.91 -
GT20.hmm             -            475 KW1-S08_192_cg133_3  -            496  1.6e-174  576.2   0.0   1   1    3e-177  1.9e-174  575.9   0.0    13   474    17   475     9   476 0.96 -
CE4.hmm              -            130 KW1-S08_192_cg135_14 -            306   4.1e-15   51.4   0.0   1   1   1.2e-17   7.4e-15   50.6   0.0    18   124    79   187    68   192 0.85 -
GT2_Glyco_tranf_2_3.hmm PF13641.5    230 KW1-S08_192_cg145_8  -            520   9.3e-27   89.7   0.0   1   1   7.4e-29   1.2e-26   89.3   0.0     2   228    67   295    66   297 0.90 Glycosyltransferase like family 2
GT2_Glycos_transf_2.hmm PF00535.25   170 KW1-S08_192_cg145_8  -            520   1.9e-24   81.7   0.0   1   1   1.9e-26     3e-24   81.0   0.0     3   165    72   239    70   242 0.89 Glycosyl transferase family 2
GT2_Glyco_trans_2_3.hmm PF13632.5    197 KW1-S08_192_cg145_8  -            520   3.2e-23   77.9   0.9   1   1     2e-25   3.2e-23   77.9   0.9     3   190   158   366   156   371 0.73 Glycosyl transferase family group 2
GT21.hmm                -            233 KW1-S08_192_cg145_8  -            520   4.3e-15   51.1   0.0   1   1   4.5e-17   7.2e-15   50.4   0.0     1   231    67   296    67   297 0.93 -
GT2_Glycos_transf_2.hmm PF00535.25   170 KW1-S08_192_cg146_7  -            226   9.4e-19   63.1   0.0   1   1   2.2e-21   1.4e-18   62.6   0.0     1   168     4   150     4   152 0.82 Glycosyl transferase family 2
GH23.hmm             -            135 KW1-S08_192_cg151_5  -            417   5.9e-19   64.2   0.0   1   1   1.6e-21     1e-18   63.4   0.0     2   105   127   242   126   273 0.81 -
GT4.hmm              -            160 KW1-S08_192_cg152_3  -            432   9.5e-30   98.7   0.0   1   1   5.3e-32   1.7e-29   97.9   0.0     7   159   236   389   231   390 0.91 -
GT5.hmm              -            472 KW1-S08_192_cg152_3  -            432   3.7e-20   67.3   0.0   1   1   6.9e-22   2.2e-19   64.7   0.0   270   471   215   414   174   415 0.89 -
AA4.hmm              -            522 KW1-S08_192_cg152_7  -            963     8e-15   49.7   0.4   1   1   1.9e-16   1.2e-13   45.8   0.1    52   188    43   178    20   183 0.85 -
CE7.hmm              -            313 KW1-S08_192_cg154_11 -            253   2.1e-18   61.6   0.0   1   1   1.2e-16   7.8e-14   46.5   0.0   172   298   100   229    78   238 0.77 -
CE7.hmm              -            313 KW1-S08_192_cg159_7  -            404   1.4e-19   65.5   0.0   1   1   1.2e-15   7.8e-13   43.2   0.0   161   312   226   376   218   377 0.85 -
GT51.hmm             -            177 KW1-S08_192_cg162_9  -            797   2.8e-61  201.4   0.0   1   1   9.4e-64     6e-61  200.3   0.0    11   176   173   342   165   343 0.97 -
GT9.hmm              -            225 KW1-S08_192_cg162_12 -            344   1.3e-42  141.6   0.0   1   1   3.1e-45     2e-42  140.9   0.0    29   219   110   310    77   316 0.82 -
GT41.hmm             -            705 KW1-S08_192_cg162_20 -            378   6.2e-29   96.3   1.4   1   1   1.5e-19   9.7e-17   56.0   0.3    62   191   166   285   140   287 0.83 -
GT83.hmm             -            540 KW1-S08_192_cg166_1  -            459   3.4e-21   70.6  41.5   1   1   5.3e-24   3.4e-21   70.6  41.5    91   362   151   443   143   457 0.72 -
GT4.hmm              -            160 KW1-S08_192_cg172_10 -            501   4.8e-24   80.1   0.0   1   1   1.8e-26   1.1e-23   78.9   0.0     8   155   272   439   267   444 0.84 -
CE4.hmm              -            130 KW1-S08_192_cg189_2  -            288   5.1e-17   57.6   0.0   1   1   1.3e-19   8.6e-17   56.9   0.0    25   123    71   170    50   175 0.90 -
GT2_Glycos_transf_2.hmm PF00535.25   170 KW1-S08_192_cg190_3  -            254   1.9e-40  133.8   0.0   1   1   8.8e-43   2.8e-40  133.2   0.0     1   169    11   192    11   193 0.99 Glycosyl transferase family 2
GT81.hmm                -            293 KW1-S08_192_cg190_3  -            254   6.5e-19   63.2   0.0   1   1   2.6e-21   8.3e-19   62.8   0.0    18   136     5   131     1   212 0.89 -
GT28.hmm             -            157 KW1-S08_192_cg191_18 -            356   1.1e-55  183.0   0.1   1   1   2.3e-58   1.5e-55  182.6   0.1     1   157   179   341   179   341 0.97 -
GT2_Glycos_transf_2.hmm PF00535.25   170 KW1-S08_192_cg205_2  -            263   1.4e-20   69.1   0.0   1   1   3.1e-23     2e-20   68.6   0.0     1   157     9   151     9   163 0.92 Glycosyl transferase family 2
GT4.hmm              -            160 KW1-S08_192_cg205_3  -            367   1.3e-40  134.0   0.0   1   1     7e-43   2.2e-40  133.2   0.0    11   159   187   333   179   334 0.97 -
GT5.hmm              -            472 KW1-S08_192_cg205_3  -            367   1.5e-20   68.6   0.1   1   1     1e-22   3.3e-20   67.4   0.0   285   471   178   358   169   359 0.82 -
CE11.hmm             -            271 KW1-S08_192_cg212_11 -            427   1.1e-84  279.2   0.0   1   1   2.1e-87   1.3e-84  278.9   0.0     1   270   155   421   155   422 0.96 -
GT41.hmm             -            705 KW1-S08_192_cg219_4  -           1035   5.7e-37  122.9   0.6   1   2   6.4e-16   4.1e-13   44.0   0.1   123   191   877   945   876   946 0.97 -
GT41.hmm             -            705 KW1-S08_192_cg219_4  -           1035   5.7e-37  122.9   0.6   2   2   4.4e-16   2.8e-13   44.5   0.0   121   191   942  1013   941  1030 0.88 -
GH76.hmm             -            358 KW1-S08_192_cg233_8  -            683   6.2e-15   50.6   0.0   1   1   4.5e-15   2.9e-12   41.8   0.0    47   185   413   571   373   576 0.76 -
GT2_Glycos_transf_2.hmm PF00535.25   170 KW1-S08_192_cg259_5  -            248   3.9e-27   90.4   0.0   1   1   7.6e-30   4.9e-27   90.1   0.0     1   169    13   180    13   181 0.88 Glycosyl transferase family 2
GT4.hmm              -            160 KW1-S08_192_cg268_2  -            228   3.4e-19   64.4   0.0   1   1   7.5e-22   4.8e-19   63.9   0.0     7   156    33   182    29   187 0.93 -
GT41.hmm             -            705 KW1-S08_192_cg270_3  -            541   2.8e-15   51.1   1.3   1   1   3.9e-15   2.5e-12   41.4   0.5    62   191   383   502   330   534 0.82 -
GT9.hmm              -            225 KW1-S08_192_cg275_5  -            326   7.1e-20   67.2   0.0   1   1   1.6e-22     1e-19   66.6   0.0     4   187   111   326   109   326 0.78 -
GT4.hmm              -            160 KW1-S08_192_cg294_2  -            317   1.1e-16   56.3   0.0   1   1   7.8e-18     5e-15   50.8   0.0     7   155   139   285   134   290 0.89 -
GH84.hmm             -            295 KW1-S08_192_cg294_5  -            384   4.6e-84  277.4   0.0   1   1   9.2e-87   5.9e-84  277.0   0.0     1   293    10   323    10   344 0.91 -
GT2_Glycos_transf_2.hmm PF00535.25   170 KW1-S08_192_cg305_2  -            232   7.8e-23   76.4   0.0   1   1   3.3e-25   1.1e-22   76.0   0.0     1   168     4   160     4   162 0.90 Glycosyl transferase family 2
GT81.hmm                -            293 KW1-S08_192_cg305_2  -            232   1.4e-18   62.1   0.0   1   1   5.6e-21   1.8e-18   61.7   0.0    22   146     2   109     1   133 0.90 -
CE4.hmm              -            130 KW1-S08_192_cg314_3  -            282   3.1e-15   51.8   0.0   1   1   8.1e-18   5.2e-15   51.1   0.0    19   125    60   168    52   172 0.90 -
GH15.hmm             -            361 KW1-S08_192_cg321_4  -            607     7e-85  280.6   0.1   1   1   1.4e-87   8.7e-85  280.3   0.1     2   360   226   595   225   596 0.90 -
AA4.hmm              -            522 KW1-S08_192_cg324_7  -            495   7.3e-27   89.4   0.5   1   1   7.6e-27   2.4e-24   81.1   0.1    14   263     4   256     2   269 0.82 -
AA7.hmm              -            458 KW1-S08_192_cg324_7  -            495   6.7e-19   64.1   1.9   1   1   1.6e-20   5.2e-18   61.2   1.0    27   148    59   182    38   193 0.86 -
GT4.hmm              -            160 KW1-S08_192_cg334_6  -            312   7.8e-39  128.2   0.0   1   1   3.4e-41   1.1e-38  127.8   0.0     7   159   129   279   123   280 0.96 -
GT5.hmm              -            472 KW1-S08_192_cg334_6  -            312   5.3e-17   56.9   0.0   1   1   2.1e-19   6.6e-17   56.5   0.0   204   472    72   305    38   305 0.89 -
GT20.hmm             -            475 KW1-S08_192_cg337_3  -            480  2.7e-176  582.0   0.0   1   1  4.7e-179    3e-176  581.8   0.0    14   473     4   460     1   462 0.97 -
GT2_Glycos_transf_2.hmm PF00535.25   170 KW1-S08_192_cg348_4  -            249   1.1e-29   98.7   0.0   1   1   2.4e-32   1.6e-29   98.2   0.0     3   124     6   132     4   176 0.87 Glycosyl transferase family 2
GH102.hmm            -            157 KW1-S08_192_cg349_17 -            394   4.5e-58  191.0   0.0   1   1     1e-60   6.6e-58  190.5   0.0     1   157   130   287   130   287 0.99 -
GT4.hmm              -            160 KW1-S08_192_cg361_2  -            384   2.4e-33  110.4   0.0   1   1   1.9e-35   6.2e-33  109.0   0.0     6   160   197   351   194   351 0.95 -
GT5.hmm              -            472 KW1-S08_192_cg361_2  -            384   1.4e-21   72.0   0.0   1   1   1.4e-20   4.4e-18   60.4   0.0   291   471   199   375   163   376 0.83 -
GT41.hmm             -            705 KW1-S08_192_cg371_14 -            369   5.1e-27   90.0   1.8   1   1   2.9e-15   1.9e-12   41.8   0.2   122   197   270   361   266   365 0.91 -
CBM50.hmm            -             40 KW1-S08_192_cg385_10 -            646   5.9e-22   73.1   0.6   1   1   1.6e-15   5.1e-13   44.5   0.0     1    40   391   434   391   434 0.90 -
GH23.hmm             -            135 KW1-S08_192_cg385_10 -            646   2.4e-20   68.7   1.3   1   1   1.3e-22   4.3e-20   67.9   0.7     5   120   153   268   149   299 0.80 -
CE10.hmm             -            341 KW1-S08_192_cg388_7  -            595   1.5e-39  131.8   0.3   1   1   3.5e-42   2.2e-39  131.3   0.3    67   309    54   281    24   321 0.78 -
CE10.hmm             -            341 KW1-S08_192_cg388_8  -            591   1.1e-38  129.0   0.3   1   1   2.4e-41   1.5e-38  128.5   0.3    67   307    55   281    31   304 0.82 -
GT41.hmm             -            705 KW1-S08_192_cg390_2  -            252   9.9e-32  105.5  10.2   1   1   4.8e-16   3.1e-13   44.4   0.5   124   191    66   133    65   134 0.94 -
GT2_Glycos_transf_2.hmm PF00535.25   170 KW1-S08_192_cg403_3  -            237   2.4e-33  110.6   0.0   1   1   1.2e-35   3.9e-33  109.9   0.0     1   164     4   170     4   175 0.85 Glycosyl transferase family 2
GT81.hmm                -            293 KW1-S08_192_cg403_3  -            237     2e-18   61.6   0.0   1   1   7.3e-21   2.3e-18   61.4   0.0    22   148     2   126     1   199 0.83 -
GT41.hmm             -            705 KW1-S08_192_cg416_1  -            605   2.5e-44  147.2  30.7   1   3   1.8e-16   1.2e-13   45.8   1.6    30   191    91   242    57   245 0.74 -
GT41.hmm             -            705 KW1-S08_192_cg416_1  -            605   2.5e-44  147.2  30.7   2   3     3e-18   1.9e-15   51.7   0.3    67   191   162   310   157   323 0.79 -
GT41.hmm             -            705 KW1-S08_192_cg416_1  -            605   2.5e-44  147.2  30.7   3   3   3.8e-15   2.4e-12   41.4   4.9    59   191   392   515   384   517 0.92 -
GT81.hmm             -            293 KW1-S08_192_cg422_5  -            433   6.9e-70  230.5   0.0   1   1   1.7e-72   1.1e-69  229.8   0.0    11   265    14   275     5   298 0.90 -
GT20.hmm             -            475 KW1-S08_192_cg422_10 -            481  1.1e-171  566.8   0.0   1   1    2e-174  1.3e-171  566.5   0.0    13   474    15   473     3   474 0.96 -
CE4.hmm              -            130 KW1-S08_192_cg423_20 -            313   9.3e-15   50.3   0.0   1   1   2.3e-17   1.5e-14   49.6   0.0    26   126    72   173    51   177 0.87 -
GT2_Glycos_transf_2.hmm PF00535.25   170 KW1-S08_192_cg424_7  -            313   9.2e-35  115.2   0.0   1   1     2e-37   1.3e-34  114.8   0.0     1   169    11   173    11   174 0.90 Glycosyl transferase family 2
GT83.hmm             -            540 KW1-S08_192_cg424_19 -            625  2.9e-107  354.7  41.9   1   1  5.5e-110  3.5e-107  354.4  41.9     6   525     5   595     1   605 0.81 -
GT81.hmm             -            293 KW1-S08_192_cg438_12 -            187   4.2e-43  142.6   0.0   1   1   7.8e-46     5e-43  142.3   0.0   155   293    23   167     8   167 0.94 -
GT2_Glycos_transf_2.hmm PF00535.25   170 KW1-S08_192_cg447_5  -            302   2.9e-33  110.4   0.0   1   1   2.5e-35   3.9e-33  109.9   0.0     1   117     6   117     6   165 0.80 Glycosyl transferase family 2
GT2_Glyco_tranf_2_3.hmm PF13641.5    230 KW1-S08_192_cg447_5  -            302   1.9e-23   78.9   0.0   1   1   1.7e-25   2.7e-23   78.4   0.0     1   194     3   183     3   189 0.91 Glycosyltransferase like family 2
GT2_Glyco_tranf_2_2.hmm PF10111.8    276 KW1-S08_192_cg447_5  -            302     3e-20   68.1   0.0   1   1     2e-21   3.2e-19   64.7   0.0     1   203     6   187     6   220 0.74 Glycosyltransferase like family 2
GT27.hmm                -            295 KW1-S08_192_cg447_5  -            302   3.5e-17   57.9   0.0   1   1   2.7e-16   4.4e-14   47.7   0.0     1   113     6   110     6   118 0.88 -
CE10.hmm             -            341 KW1-S08_192_cg452_12 -            240   1.4e-22   76.0   0.2   1   1   2.8e-25   1.8e-22   75.7   0.2    44   218    42   220     7   234 0.79 -
GT41.hmm             -            705 KW1-S08_192_cg474_8  -            488   1.4e-43  144.7   8.2   1   3   2.7e-15   1.7e-12   41.9   0.1   116   191   263   340   215   343 0.86 -
GT41.hmm             -            705 KW1-S08_192_cg474_8  -            488   1.4e-43  144.7   8.2   2   3   7.3e-20   4.6e-17   57.0   0.4   122   191   339   408   337   411 0.96 -
GT41.hmm             -            705 KW1-S08_192_cg474_8  -            488   1.4e-43  144.7   8.2   3   3   1.1e-18   6.9e-16   53.2   0.3   123   191   408   476   407   485 0.95 -
GT41.hmm             -            705 KW1-S08_192_cg474_9  -            630   4.1e-53  176.2   5.4   1   3   4.4e-22   2.8e-19   64.3   0.2    98   191   399   482   383   483 0.84 -
GT41.hmm             -            705 KW1-S08_192_cg474_9  -            630   4.1e-53  176.2   5.4   2   3   3.6e-20   2.3e-17   58.0   0.0   122   191   481   550   479   552 0.96 -
GT41.hmm             -            705 KW1-S08_192_cg474_9  -            630   4.1e-53  176.2   5.4   3   3   5.3e-21   3.4e-18   60.8   0.4   121   191   547   618   546   627 0.91 -
GT8.hmm              -            257 KW1-S08_192_cg481_2  -            513   4.7e-15   51.2   0.0   1   1   1.1e-17   7.1e-15   50.6   0.0    88   255   238   399   195   401 0.79 -
GT2_Glycos_transf_2.hmm PF00535.25   170 KW1-S08_192_cg481_6  -            332   5.5e-34  112.7   0.0   1   1   3.8e-36     8e-34  112.2   0.0     1   169     5   176     5   177 0.95 Glycosyl transferase family 2
GT2_Glyco_tranf_2_3.hmm PF13641.5    230 KW1-S08_192_cg481_6  -            332   4.9e-27   90.6   0.0   1   1     3e-29   6.4e-27   90.2   0.0     3   225     3   233     2   237 0.87 Glycosyltransferase like family 2
GT27.hmm                -            295 KW1-S08_192_cg481_6  -            332   7.1e-18   60.2   0.0   1   1   1.2e-19   2.6e-17   58.3   0.0     2   231     6   221     5   239 0.76 -
GH23.hmm             -            135 KW1-S08_192_cg491_2  -            189   4.6e-37  122.8   0.5   1   1   9.7e-40   6.2e-37  122.4   0.5    14   122    66   173    55   184 0.94 -
GT41.hmm             -            705 KW1-S08_192_cg492_5  -            297   3.5e-23   77.3   0.0   1   1   2.5e-19   1.6e-16   55.2   0.1    53   191    33   161    23   163 0.91 -
#
# Program:         hmmscan
# Version:         3.3.1 (Jul 2020)
# Pipeline mode:   SCAN
# Query file:      /beegfs/home/lxd/2_sea_metagenomics/6.metabat2/bins_redup_refinem_drep/derep_70_10/derepbins_prodigal/KW1-S08_192.proteins.faa
# Target file:     /beegfs/home/lxd/4_salt_metagenomics/tools/CAZy/dbCAN-HMMdb-V8.txt
# Option settings: hmmscan --tblout KW1-S08_192.tbl --domtblout KW1-S08_192_dom.tbl --acc --noali --notextw -E 1e-14 --domE 1e-14 --cpu 30 /beegfs/home/lxd/4_salt_metagenomics/tools/CAZy/dbCAN-HMMdb-V8.txt /beegfs/home/lxd/2_sea_metagenomics/6.metabat2/bins_redup_refinem_drep/derep_70_10/derepbins_prodigal/KW1-S08_192.proteins.faa 
# Current dir:     /beegfs/home/lxd/2_sea_metagenomics/6.metabat2/bins_redup_refinem_drep/derep_70_10/derepbins_cazy
# Date:            Thu Mar  4 12:35:47 2021
# [ok]
