#                                                                            --- full sequence --- -------------- this domain -------------   hmm coord   ali coord   env coord
# target name        accession   tlen query name           accession   qlen   E-value  score  bias   #  of  c-Evalue  i-Evalue  score  bias  from    to  from    to  from    to  acc description of target
#------------------- ---------- ----- -------------------- ---------- ----- --------- ------ ----- --- --- --------- --------- ------ ----- ----- ----- ----- ----- ----- ----- ---- ---------------------
GT41.hmm             -            705 KW1-S21_52_cg9_2     -            662   9.8e-15   49.3   8.1   1   1   7.7e-15   4.9e-12   40.4   0.3    60   191    60   193    22   204 0.79 -
GH3.hmm              -            216 KW1-S21_52_cg21_2    -            759   2.8e-71  234.8   0.0   1   1   6.1e-74   3.9e-71  234.3   0.0     3   215   106   327   104   328 0.98 -
GH97.hmm             -            631 KW1-S21_52_cg37_1    -            211   1.1e-66  220.5   0.0   1   1   1.9e-69   1.2e-66  220.4   0.0   443   630     2   196     1   197 0.98 -
GH109.hmm            -            126 KW1-S21_52_cg42_2    -            457   8.9e-52  170.1   0.2   1   1   2.2e-54   1.4e-51  169.4   0.2     1   126    40   165    40   165 0.99 -
CE10.hmm             -            341 KW1-S21_52_cg53_1    -            675   4.7e-24   80.9   0.1   1   1   2.4e-26   7.7e-24   80.2   0.1    70   320   414   650   399   664 0.86 -
CE7.hmm              -            313 KW1-S21_52_cg53_1    -            675   1.1e-15   52.6   0.0   1   1   3.8e-16   1.2e-13   45.9   0.0    50   292   407   630   394   649 0.83 -
GH13_14.hmm          -            289 KW1-S21_52_cg66_3    -            653  5.8e-122  401.8   1.6   1   1  1.9e-123  8.7e-122  401.2   1.6     1   289   185   509   185   509 0.97 -
GH13_13.hmm          -            361 KW1-S21_52_cg66_3    -            653   8.5e-92  303.2   1.0   1   1     4e-93   1.8e-91  302.1   1.0     2   361   185   510   184   510 0.90 -
GH13_41.hmm          -            294 KW1-S21_52_cg66_3    -            653     1e-77  256.8   0.4   1   1   3.4e-79   1.6e-77  256.2   0.4     5   293   180   515   177   516 0.91 -
GH13_12.hmm          -            284 KW1-S21_52_cg66_3    -            653   2.5e-54  180.1   0.4   1   1   1.1e-55     5e-54  179.2   0.4     8   284   183   513   179   513 0.88 -
GH13_11.hmm          -            351 KW1-S21_52_cg66_3    -            653   3.1e-49  163.3   4.7   1   1     3e-49   1.4e-47  157.9   2.4    11   288   185   479   165   484 0.77 -
GH13_37.hmm          -            320 KW1-S21_52_cg66_3    -            653   3.5e-48  159.4   1.0   1   1   3.7e-49   1.7e-47  157.2   1.0    16   319   183   510   173   510 0.79 -
GH13.hmm             -            299 KW1-S21_52_cg66_3    -            653   1.1e-45  152.4   1.0   1   1   4.7e-47   2.1e-45  151.5   1.0    13   295   165   518   160   522 0.75 -
GH13_32.hmm          -            269 KW1-S21_52_cg66_3    -            653   1.3e-45  151.3   1.2   1   1   4.6e-47   2.1e-45  150.6   1.2     1   255   192   477   192   498 0.89 -
GH13_10.hmm          -            313 KW1-S21_52_cg66_3    -            653   1.5e-35  118.3   0.2   1   1   5.4e-37   2.5e-35  117.6   0.2    11   311   182   509   171   510 0.70 -
GH13_5.hmm           -            342 KW1-S21_52_cg66_3    -            653   2.6e-27   91.1   0.1   1   1   4.8e-16   2.2e-14   48.6   0.1     1    85   187   278   187   300 0.82 -
GH13_28.hmm          -            266 KW1-S21_52_cg66_3    -            653   3.6e-25   84.0   1.3   1   1   3.8e-26   1.8e-24   81.7   1.3    10   262   185   467   182   471 0.72 -
GH13_9.hmm           -            301 KW1-S21_52_cg66_3    -            653   1.9e-20   68.5   0.6   1   1   7.9e-22   3.6e-20   67.6   0.6     1   133   186   336   186   348 0.84 -
GT2_Glycos_transf_2.hmm PF00535.25   170 KW1-S21_52_cg75_5    -            255   1.3e-21   72.5   0.0   1   1   3.2e-24     2e-21   71.8   0.0     1   167     7   166     7   168 0.87 Glycosyl transferase family 2
GT83.hmm             -            540 KW1-S21_52_cg75_7    -            311   1.1e-55  184.5  29.5   1   1   3.8e-58   1.2e-55  184.3  29.5     7   307     4   311     1   311 0.85 -
GT39.hmm             -            223 KW1-S21_52_cg75_7    -            311   2.1e-15   52.2  13.2   1   1   6.5e-18   2.1e-15   52.2  13.2    43   217    50   229    29   233 0.84 -
GH65.hmm             -            372 KW1-S21_52_cg77_2    -            666  5.4e-144  474.9   0.7   1   1  1.1e-146  7.1e-144  474.6   0.7     1   371   225   599   225   600 0.99 -
CE14.hmm             -            124 KW1-S21_52_cg88_1    -            291   1.1e-22   76.5   0.1   1   1   2.9e-25   1.9e-22   75.7   0.1     2   124    29   137    28   137 0.96 -
CBM9.hmm             -            182 KW1-S21_52_cg88_2    -            242   4.6e-26   87.3   0.2   1   1   8.3e-29   5.3e-26   87.1   0.2     2   180    42   238    41   240 0.88 -
AA3.hmm              -            618 KW1-S21_52_cg91_1    -            395   6.4e-29   96.0   0.0   1   1   1.2e-31   7.7e-29   95.8   0.0    86   280     9   344     2   377 0.77 -
GT22.hmm             -            389 KW1-S21_52_cg103_2   -            539   4.4e-32  107.0  26.6   1   1   1.7e-34   5.5e-32  106.7  26.6     2   360    23   391    22   408 0.86 -
GT83.hmm             -            540 KW1-S21_52_cg103_2   -            539   1.4e-19   65.3  21.8   1   1   7.5e-22   2.4e-19   64.5  21.8    69   360    80   376    77   450 0.77 -
GH23.hmm             -            135 KW1-S21_52_cg104_2   -            463   5.3e-31  103.2   0.5   1   1   2.7e-33   8.8e-31  102.5   0.5     2   121    96   231    95   244 0.91 -
CBM50.hmm            -             40 KW1-S21_52_cg104_2   -            463   1.9e-28   93.9   4.1   1   2     4e-16   1.3e-13   46.5   0.4     1    39   347   388   347   388 0.91 -
CBM50.hmm            -             40 KW1-S21_52_cg104_2   -            463   1.9e-28   93.9   4.1   2   2   2.2e-16     7e-14   47.3   0.3     1    39   419   461   419   462 0.89 -
CBM9.hmm             -            182 KW1-S21_52_cg113_1   -            656   8.7e-17   57.1   0.2   1   1   3.6e-19   2.3e-16   55.7   0.2     2   179    52   236    51   238 0.85 -
AA7.hmm              -            458 KW1-S21_52_cg113_4   -            193   7.9e-64  212.2   6.7   1   1   1.4e-66     9e-64  212.0   6.7     2   156    39   193    38   193 0.99 -
CE13.hmm             -            355 KW1-S21_52_cg115_2   -            372   1.2e-32  108.6   0.0   1   1   2.4e-35   1.5e-32  108.2   0.0    25   193    57   226    44   242 0.86 -
GH78.hmm             -            504 KW1-S21_52_cg123_2   -            806   2.4e-18   61.3   1.8   1   1   5.3e-19   3.4e-16   54.2   0.7   160   327   355   525   343   579 0.80 -
GH113.hmm            -            306 KW1-S21_52_cg132_3   -            347  6.4e-103  339.2   6.9   1   1  1.1e-105  7.3e-103  339.0   6.9     2   306    40   341    39   341 0.98 -
GH74.hmm             -            233 KW1-S21_52_cg134_3   -           1012     2e-55  183.0  19.1   1   2   6.5e-16   2.1e-13   45.5   1.8    38   115    61   145    36   149 0.88 -
GH74.hmm             -            233 KW1-S21_52_cg134_3   -           1012     2e-55  183.0  19.1   2   2   4.5e-16   1.4e-13   46.0   0.2    46   110   124   191   123   199 0.90 -
GT3.hmm              -            637 KW1-S21_52_cg144_1   -            514  4.9e-200  661.4   0.1   1   1  8.6e-203  5.5e-200  661.3   0.1     1   502    16   514    16   514 0.98 -
GT2_Glycos_transf_2.hmm PF00535.25   170 KW1-S21_52_cg145_2   -            239   9.2e-27   89.2   0.1   1   1     2e-29   1.3e-26   88.7   0.1     1   168     5   162     5   164 0.82 Glycosyl transferase family 2
CE11.hmm             -            271 KW1-S21_52_cg148_5   -            465   3.1e-98  323.6   0.1   1   2   7.9e-80     5e-77  254.1   0.0     1   217     5   222     5   231 0.96 -
CE11.hmm             -            271 KW1-S21_52_cg148_5   -            465   3.1e-98  323.6   0.1   2   2   5.6e-23   3.6e-20   67.7   0.0   210   270   239   299   229   300 0.95 -
GH31.hmm             -            427 KW1-S21_52_cg150_1   -            388   3.1e-84  278.7   0.1   1   1   5.9e-87   3.8e-84  278.4   0.1   188   427     6   246     1   246 0.97 -
GT41.hmm             -            705 KW1-S21_52_cg156_2   -           1033   2.9e-44  146.9  18.1   1   2   6.7e-17   4.3e-14   47.2   0.2    81   191   270   386   266   392 0.93 -
GT41.hmm             -            705 KW1-S21_52_cg156_2   -           1033   2.9e-44  146.9  18.1   2   2   2.1e-17   1.4e-14   48.9   0.2    78   191   351   470   345   512 0.90 -
GT41.hmm             -            705 KW1-S21_52_cg173_2   -           1005   2.5e-29   97.6  26.0   1   1   1.6e-18     1e-15   52.6   3.9    81   191   253   369   243   375 0.91 -
GT41.hmm             -            705 KW1-S21_52_cg180_1   -            488     1e-18   62.5   3.3   1   1   8.9e-18   5.7e-15   50.1   0.9    47   190   265   398   251   400 0.88 -
GH97.hmm             -            631 KW1-S21_52_cg196_3   -            390    9e-111  366.2   0.1   1   1  1.6e-113    1e-110  366.0   0.1    11   349    18   390     6   390 0.95 -
GH3.hmm              -            216 KW1-S21_52_cg209_3   -            323   6.9e-57  187.8   0.0   1   1   1.3e-59   8.5e-57  187.5   0.0     7   212   103   323    97   323 0.95 -
GH13_9.hmm           -            301 KW1-S21_52_cg212_1   -            527  9.5e-159  522.6   0.8   1   1  1.9e-160  1.2e-158  522.3   0.8     1   301    50   350    50   350 1.00 -
GH13_8.hmm           -            293 KW1-S21_52_cg212_1   -            527   1.5e-47  157.5   0.4   1   1   4.5e-49   2.9e-47  156.5   0.4     1   251    73   319    73   327 0.88 -
GH13_10.hmm          -            313 KW1-S21_52_cg212_1   -            527   1.1e-37  125.4   0.2   1   1   1.6e-36   1.1e-34  115.5   0.1    10   223    44   279    38   310 0.79 -
GH13.hmm             -            299 KW1-S21_52_cg212_1   -            527   9.7e-37  123.1   7.1   1   1   2.7e-38   1.7e-36  122.3   7.1    22   295    49   356    35   360 0.69 -
GH13_3.hmm           -            210 KW1-S21_52_cg212_1   -            527   3.4e-32  106.9   0.0   1   1   1.5e-33   9.3e-32  105.5   0.0     5   209    49   269    46   270 0.93 -
GH13_11.hmm          -            351 KW1-S21_52_cg212_1   -            527   3.1e-22   74.5   0.2   1   1   7.2e-23   4.6e-21   70.7   0.1     4   201    41   234    40   271 0.79 -
GH13_14.hmm          -            289 KW1-S21_52_cg212_1   -            527   1.3e-19   65.8   0.1   1   1     2e-20   1.3e-18   62.6   0.0     2   152    50   184    49   191 0.85 -
GT35.hmm             -            674 KW1-S21_52_cg212_2   -            560   1.1e-79  263.9   6.6   1   1     3e-67   1.9e-64  213.5   0.3   208   556   176   479   133   507 0.88 -
CE1.hmm              -            227 KW1-S21_52_cg215_2   -            390   3.8e-30  100.6   0.0   1   1     1e-32   6.5e-30   99.8   0.0     3   221   178   384   176   387 0.81 -
GT9.hmm              -            225 KW1-S21_52_cg220_3   -            400   1.8e-31  105.1   0.0   1   1   4.1e-34   2.6e-31  104.6   0.0     9   213   112   339   104   356 0.71 -
GH29.hmm             -            346 KW1-S21_52_cg224_4   -            452  2.6e-106  350.9   3.1   1   1  5.1e-109  3.3e-106  350.5   3.1    24   346    29   365     8   365 0.90 -
GH23.hmm             -            135 KW1-S21_52_cg227_2   -            505   8.1e-28   92.9   0.8   1   1   2.6e-30   1.7e-27   91.9   0.8    12   125   343   499   332   503 0.94 -
GH109.hmm            -            126 KW1-S21_52_cg241_4   -            466   2.7e-21   71.6   1.2   1   1   8.1e-24   5.2e-21   70.7   0.8     2   122    54   166    53   169 0.94 -
CE14.hmm             -            124 KW1-S21_52_cg241_7   -            442   2.3e-18   62.5   0.0   1   1   5.8e-21   3.7e-18   61.8   0.0     1   116    50   164    50   174 0.90 -
GT19.hmm             -            354 KW1-S21_52_cg247_2   -            369  1.5e-122  403.9   0.1   1   1  2.7e-125  1.7e-122  403.7   0.1     2   352     4   350     3   352 0.98 -
GH109.hmm            -            126 KW1-S21_52_cg250_3   -            459   1.2e-19   66.3   0.0   1   1     3e-22   1.9e-19   65.6   0.0     1   119    55   166    55   172 0.91 -
CBM48.hmm            -             76 KW1-S21_52_cg256_1   -            112   1.3e-15   53.0   0.0   1   1   2.6e-18   1.7e-15   52.7   0.0     2    55    40   109    39   112 0.87 -
GT20.hmm             -            475 KW1-S21_52_cg261_3   -            559  1.1e-181  599.7   0.0   1   1    2e-184  1.3e-181  599.5   0.0    14   475     3   461     1   461 0.97 -
GT51.hmm             -            177 KW1-S21_52_cg267_2   -            758   7.3e-56  183.7   0.0   1   1   1.7e-58   1.1e-55  183.2   0.0     2   177    59   246    58   246 0.92 -
AA3.hmm              -            618 KW1-S21_52_cg268_1   -            519   6.9e-41  135.6   0.0   1   1   3.9e-43   8.4e-41  135.3   0.0    90   410     6   511     1   517 0.73 -
GH65.hmm             -            372 KW1-S21_52_cg284_4   -            791  4.8e-141  465.3   2.5   1   1    1e-143  6.5e-141  464.8   2.5     1   371   334   720   334   721 0.99 -
GH109.hmm            -            126 KW1-S21_52_cg286_3   -            445   4.6e-25   83.8   1.0   1   1   2.3e-27   1.5e-24   82.1   0.1     3   123    41   157    39   160 0.96 -
CBM9.hmm             -            182 KW1-S21_52_cg290_1   -            439     2e-17   59.2   1.4   1   1   6.2e-20     4e-17   58.2   1.4     1   163    39   205    39   219 0.86 -
GH13_31.hmm          -            349 KW1-S21_52_cg315_4   -            563  5.4e-160  527.7   1.7   1   1    4e-161  7.9e-160  527.2   1.7     1   348    31   376    31   377 0.99 -
GH13_29.hmm          -            344 KW1-S21_52_cg315_4   -            563  7.6e-138  454.6   1.1   1   1  5.5e-139  1.1e-137  454.1   1.1     1   343    30   376    30   377 0.98 -
GH13_40.hmm          -            359 KW1-S21_52_cg315_4   -            563  2.3e-137  453.0   0.6   1   1  1.6e-138    3e-137  452.6   0.6     1   359    31   377    31   377 0.95 -
GH13_23.hmm          -            344 KW1-S21_52_cg315_4   -            563  3.1e-110  364.2   2.6   1   1  5.4e-111  1.1e-109  362.5   2.6     1   342    31   376    31   378 0.90 -
GH13_17.hmm          -            350 KW1-S21_52_cg315_4   -            563   3.2e-86  284.9   4.9   1   1   1.7e-86   3.2e-85  281.6   4.9     1   349    31   376    31   377 0.87 -
GH13_36.hmm          -            314 KW1-S21_52_cg315_4   -            563   9.6e-83  273.4   0.7   1   1   7.1e-84   1.4e-82  272.9   0.7     1   313    31   376    31   377 0.86 -
GH13_30.hmm          -            365 KW1-S21_52_cg315_4   -            563   1.9e-82  272.6   0.5   1   1     5e-83   9.8e-82  270.2   0.5     1   363    31   374    31   376 0.82 -
GH13.hmm             -            299 KW1-S21_52_cg315_4   -            563   2.2e-81  269.7   6.5   1   1   1.9e-82   3.6e-81  268.9   6.5    13   293    31   378    26   383 0.86 -
GH13_16.hmm          -            353 KW1-S21_52_cg315_4   -            563   4.3e-81  268.0   1.7   1   1     1e-75   1.9e-74  246.1   0.9     1   243    31   287    31   335 0.87 -
GH13_35.hmm          -            351 KW1-S21_52_cg315_4   -            563   1.6e-71  236.7   5.0   1   1   3.2e-64   6.3e-63  208.4   3.1     1   178    31   205    31   212 0.97 -
GH13_21.hmm          -            308 KW1-S21_52_cg315_4   -            563   3.9e-64  212.2   1.1   1   1   4.6e-65   8.9e-64  211.1   1.1     1   306    31   376    31   378 0.89 -
GH13_20.hmm          -            300 KW1-S21_52_cg315_4   -            563   1.3e-54  180.8   3.0   1   1     1e-45     2e-44  147.4   1.6     1   165    31   208    31   220 0.90 -
GH13_4.hmm           -            400 KW1-S21_52_cg315_4   -            563   2.7e-41  136.9   0.8   1   1   4.8e-38   9.2e-37  122.0   0.4     2   189    31   212    30   221 0.89 -
GH13_2.hmm           -            310 KW1-S21_52_cg315_4   -            563   1.3e-39  131.8   1.0   1   1   2.7e-38   5.2e-37  123.2   1.0     2   307    31   371    30   374 0.77 -
GH13_39.hmm          -            316 KW1-S21_52_cg315_4   -            563   2.1e-38  127.8   1.9   1   1   4.3e-31   8.3e-30   99.5   1.8     1   166    31   208    31   215 0.86 -
GH13_14.hmm          -            289 KW1-S21_52_cg315_4   -            563   1.4e-35  118.2   0.0   1   1   1.7e-36   3.2e-35  117.1   0.0     1   289    40   371    40   371 0.75 -
GH13_1.hmm           -            306 KW1-S21_52_cg315_4   -            563   4.4e-32  106.7   0.0   1   1   5.6e-33   1.1e-31  105.3   0.0     2   299    31   375    30   379 0.78 -
GH13_41.hmm          -            294 KW1-S21_52_cg315_4   -            563   1.8e-30  101.7   1.0   1   1   2.2e-21   4.3e-20   67.6   0.5     1   161    31   208    31   211 0.81 -
GH13_18.hmm          -            343 KW1-S21_52_cg315_4   -            563   6.1e-25   83.2   0.1   1   1   1.1e-25   2.1e-24   81.4   0.1     2   168    49   221    48   285 0.76 -
GH13_10.hmm          -            313 KW1-S21_52_cg315_4   -            563   2.6e-20   68.3   0.0   1   1   2.8e-20   5.4e-19   63.9   0.0     5   147    31   210    29   218 0.94 -
GH13_12.hmm          -            284 KW1-S21_52_cg315_4   -            563   1.2e-19   66.3   0.7   1   1   5.3e-18     1e-16   56.7   0.9     1   153    31   204    31   210 0.85 -
GH13_13.hmm          -            361 KW1-S21_52_cg315_4   -            563   1.6e-18   62.2   0.0   1   1   3.1e-15   6.1e-14   47.1   0.0    60   185    63   209    58   211 0.78 -
GH13_6.hmm           -            289 KW1-S21_52_cg315_4   -            563   2.3e-17   58.7   0.6   1   1   1.9e-18   3.8e-17   58.0   0.6     2   289    41   367    40   367 0.76 -
GH13_32.hmm          -            269 KW1-S21_52_cg315_4   -            563   3.6e-17   58.0   1.4   1   1   6.1e-18   1.2e-16   56.3   0.2     1   156    47   210    47   356 0.72 -
GH13_37.hmm          -            320 KW1-S21_52_cg315_4   -            563   1.2e-16   55.8   0.9   1   1   2.7e-16   5.2e-15   50.4   0.4     4   106    26   124    24   210 0.81 -
GH13_11.hmm          -            351 KW1-S21_52_cg315_4   -            563   2.3e-16   55.2   0.1   1   1   4.6e-15     9e-14   46.7   0.0     2   176    31   227    30   294 0.77 -
GH13_26.hmm          -            296 KW1-S21_52_cg315_4   -            563   2.8e-16   55.2   0.1   1   1   4.2e-17   8.2e-16   53.6   0.0     2    96    40   129    39   135 0.91 -
GH13_9.hmm           -            301 KW1-S21_52_cg315_4   -            563   5.4e-16   53.9   2.0   1   1     4e-16   7.7e-15   50.1   1.1     1   137    41   207    41   255 0.82 -
GH13_28.hmm          -            266 KW1-S21_52_cg315_4   -            563   1.8e-15   52.1   0.0   1   1   3.5e-16   6.9e-15   50.3   0.0     4   162    34   205    31   245 0.80 -
CE1.hmm              -            227 KW1-S21_52_cg319_2   -            235   2.8e-19   65.0   0.0   1   1   5.2e-22   3.3e-19   64.8   0.0    63   221    65   232    29   234 0.71 -
CE1.hmm              -            227 KW1-S21_52_cg319_3   -            291   9.3e-35  115.7   0.0   1   1   1.7e-37   1.1e-34  115.4   0.0     1   223    33   282    33   286 0.78 -
CE1.hmm              -            227 KW1-S21_52_cg329_1   -            611   7.4e-16   53.8   0.3   1   1   2.6e-18   1.7e-15   52.7   0.3     7   209   356   575   351   598 0.70 -
GT4.hmm              -            160 KW1-S21_52_cg339_4   -            370   9.7e-31  101.9   0.0   1   1   2.8e-33   1.8e-30  101.0   0.0     3   160   181   340   179   340 0.95 -
GH74.hmm             -            233 KW1-S21_52_cg340_2   -           1097     5e-56  185.0  20.3   1   2   8.7e-17   5.6e-14   47.4   2.6    42   125   121   207    98   217 0.77 -
GH74.hmm             -            233 KW1-S21_52_cg340_2   -           1097     5e-56  185.0  20.3   2   2   2.5e-17   1.6e-14   49.1   0.0    46   118   234   308   219   320 0.83 -
GT41.hmm             -            705 KW1-S21_52_cg342_3   -            208   6.1e-15   50.0   0.6   1   1   1.2e-17   7.8e-15   49.7   0.6    55   191    55   181    11   204 0.83 -
CBM9.hmm             -            182 KW1-S21_52_cg357_1   -            523   2.8e-20   68.5   2.8   1   1   1.1e-22   7.2e-20   67.1   2.8     1   148    44   199    44   223 0.84 -
GT2_Glycos_transf_2.hmm PF00535.25   170 KW1-S21_52_cg367_1   -            297   3.1e-22   74.5   0.0   1   1   1.3e-24     4e-22   74.1   0.0     1   133     5   146     5   182 0.77 Glycosyl transferase family 2
GT27.hmm                -            295 KW1-S21_52_cg367_1   -            297   7.7e-21   69.9   0.0   1   1   2.9e-23   9.2e-21   69.7   0.0     1   237     5   233     5   255 0.85 -
GT9.hmm              -            225 KW1-S21_52_cg390_4   -            353   4.3e-51  169.3   0.0   1   1   8.5e-54   5.4e-51  168.9   0.0     3   220    75   324    73   330 0.84 -
GT30.hmm             -            177 KW1-S21_52_cg390_5   -            439     1e-35  118.1   0.0   1   1   2.9e-38   1.9e-35  117.3   0.0     9   176    47   218    35   219 0.93 -
GT41.hmm             -            705 KW1-S21_52_cg391_2   -            341   2.6e-25   84.3   6.2   1   1   1.2e-15   7.4e-13   43.1   0.7    91   211    30   129    18   136 0.77 -
GH23.hmm             -            135 KW1-S21_52_cg394_6   -            284   9.4e-22   73.3   0.1   1   1   2.5e-24   1.6e-21   72.5   0.1    11   132   111   244   101   247 0.90 -
GT5.hmm              -            472 KW1-S21_52_cg400_6   -            271     2e-54  180.2   0.1   1   1   3.7e-57   2.4e-54  180.0   0.1     1   213     5   227     5   248 0.90 -
GT2_Glycos_transf_2.hmm PF00535.25   170 KW1-S21_52_cg403_2   -            271   6.8e-22   73.4   0.0   1   1   2.7e-24   1.7e-21   72.0   0.0     1   108     4   111     4   122 0.95 Glycosyl transferase family 2
GT2_Glycos_transf_2.hmm PF00535.25   170 KW1-S21_52_cg403_3   -            256   2.1e-21   71.8   0.1   1   1   5.4e-24   3.4e-21   71.1   0.1     3   102    10    99     8   151 0.83 Glycosyl transferase family 2
GT4.hmm              -            160 KW1-S21_52_cg407_2   -            363   2.4e-16   55.1   0.1   1   1     6e-19   3.8e-16   54.5   0.1     8   160   183   335   181   335 0.87 -
GT11.hmm             -            276 KW1-S21_52_cg407_3   -            298   6.3e-74  244.4   7.8   1   1   1.2e-76   7.8e-74  244.1   7.8     1   263     1   274     1   297 0.91 -
PL22.hmm             -            265 KW1-S21_52_cg412_4   -            304   7.3e-26   86.2   0.0   1   1   2.4e-18   1.5e-15   52.3   0.0    82   198    39   145    30   148 0.87 -
GH109.hmm            -            126 KW1-S21_52_cg414_2   -            445     2e-20   68.7   0.0   1   1     6e-23   3.9e-20   67.9   0.0     1   119    42   156    42   160 0.95 -
AA3.hmm              -            618 KW1-S21_52_cg455_1   -            400   1.4e-28   94.9   0.0   1   1   2.5e-31   1.6e-28   94.7   0.0    86   260     4   313     1   371 0.74 -
GT4.hmm              -            160 KW1-S21_52_cg462_6   -            335   2.3e-27   91.0   0.0   1   1   6.8e-30   4.3e-27   90.0   0.0     5   146   164   299   160   313 0.91 -
CE3.hmm              -            194 KW1-S21_52_cg467_3   -            229   5.2e-16   54.4   0.0   1   1   3.2e-18     2e-15   52.5   0.0    52   191    87   221    48   224 0.80 -
GH31.hmm             -            427 KW1-S21_52_cg471_1   -            559  2.3e-119  394.4   0.9   1   1  4.5e-122  2.9e-119  394.1   0.9     1   324   223   559   223   559 0.97 -
GH13_9.hmm           -            301 KW1-S21_52_cg485_1   -            526  6.7e-160  526.4   0.6   1   1  2.4e-161  9.5e-160  525.9   0.6     2   301    64   363    63   363 1.00 -
GH13_8.hmm           -            293 KW1-S21_52_cg485_1   -            526   5.3e-51  168.8   0.3   1   1   2.7e-52   1.1e-50  167.8   0.3     1   250    86   331    86   339 0.88 -
GH13.hmm             -            299 KW1-S21_52_cg485_1   -            526   1.1e-37  126.2   4.4   1   1   4.6e-39   1.8e-37  125.4   4.4    22   295    62   369    46   373 0.65 -
GH13_10.hmm          -            313 KW1-S21_52_cg485_1   -            526   2.5e-37  124.1   0.0   1   1     2e-36   7.9e-35  115.9   0.0    14   208    62   279    53   323 0.82 -
GH13_3.hmm           -            210 KW1-S21_52_cg485_1   -            526   1.1e-29   98.8   0.1   1   1     5e-31     2e-29   97.9   0.1     5   208    62   281    59   283 0.88 -
GH13_11.hmm          -            351 KW1-S21_52_cg485_1   -            526   1.7e-23   78.7   0.1   1   1     1e-24   4.1e-23   77.4   0.1     4   170    54   199    53   248 0.89 -
GH13_14.hmm          -            289 KW1-S21_52_cg485_1   -            526   4.5e-22   73.9   0.0   1   1   2.4e-23   9.8e-22   72.8   0.0     2   152    63   197    62   205 0.86 -
GH13_12.hmm          -            284 KW1-S21_52_cg485_1   -            526   6.6e-17   57.3   0.0   1   1   3.5e-18   1.4e-16   56.3   0.0    11   154    63   197    56   203 0.80 -
GH13_41.hmm          -            294 KW1-S21_52_cg485_1   -            526   1.7e-16   55.8   0.1   1   1   2.5e-17     1e-15   53.2   0.0    10   158    62   197    58   202 0.80 -
GH13_13.hmm          -            361 KW1-S21_52_cg485_1   -            526   4.9e-15   50.7   0.1   1   1   4.6e-15   1.9e-13   45.5   0.1    59   182    85   198    82   201 0.87 -
GH57.hmm             -            383 KW1-S21_52_cg485_2   -            629   4.8e-61  202.2   0.2   1   1   1.1e-63   7.1e-61  201.7   0.2    13   301    40   334     5   359 0.80 -
CE10.hmm             -            341 KW1-S21_52_cg493_4   -            397   6.1e-25   83.8   0.2   1   1   2.7e-27   8.7e-25   83.3   0.2    93   313   140   356    92   370 0.77 -
CE1.hmm              -            227 KW1-S21_52_cg493_4   -            397   2.2e-17   58.8   0.5   1   1   2.3e-19   7.2e-17   57.2   0.2    12   218   133   362   126   368 0.74 -
GT2_Glyco_tranf_2_3.hmm PF13641.5    230 KW1-S21_52_cg512_4   -            490   4.6e-27   90.7   0.0   1   1   3.1e-29   6.6e-27   90.2   0.0     1   208    52   260    52   292 0.83 Glycosyltransferase like family 2
GT2_Glycos_transf_2.hmm PF00535.25   170 KW1-S21_52_cg512_4   -            490   5.9e-25   83.3   0.0   1   1   4.4e-27   9.3e-25   82.7   0.0     3   147    57   206    55   227 0.82 Glycosyl transferase family 2
GT2_Glyco_trans_2_3.hmm PF13632.5    197 KW1-S21_52_cg512_4   -            490   8.5e-22   73.3   0.4   1   1     4e-24   8.5e-22   73.3   0.4     2   186   142   344   141   365 0.82 Glycosyl transferase family group 2
GT2_Glycos_transf_2.hmm PF00535.25   170 KW1-S21_52_cg525_4   -            285   3.4e-32  106.9   0.1   1   1     2e-34   1.3e-31  105.0   0.1     1   164     4   163     4   167 0.94 Glycosyl transferase family 2
AA3.hmm              -            618 KW1-S21_52_cg533_2   -            540     5e-44  145.9   0.0   1   1   3.9e-46   6.2e-44  145.6   0.0    87   408     6   537     2   539 0.68 -
GT83.hmm             -            540 KW1-S21_52_cg535_2   -            519   4.8e-26   86.6  43.7   1   1     1e-28   6.4e-26   86.2  43.7    13   366    18   354     6   377 0.77 -
GT41.hmm             -            705 KW1-S21_52_cg540_13  -            199   6.8e-16   53.2   0.2   1   1   1.8e-17   1.1e-14   49.1   0.2    50   223    19   172     3   192 0.83 -
GT2_Glycos_transf_2.hmm PF00535.25   170 KW1-S21_52_cg551_4   -            330   1.8e-29   98.0   0.0   1   1   7.9e-32   2.5e-29   97.5   0.0     1   133     5   146     5   179 0.83 Glycosyl transferase family 2
GT2_Glyco_tranf_2_3.hmm PF13641.5    230 KW1-S21_52_cg551_4   -            330   8.8e-19   63.6   0.0   1   1   9.8e-21   3.1e-18   61.8   0.0     3   224     3   218     2   223 0.81 Glycosyltransferase like family 2
GT2_Glycos_transf_2.hmm PF00535.25   170 KW1-S21_52_cg551_5   -            324   9.2e-32  105.5   0.0   1   1   1.9e-34   1.2e-31  105.1   0.0     1   167     8   169     8   172 0.91 Glycosyl transferase family 2
GT28.hmm             -            157 KW1-S21_52_cg553_2   -            380   5.5e-48  158.0   0.3   1   1   1.9e-50   1.2e-47  156.9   0.1     1   157   206   366   206   366 0.96 -
AA3.hmm              -            618 KW1-S21_52_cg562_3   -            564   1.4e-50  167.6   0.0   1   1   1.1e-52   1.7e-50  167.3   0.0    85   403     4   560     1   562 0.76 -
AA3_2.hmm            -            568 KW1-S21_52_cg562_3   -            564   8.9e-23   76.0   0.0   1   1   7.7e-16   1.2e-13   45.8   0.0     2   278     8   311     7   313 0.80 -
AA3_4.hmm            -            549 KW1-S21_52_cg562_3   -            564     1e-16   56.0   0.0   1   1   9.1e-16   1.5e-13   45.6   0.0   411   548   422   557   417   558 0.92 -
GT2_Glycos_transf_2.hmm PF00535.25   170 KW1-S21_52_cg570_8   -            381   3.4e-23   77.6   0.3   1   1   2.1e-25   6.9e-23   76.6   0.0     1   132    45   181    45   219 0.75 Glycosyl transferase family 2
GT2_Glyco_tranf_2_3.hmm PF13641.5    230 KW1-S21_52_cg570_8   -            381   5.6e-17   57.7   0.0   1   1   3.1e-19     1e-16   56.8   0.0     3   228    43   276    42   277 0.87 Glycosyltransferase like family 2
CE4.hmm              -            130 KW1-S21_52_cg570_10  -            210   2.6e-29   97.4   0.0   1   1   6.2e-32     4e-29   96.7   0.0     6   117    23   137    18   141 0.92 -
GT21.hmm                -            233 KW1-S21_52_cg570_11  -            366   1.6e-16   55.8   0.0   1   1     1e-18   2.2e-16   55.3   0.0     1   231    41   269    41   270 0.86 -
GT2_Glycos_transf_2.hmm PF00535.25   170 KW1-S21_52_cg570_11  -            366   2.8e-16   55.1   0.0   1   1   1.8e-18   3.8e-16   54.7   0.0     1   130    44   176    44   213 0.75 Glycosyl transferase family 2
GT2_Glyco_tranf_2_3.hmm PF13641.5    230 KW1-S21_52_cg570_11  -            366   6.6e-16   54.2   0.0   1   1   4.9e-18     1e-15   53.5   0.0     1   228    41   268    41   270 0.87 Glycosyltransferase like family 2
GH2.hmm              -            752 KW1-S21_52_cg585_3   -            336   7.5e-34  112.5  10.5   1   2   1.9e-19   4.1e-17   57.2   3.0    27   140    28   156    17   178 0.78 -
GH2.hmm              -            752 KW1-S21_52_cg585_3   -            336   7.5e-34  112.5  10.5   2   2   2.2e-20   4.7e-18   60.3   0.9    24   160   175   315   165   335 0.73 -
#
# Program:         hmmscan
# Version:         3.3.1 (Jul 2020)
# Pipeline mode:   SCAN
# Query file:      /beegfs/home/lxd/2_sea_metagenomics/6.metabat2/bins_redup_refinem_drep/derep_70_10/derepbins_prodigal/KW1-S21_52.proteins.faa
# Target file:     /beegfs/home/lxd/4_salt_metagenomics/tools/CAZy/dbCAN-HMMdb-V8.txt
# Option settings: hmmscan --tblout KW1-S21_52.tbl --domtblout KW1-S21_52_dom.tbl --acc --noali --notextw -E 1e-14 --domE 1e-14 --cpu 30 /beegfs/home/lxd/4_salt_metagenomics/tools/CAZy/dbCAN-HMMdb-V8.txt /beegfs/home/lxd/2_sea_metagenomics/6.metabat2/bins_redup_refinem_drep/derep_70_10/derepbins_prodigal/KW1-S21_52.proteins.faa 
# Current dir:     /beegfs/home/lxd/2_sea_metagenomics/6.metabat2/bins_redup_refinem_drep/derep_70_10/derepbins_cazy
# Date:            Thu Mar  4 19:29:23 2021
# [ok]
