#                                                                            --- full sequence --- -------------- this domain -------------   hmm coord   ali coord   env coord
# target name        accession   tlen query name           accession   qlen   E-value  score  bias   #  of  c-Evalue  i-Evalue  score  bias  from    to  from    to  from    to  acc description of target
#------------------- ---------- ----- -------------------- ---------- ----- --------- ------ ----- --- --- --------- --------- ------ ----- ----- ----- ----- ----- ----- ----- ---- ---------------------
GH20.hmm             -            337 KW1-S11_190_cg1_8    -            771    2e-124  410.6   0.0   1   1  4.2e-127  2.7e-124  410.2   0.0     8   336   148   497   141   498 0.95 -
AA7.hmm              -            458 KW1-S11_190_cg20_9   -            541   2.9e-20   68.6   0.7   1   1   3.2e-19   2.1e-16   55.9   4.3    14   146    34   169    29   178 0.90 -
PL22.hmm             -            265 KW1-S11_190_cg20_24  -            593   2.4e-16   55.0   0.0   1   1   5.5e-15   3.5e-12   41.3   0.0   138   202   400   463   395   465 0.94 -
CE1.hmm              -            227 KW1-S11_190_cg27_2   -            277   2.8e-28   94.5   0.2   1   1   6.4e-31   4.1e-28   93.9   0.2     3   211    55   248    53   257 0.84 -
GT30.hmm             -            177 KW1-S11_190_cg35_2   -            426   1.3e-34  114.5   0.1   1   1     3e-37     2e-34  113.9   0.1    10   175    44   207    25   208 0.92 -
GT51.hmm             -            177 KW1-S11_190_cg36_1   -            667   4.4e-62  204.0   0.0   1   1   1.4e-64   9.1e-62  203.0   0.0     1   176    20   199    20   200 0.96 -
GH3.hmm              -            216 KW1-S11_190_cg38_4   -            467   1.4e-63  209.6   0.0   1   1   3.1e-66     2e-63  209.1   0.0     4   215   105   331   102   332 0.96 -
GT90.hmm             -            250 KW1-S11_190_cg42_6   -            288   4.9e-20   67.5   0.0   1   1   1.2e-22   7.4e-20   66.9   0.0    36   233    64   267    35   273 0.73 -
GT2_Glycos_transf_2.hmm PF00535.25   170 KW1-S11_190_cg49_7   -            351   1.8e-27   91.5   0.0   1   1   7.4e-30   2.4e-27   91.1   0.0     1   122    23   139    23   180 0.94 Glycosyl transferase family 2
GT81.hmm                -            293 KW1-S11_190_cg49_7   -            351   2.3e-15   51.5   0.0   1   1     1e-17   3.3e-15   51.0   0.0    11   147    10   132     3   147 0.85 -
GH23.hmm             -            135 KW1-S11_190_cg55_3   -            805   1.4e-25   85.6   3.5   1   1   2.8e-28   1.8e-25   85.3   0.1    11   120   666   794   659   800 0.88 -
GT9.hmm              -            225 KW1-S11_190_cg61_13  -            359   7.2e-53  175.1   0.8   1   1   1.5e-55   9.8e-53  174.6   0.8     3   221    88   325    86   333 0.82 -
GT2_Glycos_transf_2.hmm PF00535.25   170 KW1-S11_190_cg72_5   -            316   8.5e-27   89.3   0.2   1   1   2.4e-29   1.5e-26   88.5   0.1     1   117    12   130    12   166 0.94 Glycosyl transferase family 2
GT4.hmm              -            160 KW1-S11_190_cg72_6   -            382   2.1e-27   91.1   0.0   1   1     5e-30   3.2e-27   90.5   0.0    12   154   204   346   197   352 0.94 -
CE10.hmm             -            341 KW1-S11_190_cg85_4   -            665   1.5e-24   82.5   0.5   1   1   4.4e-27   2.8e-24   81.6   0.5    71   313   409   639   397   645 0.88 -
GT41.hmm             -            705 KW1-S11_190_cg85_10  -            275   1.8e-21   71.6  13.2   1   1   1.1e-19   7.3e-17   56.4   2.6   104   191   150   236    47   237 0.83 -
GH94.hmm             -           1036 KW1-S11_190_cg87_1   -           2035         0 1504.5   0.0   1   2   6.3e-43     2e-40  133.7   0.0   283   421   781   921   761   962 0.88 -
GH94.hmm             -           1036 KW1-S11_190_cg87_1   -           2035         0 1504.5   0.0   2   2         0         0 1368.9   0.0     1  1009   974  2034   974  2035 0.99 -
GT84.hmm             -            215 KW1-S11_190_cg87_1   -           2035  9.9e-100  327.5   0.0   1   1    5e-102   1.6e-99  326.8   0.0     1   215   520   734   520   734 0.99 -
CE10.hmm             -            341 KW1-S11_190_cg107_3  -            281   9.3e-16   53.6   0.0   1   1   1.8e-18   1.2e-15   53.3   0.0    84   337    22   279     5   280 0.78 -
GT41.hmm             -            705 KW1-S11_190_cg114_4  -            361   4.7e-25   83.5   0.1   1   1   9.2e-18   5.9e-15   50.1   0.0    60   191    98   219    87   222 0.90 -
GH23.hmm             -            135 KW1-S11_190_cg123_1  -            561   8.8e-22   73.4   0.3   1   1   2.8e-24   1.8e-21   72.4   0.3    14   123   390   541   379   551 0.90 -
GT41.hmm             -            705 KW1-S11_190_cg128_2  -           1219   7.1e-30   99.4  15.2   1   1   2.5e-16   1.6e-13   45.3   0.1    62   197   649   779   641   781 0.89 -
GH109.hmm            -            126 KW1-S11_190_cg133_2  -            456   2.6e-45  149.2   0.2   1   1   6.3e-48     4e-45  148.6   0.2     1   125    58   182    58   183 0.99 -
CE14.hmm             -            124 KW1-S11_190_cg146_4  -            900   1.5e-19   66.3   0.0   1   1   1.3e-21     8e-19   63.9   0.0     1   116    53   167    53   177 0.91 -
CE10.hmm             -            341 KW1-S11_190_cg163_2  -            757   2.9e-15   52.0   1.5   1   1   7.6e-18   4.9e-15   51.3   1.5    54   310   483   727   441   742 0.77 -
GT4.hmm              -            160 KW1-S11_190_cg164_4  -            394   1.4e-29   98.1   0.0   1   1   6.3e-32     2e-29   97.6   0.0     7   157   215   359   211   362 0.93 -
GT5.hmm              -            472 KW1-S11_190_cg164_4  -            394   7.3e-17   56.4   0.0   1   1   3.9e-16   1.2e-13   45.8   0.0   287   470   213   385   192   387 0.86 -
GH3.hmm              -            216 KW1-S11_190_cg174_2  -            469   5.2e-56  184.9   0.1   1   1   1.2e-58   7.5e-56  184.4   0.1     9   215    60   278    56   279 0.94 -
GT4.hmm              -            160 KW1-S11_190_cg203_6  -            203   4.3e-31  103.0   0.0   1   1   1.8e-33   5.8e-31  102.6   0.0     9   152    29   168    24   174 0.94 -
GT5.hmm              -            472 KW1-S11_190_cg203_6  -            203   4.7e-20   66.9   0.0   1   1   1.7e-22   5.4e-20   66.7   0.0   273   470    13   197     4   199 0.86 -
GT4.hmm              -            160 KW1-S11_190_cg205_2  -            328   6.2e-17   57.0   0.0   1   1   1.4e-19   9.3e-17   56.5   0.0    20   148   150   268   135   278 0.83 -
GT2_Glycos_transf_2.hmm PF00535.25   170 KW1-S11_190_cg210_7  -            268   1.1e-21   72.6   0.0   1   1   2.5e-24   1.6e-21   72.2   0.0     2   149     4   155     3   173 0.88 Glycosyl transferase family 2
CE11.hmm             -            271 KW1-S11_190_cg214_8  -            424   1.9e-91  301.4   0.0   1   1   3.9e-94   2.5e-91  301.0   0.0     3   270     5   271     3   272 0.99 -
GT19.hmm             -            354 KW1-S11_190_cg214_11 -            377  8.2e-109  358.7   0.0   1   1  1.5e-111  9.3e-109  358.5   0.0     1   352     9   355     9   357 0.95 -
GH73.hmm             -            128 KW1-S11_190_cg215_4  -            291   3.2e-20   68.2   0.0   1   1   1.5e-22   9.5e-20   66.7   0.0     9   128   143   271   140   271 0.79 -
GT4.hmm              -            160 KW1-S11_190_cg217_4  -            203   2.2e-42  139.8   0.0   1   1   8.8e-45   2.8e-42  139.4   0.0     6   157    23   171    20   175 0.97 -
GT5.hmm              -            472 KW1-S11_190_cg217_4  -            203   1.3e-21   72.0   0.0   1   1   4.8e-24   1.5e-21   71.8   0.0   294   471    28   197    14   198 0.83 -
CE10.hmm             -            341 KW1-S11_190_cg218_4  -            200   5.5e-19   64.2   0.0   1   1     1e-21   6.7e-19   64.0   0.0   129   317     1   182     1   195 0.86 -
GT30.hmm             -            177 KW1-S11_190_cg242_2  -            445     5e-37  122.4   0.0   1   1   2.9e-39   1.9e-36  120.5   0.0     9   175    48   215    33   217 0.93 -
GT41.hmm             -            705 KW1-S11_190_cg259_6  -            268   1.2e-20   68.8   4.0   1   1   2.2e-17   1.4e-14   48.8   2.4    30   191    79   230    67   233 0.86 -
GT83.hmm             -            540 KW1-S11_190_cg275_2  -            455   1.2e-31  105.1  70.6   1   1   2.5e-34   1.6e-31  104.7  70.6     7   366    12   353     8   397 0.74 -
CBM9.hmm             -            182 KW1-S11_190_cg290_1  -            222   3.2e-20   68.3   0.1   1   1   5.9e-23   3.8e-20   68.1   0.1     1   157    38   209    38   221 0.84 -
GT83.hmm             -            540 KW1-S11_190_cg293_4  -            501   6.3e-24   79.7  33.7   1   1   1.2e-26   7.9e-24   79.3  33.7    71   366     1   281     1   327 0.74 -
AA3.hmm              -            618 KW1-S11_190_cg294_4  -            543   5.9e-48  158.9   0.0   1   1   3.3e-50     7e-48  158.7   0.0   104   402     2   538     1   541 0.81 -
AA3_4.hmm            -            549 KW1-S11_190_cg294_4  -            543   1.1e-18   62.5   0.0   1   1   7.9e-18   1.7e-15   52.0   0.0   412   547   396   535   388   537 0.90 -
GT2_Glycos_transf_2.hmm PF00535.25   170 KW1-S11_190_cg302_2  -            243   1.4e-33  111.4   0.0   1   1   6.6e-36   2.1e-33  110.8   0.0     2   168     7   173     6   175 0.97 Glycosyl transferase family 2
GT2_Glyco_tranf_2_3.hmm PF13641.5    230 KW1-S11_190_cg302_2  -            243   3.1e-16   55.3   0.1   1   1   1.1e-18   3.6e-16   55.0   0.1     3   216     4   216     2   240 0.78 Glycosyltransferase like family 2
PL14.hmm             -            200 KW1-S11_190_cg324_1  -            407   9.6e-30   98.9   0.7   1   1   3.9e-32   1.3e-29   98.5   0.1     5   197    84   275    82   278 0.84 -
PL14_3.hmm           -            190 KW1-S11_190_cg324_1  -            407   2.2e-29   97.7   0.2   1   1     1e-31   3.4e-29   97.1   0.2    21   176   103   266    83   275 0.81 -
PL14.hmm             -            200 KW1-S11_190_cg324_2  -            807   7.2e-33  109.1   5.6   1   1   3.7e-35   1.2e-32  108.4   5.6     7   198    80   270    76   272 0.90 -
PL14_3.hmm           -            190 KW1-S11_190_cg324_2  -            807   1.4e-30  101.6   3.8   1   1   7.1e-33   2.3e-30  100.9   3.8     5   189    81   269    77   270 0.83 -
GH38.hmm             -            269 KW1-S11_190_cg328_6  -            930   9.7e-67  220.6   0.0   1   1   2.4e-69   1.5e-66  219.9   0.0     2   252    12   277    11   289 0.91 -
AA5.hmm              -           1281 KW1-S11_190_cg333_2  -            514  5.5e-110  364.0  11.7   1   1  3.3e-112    7e-110  363.6  11.7   548  1036    26   463     5   479 0.91 -
AA5_2.hmm            -            588 KW1-S11_190_cg333_2  -            514   1.4e-55  184.2   0.4   1   1   7.6e-57   1.6e-54  180.7   0.5   164   588    77   453    17   453 0.85 -
AA5_1.hmm            -            563 KW1-S11_190_cg333_2  -            514   1.7e-31  104.3   3.7   1   1   2.3e-22   4.8e-20   66.4   0.1   368   552   308   472   301   481 0.84 -
CE1.hmm              -            227 KW1-S11_190_cg340_3  -            409   2.9e-28   94.5   0.0   1   1   6.6e-31   4.3e-28   93.9   0.0     1   221    55   293    55   298 0.76 -
AA1.hmm              -            943 KW1-S11_190_cg344_1  -            318     9e-15   49.2   0.1   1   1   1.7e-17   1.1e-14   49.0   0.1   445   506   257   317   220   318 0.90 -
GT2_Glycos_transf_2.hmm PF00535.25   170 KW1-S11_190_cg345_2  -            260   3.7e-18   61.2   0.0   1   1   7.7e-21     5e-18   60.8   0.0     1   129    14   144    14   174 0.88 Glycosyl transferase family 2
GT2_Glycos_transf_2.hmm PF00535.25   170 KW1-S11_190_cg345_8  -            306   5.4e-30   99.7   0.0   1   1   2.3e-32   7.4e-30   99.3   0.0     1   168    26   183    26   185 0.95 Glycosyl transferase family 2
GT81.hmm                -            293 KW1-S11_190_cg345_8  -            306   5.9e-16   53.5   0.1   1   1   2.7e-18   8.8e-16   52.9   0.1    19   132    21   123     3   132 0.84 -
PL12.hmm             -            138 KW1-S11_190_cg352_5  -            909   3.9e-18   61.4   0.0   1   1   1.1e-20   7.1e-18   60.5   0.0     2   104   410   501   409   525 0.85 -
GT28.hmm             -            157 KW1-S11_190_cg354_2  -            364   1.6e-49  163.0   0.1   1   1   4.1e-52   2.6e-49  162.3   0.0     1   157   192   350   192   350 0.97 -
GT4.hmm              -            160 KW1-S11_190_cg392_9  -            390   1.1e-37  124.4   0.0   1   1   7.8e-40   2.5e-37  123.3   0.0     6   157   205   351   201   354 0.95 -
GT5.hmm              -            472 KW1-S11_190_cg392_9  -            390   1.2e-21   72.2   0.0   1   1   2.5e-19     8e-17   56.3   0.0   284   437   202   344   187   361 0.89 -
GT2_Glyco_tranf_2_3.hmm PF13641.5    230 KW1-S11_190_cg392_13 -            385   1.9e-26   88.7   0.2   1   1   1.2e-28   2.5e-26   88.3   0.2     2   204    39   244    38   257 0.87 Glycosyltransferase like family 2
GT2_Glycos_transf_2.hmm PF00535.25   170 KW1-S11_190_cg392_13 -            385   7.2e-25   83.0   0.0   1   1   4.7e-27     1e-24   82.6   0.0     1   116    41   159    41   214 0.89 Glycosyl transferase family 2
GT21.hmm                -            233 KW1-S11_190_cg392_13 -            385   1.1e-17   59.6   0.0   1   1   7.1e-20   1.5e-17   59.2   0.0     1   204    38   242    38   256 0.87 -
GT4.hmm              -            160 KW1-S11_190_cg403_13 -            379   3.6e-41  135.8   0.0   1   1   1.8e-43   5.6e-41  135.2   0.0     6   158   200   349   197   351 0.97 -
GT5.hmm              -            472 KW1-S11_190_cg403_13 -            379   7.6e-26   86.0   0.0   1   1   1.4e-25   4.6e-23   76.8   0.0   197   471   137   374    91   375 0.78 -
GT4.hmm              -            160 KW1-S11_190_cg404_1  -            202   3.1e-25   84.0   0.0   1   1   6.1e-28   3.9e-25   83.7   0.0    22   157    26   162    10   165 0.86 -
GT4.hmm              -            160 KW1-S11_190_cg404_2  -            375   2.9e-30  100.4   0.0   1   1   2.1e-32   6.8e-30   99.1   0.0     8   145   190   323   187   333 0.95 -
GT5.hmm              -            472 KW1-S11_190_cg404_2  -            375   4.9e-18   60.3   0.0   1   1   2.8e-20   8.9e-18   59.4   0.0   291   471   190   361   127   362 0.90 -
GT4.hmm              -            160 KW1-S11_190_cg430_14 -            338   2.5e-38  126.6   0.0   1   1   1.1e-40   3.5e-38  126.1   0.0     7   159   156   308   153   309 0.97 -
GT5.hmm              -            472 KW1-S11_190_cg430_14 -            338   1.6e-15   52.0   0.0   1   1   6.4e-18   2.1e-15   51.6   0.0   293   470   159   331   149   333 0.84 -
AA1.hmm              -            943 KW1-S11_190_cg452_1  -            445     1e-22   75.5  13.9   1   1   2.7e-17   1.7e-14   48.3   7.9   453   540   208   308   181   313 0.79 -
GT41.hmm             -            705 KW1-S11_190_cg453_7  -            892   1.7e-59  197.3  24.5   1   3   2.2e-17   1.4e-14   48.8   5.2    42   191    86   225    69   289 0.80 -
GT41.hmm             -            705 KW1-S11_190_cg453_7  -            892   1.7e-59  197.3  24.5   2   3   3.7e-16   2.4e-13   44.8   0.6    79   191   255   390   241   395 0.86 -
GT41.hmm             -            705 KW1-S11_190_cg453_7  -            892   1.7e-59  197.3  24.5   3   3     2e-15   1.3e-12   42.4   0.3    68   191   379   492   378   505 0.93 -
GT4.hmm              -            160 KW1-S11_190_cg472_2  -            375   1.7e-29   97.9   0.0   1   1   4.3e-32   2.8e-29   97.2   0.0     7   157   186   336   182   339 0.95 -
GT4.hmm              -            160 KW1-S11_190_cg472_3  -            362   6.4e-36  118.7   0.0   1   1   5.2e-38   1.1e-35  118.0   0.0    13   160   186   332   180   332 0.97 -
GT94.hmm             -            283 KW1-S11_190_cg472_3  -            362   1.2e-19   65.6   0.4   1   1   7.5e-21   1.6e-18   61.9   0.2    28   220    96   289    85   304 0.79 -
GT5.hmm              -            472 KW1-S11_190_cg472_3  -            362   1.2e-18   62.3   0.1   1   1   1.8e-17   3.9e-15   50.7   0.0   295   472   185   357   170   357 0.81 -
GT2_Glycos_transf_2.hmm PF00535.25   170 KW1-S11_190_cg482_6  -            245   9.9e-35  115.1   0.0   1   1   4.3e-37   1.4e-34  114.7   0.0     1   163    16   173    16   179 0.95 Glycosyl transferase family 2
GT81.hmm                -            293 KW1-S11_190_cg482_6  -            245   2.8e-17   57.8   0.0   1   1   1.2e-19   3.9e-17   57.3   0.0    22   140    14   121     9   138 0.88 -
AA3.hmm              -            618 KW1-S11_190_cg487_5  -            562   3.1e-48  159.8   0.0   1   1   1.8e-50   3.8e-48  159.5   0.0    86   401     2   556     1   560 0.77 -
GT9.hmm              -            225 KW1-S11_190_cg490_2  -            342   7.7e-41  135.7   0.3   1   1   3.5e-43   2.2e-40  134.2   0.5     5   214    74   318    71   329 0.78 -
GT22.hmm             -            389 KW1-S11_190_cg500_3  -            361   3.9e-24   80.8  21.0   1   1   7.5e-27   4.8e-24   80.5  21.0   118   340     7   229     4   264 0.80 -
GT2_Glycos_transf_2.hmm PF00535.25   170 KW1-S11_190_cg502_2  -            240   4.2e-32  106.6   0.0   1   1     8e-35   5.1e-32  106.3   0.0     2   168     7   170     6   172 0.96 Glycosyl transferase family 2
AA4.hmm              -            522 KW1-S11_190_cg509_5  -            472   8.7e-17   56.2   0.0   1   1   2.3e-16   7.3e-14   46.5   0.0    17   257     5   235     2   251 0.83 -
AA7.hmm              -            458 KW1-S11_190_cg509_5  -            472   1.9e-16   56.0   5.4   1   1   3.5e-18   1.1e-15   53.5   6.4    12   201    37   234    32   326 0.88 -
CE14.hmm             -            124 KW1-S11_190_cg511_4  -            239   3.9e-24   81.1   0.5   1   1   1.1e-26   6.7e-24   80.3   0.5     1   124     6   111     6   111 0.98 -
#
# Program:         hmmscan
# Version:         3.3.1 (Jul 2020)
# Pipeline mode:   SCAN
# Query file:      /beegfs/home/lxd/2_sea_metagenomics/6.metabat2/bins_redup_refinem_drep/derep_70_10/derepbins_prodigal/KW1-S11_190.proteins.faa
# Target file:     /beegfs/home/lxd/4_salt_metagenomics/tools/CAZy/dbCAN-HMMdb-V8.txt
# Option settings: hmmscan --tblout KW1-S11_190.tbl --domtblout KW1-S11_190_dom.tbl --acc --noali --notextw -E 1e-14 --domE 1e-14 --cpu 30 /beegfs/home/lxd/4_salt_metagenomics/tools/CAZy/dbCAN-HMMdb-V8.txt /beegfs/home/lxd/2_sea_metagenomics/6.metabat2/bins_redup_refinem_drep/derep_70_10/derepbins_prodigal/KW1-S11_190.proteins.faa 
# Current dir:     /beegfs/home/lxd/2_sea_metagenomics/6.metabat2/bins_redup_refinem_drep/derep_70_10/derepbins_cazy
# Date:            Thu Mar  4 14:56:42 2021
# [ok]
